% fevals/dim | frac | F - F_opt (-51.91) | best fitness | fevals
0.05 0.0 9934310.065323807 9934258.155323807 1
2.7 0.0 2997170.87959903 2997118.96959903 54
7.35 0.0 2653489.160471626 2653437.250471626 147
15.2 0.0 1991783.2119499063 1991731.3019499064 304
18.85 0.0 1939500.7404188407 1939448.8304188407 377
27.5 0.0 1583649.5169329455 1583597.6069329455 550
32.95 0.0 1186150.2699229263 1186098.3599229264 659
42.05 0.0 852033.592696278 851981.682696278 841
128.75 0.0 790878.9319383948 790827.0219383948 2575
167.8 0.0 571525.1325117957 571473.2225117957 3356
349.0 0.0 243086.98709413447 243035.07709413447 6980
