% fevals/dim | frac | F - F_opt (-48.6) | best fitness | fevals
0.05 0.18032786885245902 73.01293272394747 24.41293272394747 1
0.05 0.18032786885245902 73.01293272394747 24.41293272394747 1
11.25 0.18032786885245902 72.42757923367719 23.82757923367719 225
46.9 0.18032786885245902 71.26863617762001 22.66863617762001 938
58.9 0.18032786885245902 65.28471376928965 16.68471376928965 1178
204.3 0.19672131147540983 62.20617711328174 13.606177113281738 4086
406.8 0.19672131147540983 59.233794669885306 10.633794669885305 8136
461.55 0.19672131147540983 54.21144795800254 5.611447958002536 9231
470.25 0.19672131147540983 42.53007557154349 -6.06992442845651 9405
