% fevals/dim | frac | F - F_opt (-136.76) | best fitness | fevals
0.05 0.0 18319.617419137103 18182.857419137104 1
0.05 0.0 18319.617419137103 18182.857419137104 1
9.05 0.0 11961.513084765116 11824.753084765116 181
11.3 0.01639344262295082 7291.205895332773 7154.445895332773 226
18.8 0.03278688524590164 5630.118240748999 5493.3582407489985 376
30.05 0.04918032786885246 2513.4684810909293 2376.708481090929 601
39.25 0.08196721311475409 1297.9033651153939 1161.1433651153939 785
45.7 0.08196721311475409 1048.8194016672567 912.0594016672567 914
52.7 0.14754098360655737 181.64859207604533 44.88859207604534 1054
61.4 0.2786885245901639 4.543903211530903 -132.2160967884691 1228
68.9 0.2786885245901639 4.485217150676817 -132.27478284932317 1378
98.5 0.2786885245901639 4.461482238815421 -132.29851776118457 1970
102.6 0.29508196721311475 3.7350863232140057 -133.02491367678599 2052
133.75 0.29508196721311475 3.6858152236453066 -133.07418477635468 2675
138.8 0.29508196721311475 3.5845402785629688 -133.17545972143702 2776
143.7 0.29508196721311475 3.523483023279198 -133.2365169767208 2874
150.05 0.29508196721311475 3.394281258297127 -133.36571874170286 3001
185.15 0.29508196721311475 3.3704872089265905 -133.3895127910734 3703
196.05 0.29508196721311475 3.26098289312489 -133.4990171068751 3921
217.5 0.29508196721311475 3.0937365301427917 -133.6662634698572 4350
228.75 0.29508196721311475 3.0168246222063715 -133.74317537779362 4575
288.55 0.29508196721311475 2.9547568358714216 -133.80524316412857 5771
344.95 0.29508196721311475 2.8870702939075272 -133.87292970609246 6899
408.15 0.29508196721311475 2.8539924118246915 -133.9060075881753 8163
472.65 0.29508196721311475 2.8289929409691013 -133.9310070590309 9453
477.3 0.29508196721311475 2.8089351120518415 -133.95106488794815 9546
