% fevals/dim | frac | F - F_opt (-51.91) | best fitness | fevals
0.05 0.0 9934310.065323807 9934258.155323807 1
6.35 0.0 1773450.1854464558 1773398.275446456 127
22.7 0.0 1120199.6923309518 1120147.782330952 454
25.15 0.0 872877.6182886027 872825.7082886026 503
34.75 0.0 447172.92323700996 447121.01323701 695
71.8 0.0 403932.705064185 403880.79506418505 1436
84.85 0.0 331513.09777622466 331461.1877762247 1697
129.05 0.0 215213.39968541014 215161.48968541014 2581
155.9 0.0 207869.46097144677 207817.55097144676 3118
171.3 0.0 190508.26545706947 190456.35545706947 3426
184.45 0.0 169639.0825666665 169587.1725666665 3689
215.4 0.0 155528.91772777576 155477.00772777575 4308
250.0 0.0 148115.55281968243 148063.64281968243 5000
381.3 0.0 126859.28950652023 126807.37950652023 7626
410.75 0.0 125242.67079089029 125190.76079089029 8215
