% fevals/dim | frac | F - F_opt (92.94) | best fitness | fevals
0.05 0.06557377049180328 1756.5747510805509 1849.514751080551 1
1.75 0.09836065573770492 920.3779897011477 1013.3179897011478 35
7.75 0.09836065573770492 801.5032099686186 894.4432099686187 155
11.7 0.09836065573770492 727.1818037632943 820.1218037632943 234
17.15 0.13114754098360656 338.98775670096495 431.92775670096495 343
24.05 0.13114754098360656 260.4372454931934 353.3772454931934 481
35.95 0.16393442622950818 145.52098854655762 238.46098854655762 719
56.05 0.16393442622950818 110.32477788024269 203.2647778802427 1121
92.9 0.18032786885245902 96.53186450482644 189.47186450482644 1858
122.1 0.18032786885245902 95.84380201206534 188.78380201206534 2442
131.5 0.18032786885245902 92.44869010986608 185.38869010986608 2630
136.25 0.18032786885245902 75.5231733874873 168.4631733874873 2725
139.6 0.18032786885245902 67.00031191599908 159.94031191599908 2792
214.8 0.18032786885245902 66.39595313712994 159.33595313712993 4296
216.5 0.19672131147540983 47.187096417427625 140.12709641742762 4330
244.7 0.19672131147540983 44.634212261230005 137.57421226123 4894
280.25 0.19672131147540983 43.50164375927392 136.44164375927392 5605
283.6 0.21311475409836064 37.20209461770551 130.1420946177055 5672
333.75 0.21311475409836064 31.483285096171613 124.42328509617161 6675
352.45 0.21311475409836064 29.546998574715758 122.48699857471576 7049
402.55 0.21311475409836064 28.784456850562435 121.72445685056243 8051
418.25 0.21311475409836064 28.335107209007845 121.27510720900784 8365
447.55 0.22950819672131148 21.467028857420587 114.40702885742058 8951
