% fevals/dim | frac | F - F_opt (-48.6) | best fitness | fevals
0.05 0.18032786885245902 73.01293272394747 24.41293272394747 1
0.05 0.18032786885245902 73.01293272394747 24.41293272394747 1
15.35 0.18032786885245902 69.71665182984734 21.116651829847335 307
27.7 0.18032786885245902 68.86408105454818 20.26408105454818 554
72.8 0.18032786885245902 66.661471675677 18.061471675677005 1456
170.7 0.18032786885245902 65.46144511989327 16.86144511989327 3414
217.15 0.18032786885245902 65.23495980804643 16.634959808046425 4343
307.4 0.19672131147540983 61.528338787491286 12.928338787491285 6148
339.4 0.19672131147540983 59.59230067752351 10.99230067752351 6788
348.2 0.19672131147540983 58.90900026227796 10.309000262277955 6964
362.05 0.19672131147540983 47.645189034242314 -0.9548109657576873 7241
474.25 0.19672131147540983 44.998032218775386 -3.601967781224616 9485
484.45 0.19672131147540983 41.08163629096676 -7.518363709033238 9689
