% fevals/dim | frac | F - F_opt (-48.6) | best fitness | fevals
0.05 0.18032786885245902 73.01293272394747 24.41293272394747 1
0.05 0.18032786885245902 73.01293272394747 24.41293272394747 1
7.35 0.18032786885245902 71.92960499393025 23.329604993930253 147
24.65 0.18032786885245902 68.80971466278551 20.209714662785508 493
47.9 0.18032786885245902 65.87506158970308 17.27506158970308 958
48.05 0.18032786885245902 65.74077060789831 17.14077060789831 961
58.45 0.19672131147540983 61.97450954095352 13.374509540953518 1169
68.45 0.19672131147540983 45.292221809060614 -3.3077781909393877 1369
98.35 0.21311475409836064 29.655809946013147 -18.944190053986855 1967
142.9 0.21311475409836064 28.983729158226723 -19.61627084177328 2858
161.0 0.21311475409836064 27.313881407748912 -21.28611859225109 3220
169.15 0.22950819672131148 24.367000062817738 -24.232999937182264 3383
195.45 0.22950819672131148 24.14438544420758 -24.455614555792422 3909
203.4 0.22950819672131148 22.25318265096774 -26.34681734903226 4068
229.5 0.22950819672131148 19.56350333276331 -29.03649666723669 4590
234.9 0.22950819672131148 19.466078047138975 -29.133921952861026 4698
249.7 0.22950819672131148 18.891616506867145 -29.708383493132857 4994
282.85 0.22950819672131148 16.800264668622503 -31.799735331377498 5657
352.4 0.22950819672131148 16.096941711394486 -32.503058288605516 7048
366.55 0.2459016393442623 15.421119812390877 -33.178880187609124 7331
391.75 0.2459016393442623 14.590390656954519 -34.00960934304548 7835
436.7 0.2459016393442623 14.56307766279037 -34.03692233720963 8734
457.25 0.2459016393442623 14.384368937473688 -34.21563106252631 9145
487.6 0.2459016393442623 13.810418074040449 -34.78958192595955 9752
