% fevals/dim | frac | F - F_opt (-189.79) | best fitness | fevals
0.05 0.0 35967.46011595278 35777.67011595278 1
0.05 0.0 35967.46011595278 35777.67011595278 1
18.2 0.0 31183.29201722956 30993.50201722956 364
23.2 0.0 29289.830303715964 29100.040303715963 464
28.2 0.0 24732.94592846797 24543.155928467968 564
53.7 0.0 17884.687558759168 17694.897558759167 1074
55.55 0.01639344262295082 7981.560026531968 7791.770026531968 1111
81.9 0.01639344262295082 6607.029444739969 6417.239444739969 1638
86.35 0.01639344262295082 6405.340499965568 6215.550499965568 1727
91.9 0.03278688524590164 6031.958852919169 5842.168852919169 1838
96.9 0.03278688524590164 6010.54165371597 5820.75165371597 1938
101.7 0.03278688524590164 4189.825836010368 4000.0358360103683 2034
106.9 0.03278688524590164 4105.94071651597 3916.15071651597 2138
111.9 0.04918032786885246 3453.946949722371 3264.156949722371 2238
133.7 0.04918032786885246 3379.2975421319684 3189.5075421319684 2674
146.9 0.06557377049180328 1931.335424103169 1741.5454241031691 2938
151.9 0.06557377049180328 1617.4696345607683 1427.6796345607684 3038
188.2 0.08196721311475409 1406.5136448007695 1216.7236448007695 3764
203.85 0.08196721311475409 1316.6553869671693 1126.8653869671693 4077
218.85 0.08196721311475409 1298.163053357569 1108.373053357569 4377
227.65 0.08196721311475409 1047.621270480769 857.831270480769 4553
252.2 0.09836065573770492 807.7450962087693 617.9550962087693 5044
264.85 0.09836065573770492 781.626911335169 591.836911335169 5297
279.85 0.11475409836065574 411.17060567756886 221.38060567756887 5597
309.85 0.13114754098360656 344.7470532775689 154.95705327756892 6197
457.4 0.13114754098360656 316.42178645836896 126.63178645836896 9148
481.85 0.13114754098360656 271.7036456231689 81.91364562316889 9637
