% fevals/dim | frac | F - F_opt (-189.79) | best fitness | fevals
0.05 0.0 35967.46011595278 35777.67011595278 1
0.05 0.0 35967.46011595278 35777.67011595278 1
18.95 0.0 29638.885725738364 29449.095725738363 379
22.4 0.0 23193.24562119757 23003.45562119757 448
26.05 0.0 16541.44691622157 16351.656916221567 521
32.45 0.0 11836.777676544767 11646.987676544766 649
36.7 0.01639344262295082 8501.672135155966 8311.882135155965 734
38.5 0.01639344262295082 7737.317436573569 7547.527436573569 770
50.2 0.03278688524590164 4147.26173567117 3957.47173567117 1004
54.9 0.04918032786885246 3420.5034229831704 3230.7134229831704 1098
59.1 0.04918032786885246 3297.881539155969 3108.0915391559693 1182
61.1 0.04918032786885246 2768.562002471169 2578.772002471169 1222
64.5 0.06557377049180328 1909.8728740807696 1720.0828740807697 1290
83.7 0.06557377049180328 1870.6407889735694 1680.8507889735695 1674
88.0 0.08196721311475409 1540.3229532519686 1350.5329532519686 1760
91.2 0.08196721311475409 1346.533347927169 1156.743347927169 1824
108.4 0.09836065573770492 885.679013139969 695.889013139969 2168
113.6 0.09836065573770492 767.9122810343694 578.1222810343694 2272
125.35 0.09836065573770492 738.253332199169 548.463332199169 2507
131.75 0.09836065573770492 720.429369523969 530.639369523969 2635
141.5 0.11475409836065574 613.1419083367689 423.35190833676893 2830
156.3 0.11475409836065574 493.075530355969 303.28553035596906 3126
177.6 0.11475409836065574 469.1542717287691 279.36427172876915 3552
190.4 0.11475409836065574 429.852432128769 240.06243212876902 3808
206.95 0.13114754098360656 368.0267423623689 178.23674236236891 4139
232.0 0.13114754098360656 324.808624128769 135.018624128769 4640
258.7 0.13114754098360656 306.52775968076895 116.73775968076896 5174
262.7 0.13114754098360656 274.150749043969 84.36074904396898 5254
270.9 0.13114754098360656 257.5118878215689 67.72188782156891 5418
298.7 0.14754098360655737 230.47572903756904 40.68572903756905 5974
330.0 0.14754098360655737 172.78200272396901 -17.007997276030977 6600
421.1 0.16393442622950818 156.14314150156895 -33.646858498431044 8422
