% fevals/dim | frac | F - F_opt (7.64) | best fitness | fevals
0.05 0.16393442622950818 150.0309504325618 157.6709504325618 1
2.75 0.18032786885245902 64.5784341066418 72.2184341066418 55
12.75 0.19672131147540983 52.96473371540577 60.60473371540577 255
17.4 0.19672131147540983 46.935912902478464 54.575912902478464 348
18.45 0.21311475409836064 30.45501000932645 38.09501000932645 369
22.95 0.21311475409836064 26.698198823756954 34.338198823756954 459
31.95 0.22950819672131148 21.53544386654084 29.175443866540842 639
40.2 0.22950819672131148 18.905906426399962 26.545906426399963 804
44.7 0.22950819672131148 17.106714338161453 24.746714338161453 894
53.7 0.22950819672131148 16.023318324649303 23.663318324649303 1074
62.7 0.2459016393442623 15.184964370918976 22.824964370918977 1254
90.9 0.2459016393442623 14.005669263652972 21.645669263652973 1818
109.55 0.2459016393442623 13.356038018458325 20.996038018458325 2191
124.5 0.2459016393442623 13.009879304291232 20.649879304291233 2490
127.55 0.2459016393442623 12.391210107698594 20.031210107698595 2551
132.35 0.2459016393442623 10.10224017910306 17.74224017910306 2647
150.85 0.26229508196721313 9.223398492041866 16.863398492041867 3017
172.85 0.26229508196721313 7.47814281938006 15.11814281938006 3457
195.35 0.26229508196721313 6.497140058588092 14.137140058588091 3907
236.15 0.2786885245901639 5.583907149911348 13.223907149911348 4723
267.35 0.2786885245901639 5.576255055507482 13.216255055507482 5347
276.35 0.2786885245901639 5.43244560319592 13.07244560319592 5527
310.05 0.2786885245901639 5.4082472876618 13.0482472876618 6201
312.25 0.2786885245901639 4.495945316161968 12.135945316161967 6245
342.2 0.2786885245901639 4.379108320114086 12.019108320114086 6844
356.6 0.2786885245901639 4.345867096410466 11.985867096410466 7132
361.75 0.2786885245901639 4.284242223392368 11.924242223392367 7235
367.45 0.29508196721311475 3.391959451805568 11.031959451805568 7349
384.05 0.29508196721311475 3.2512982561906414 10.891298256190641 7681
423.1 0.29508196721311475 2.814168313343873 10.454168313343873 8462
466.9 0.3114754098360656 2.291906476864253 9.931906476864253 9338
469.9 0.3114754098360656 2.1009104704285564 9.740910470428556 9398
486.1 0.3114754098360656 1.959729431553007 9.599729431553007 9722
