% fevals/dim | frac | F - F_opt (-133.59) | best fitness | fevals
0.05 0.13114754098360656 308.2410012716453 174.6510012716453 1
0.05 0.13114754098360656 308.2410012716453 174.6510012716453 1
7.05 0.14754098360655737 249.69936048803032 116.10936048803032 141
68.65 0.14754098360655737 229.6326087464418 96.0426087464418 1373
85.35 0.14754098360655737 229.58961982800417 95.99961982800417 1707
111.15 0.14754098360655737 212.53460227697974 78.94460227697974 2223
120.6 0.14754098360655737 211.21492661390488 77.62492661390488 2412
210.3 0.14754098360655737 208.50052012868008 74.91052012868008 4206
251.65 0.14754098360655737 203.9223291097827 70.3323291097827 5033
252.9 0.14754098360655737 188.47987066058187 54.88987066058186 5058
266.65 0.14754098360655737 177.46715850403478 43.87715850403478 5333
491.6 0.14754098360655737 169.27055957013982 35.68055957013982 9832
