% fevals/dim | frac | F - F_opt (-48.6) | best fitness | fevals
0.05 0.18032786885245902 73.01293272394747 24.41293272394747 1
0.05 0.18032786885245902 73.01293272394747 24.41293272394747 1
6.85 0.18032786885245902 72.33118021926235 23.73118021926235 137
16.45 0.18032786885245902 71.17111053225855 22.57111053225855 329
22.8 0.18032786885245902 70.326753101196 21.726753101196003 456
38.1 0.18032786885245902 67.89348867657294 19.29348867657294 762
50.8 0.18032786885245902 65.7967263417865 17.196726341786494 1016
62.95 0.19672131147540983 56.23535051522381 7.635350515223806 1259
75.65 0.21311475409836064 37.3991605078733 -11.200839492126704 1513
144.25 0.21311475409836064 34.06418799404489 -14.535812005955108 2885
166.0 0.21311475409836064 33.4111238271319 -15.188876172868099 3320
202.9 0.21311475409836064 31.27586218326294 -17.32413781673706 4058
214.1 0.21311475409836064 28.935242819793718 -19.664757180206283 4282
220.3 0.21311475409836064 26.993885576186155 -21.606114423813846 4406
266.9 0.21311475409836064 26.216844032699356 -22.383155967300645 5338
297.6 0.21311475409836064 26.194625650047385 -22.405374349952616 5952
315.1 0.22950819672131148 25.0763789751585 -23.5236210248415 6302
324.05 0.2459016393442623 14.16790331483569 -34.43209668516431 6481
