% fevals/dim | frac | F - F_opt (47.39) | best fitness | fevals
0.05 0.2459016393442623 14.407515094193322 61.79751509419332 1
2.55 0.2459016393442623 12.110299027956316 59.500299027956316 51
9.8 0.2459016393442623 11.299766089108658 58.68976608910866 196
13.55 0.2459016393442623 10.963644024242882 58.35364402424288 271
17.75 0.26229508196721313 9.293393001312637 56.68339300131264 355
29.55 0.26229508196721313 9.247432205077402 56.6374322050774 591
33.55 0.26229508196721313 8.236606185548538 55.62660618554854 671
49.95 0.26229508196721313 7.06014381396821 54.45014381396821 999
71.6 0.2786885245901639 5.3696638694772005 52.7596638694772 1432
74.15 0.2786885245901639 5.142228838769213 52.532228838769214 1483
111.2 0.2786885245901639 4.815861029141367 52.20586102914137 2224
141.35 0.2786885245901639 4.694434157095671 52.08443415709567 2827
160.2 0.2786885245901639 4.193360893696436 51.58336089369644 3204
186.35 0.29508196721311475 3.7178942372268935 51.107894237226894 3727
214.3 0.29508196721311475 3.48877246815983 50.87877246815983 4286
286.0 0.29508196721311475 3.3386818625543526 50.72868186255435 5720
307.7 0.29508196721311475 2.831198634172985 50.221198634172985 6154
320.7 0.29508196721311475 2.657280717509096 50.047280717509096 6414
365.45 0.29508196721311475 2.645235038306005 50.035235038306006 7309
457.45 0.3114754098360656 2.445705396767508 49.83570539676751 9149
477.15 0.3114754098360656 2.030558647070883 49.420558647070884 9543
