% fevals/dim | frac | F - F_opt (-133.59) | best fitness | fevals
0.05 0.13114754098360656 308.2410012716453 174.6510012716453 1
0.05 0.13114754098360656 308.2410012716453 174.6510012716453 1
3.85 0.13114754098360656 300.05023393144154 166.46023393144154 77
42.75 0.13114754098360656 296.86819517901506 163.27819517901506 855
54.15 0.13114754098360656 284.64036707213324 151.05036707213324 1083
73.15 0.13114754098360656 279.20495986857776 145.61495986857776 1463
98.35 0.13114754098360656 276.9874669065501 143.39746690655008 1967
102.25 0.13114754098360656 255.6191752847704 122.02917528477039 2045
117.7 0.14754098360655737 220.58372966172402 86.99372966172402 2354
202.25 0.14754098360655737 212.36049405649513 78.77049405649512 4045
236.25 0.14754098360655737 200.97886966587524 67.38886966587523 4725
314.35 0.14754098360655737 198.74417225726214 65.15417225726213 6287
468.05 0.14754098360655737 187.85988230802243 54.26988230802243 9361
