% fevals/dim | frac | F - F_opt (47.39) | best fitness | fevals
0.05 0.2459016393442623 14.407515094193322 61.79751509419332 1
2.55 0.2459016393442623 12.110299027956316 59.500299027956316 51
17.7 0.2459016393442623 12.084980563185802 59.4749805631858 354
63.05 0.2459016393442623 11.511582435989467 58.90158243598947 1261
75.05 0.2459016393442623 11.508251474898742 58.89825147489874 1501
81.05 0.2459016393442623 11.13484158359973 58.52484158359973 1621
88.1 0.26229508196721313 9.871669746108708 57.26166974610871 1762
91.8 0.26229508196721313 9.485923256525496 56.875923256525496 1836
104.55 0.26229508196721313 8.34939753421957 55.73939753421957 2091
118.75 0.26229508196721313 7.456622782052193 54.846622782052194 2375
140.0 0.2786885245901639 5.802203099237325 53.192203099237325 2800
157.0 0.2786885245901639 5.629395505630036 53.01939550563004 3140
245.4 0.2786885245901639 5.606112136672266 52.99611213667227 4908
389.15 0.2786885245901639 5.551986608824151 52.94198660882415 7783
417.1 0.2786885245901639 5.117872197473851 52.50787219747385 8342
443.5 0.2786885245901639 4.614821420349045 52.004821420349046 8870
