% fevals/dim | frac | F - F_opt (7.64) | best fitness | fevals
0.05 0.16393442622950818 150.0309504325618 157.6709504325618 1
2.75 0.18032786885245902 64.5784341066418 72.2184341066418 55
6.8 0.21311475409836064 37.08314428570973 44.72314428570973 136
14.15 0.22950819672131148 21.884798855312603 29.524798855312604 283
20.75 0.22950819672131148 20.252984791414388 27.89298479141439 415
33.95 0.22950819672131148 18.251785185743717 25.891785185743718 679
48.15 0.2459016393442623 15.477497510821014 23.117497510821014 963
64.65 0.2459016393442623 13.332044797863404 20.972044797863404 1293
76.75 0.2459016393442623 13.216318507465282 20.856318507465282 1535
83.05 0.2459016393442623 10.377845966638692 18.017845966638692 1661
108.45 0.2459016393442623 10.147241011931893 17.787241011931894 2169
116.05 0.2459016393442623 10.137265334854145 17.777265334854146 2321
126.45 0.26229508196721313 9.30225346139644 16.94225346139644 2529
132.55 0.26229508196721313 8.837379343063699 16.4773793430637 2651
136.2 0.26229508196721313 8.576750493994918 16.21675049399492 2724
142.45 0.26229508196721313 8.429570099470265 16.069570099470265 2849
155.65 0.26229508196721313 7.649349404263577 15.289349404263577 3113
159.45 0.26229508196721313 6.503985209020089 14.143985209020089 3189
166.05 0.26229508196721313 6.4594607488485964 14.099460748848596 3321
168.4 0.2786885245901639 5.669880056859744 13.309880056859743 3368
172.25 0.2786885245901639 5.110916698773075 12.750916698773075 3445
181.6 0.2786885245901639 4.59585256178485 12.23585256178485 3632
188.15 0.2786885245901639 4.587027333426094 12.227027333426093 3763
215.05 0.2786885245901639 4.210969104397255 11.850969104397254 4301
228.25 0.29508196721311475 3.505225797099949 11.145225797099949 4565
259.8 0.29508196721311475 3.1736867642251516 10.813686764225151 5196
260.95 0.29508196721311475 2.537766440991338 10.177766440991338 5219
267.55 0.3114754098360656 2.4858478856209567 10.125847885620956 5351
276.3 0.3114754098360656 2.437455085825037 10.077455085825036 5526
303.85 0.3114754098360656 2.4141792470691543 10.054179247069154 6077
312.6 0.3114754098360656 2.2957443867021157 9.935744386702115 6252
326.55 0.3114754098360656 2.2262224924280405 9.86622249242804 6531
338.35 0.3114754098360656 2.1751956276571454 9.815195627657145 6767
341.95 0.3114754098360656 2.0944000660539066 9.734400066053906 6839
343.45 0.3114754098360656 1.9849249305553487 9.624924930555348 6869
348.25 0.3114754098360656 1.9554265419710282 9.595426541971028 6965
358.5 0.3114754098360656 1.7408655699603015 9.380865569960301 7170
371.35 0.3114754098360656 1.6021724963946022 9.242172496394602 7427
400.3 0.3114754098360656 1.5920780293186416 9.232078029318641 8006
427.45 0.32786885245901637 1.472991961415807 9.112991961415807 8549
480.75 0.32786885245901637 1.4505270902874665 9.090527090287466 9615
496.45 0.32786885245901637 1.366070052101084 9.006070052101084 9929
