% fevals/dim | frac | F - F_opt (-133.59) | best fitness | fevals
0.05 0.13114754098360656 308.2410012716453 174.6510012716453 1
0.05 0.13114754098360656 308.2410012716453 174.6510012716453 1
36.05 0.13114754098360656 294.27758129035186 160.68758129035186 721
69.45 0.13114754098360656 257.5018050824561 123.91180508245608 1389
95.2 0.13114754098360656 252.16956323010763 118.57956323010762 1904
98.6 0.14754098360655737 239.0284186175176 105.43841861751758 1972
109.6 0.14754098360655737 236.99304402958998 103.40304402958998 2192
138.45 0.14754098360655737 234.1356983465564 100.5456983465564 2769
204.7 0.14754098360655737 230.52068829948266 96.93068829948265 4094
254.5 0.14754098360655737 216.45569748183118 82.86569748183118 5090
321.95 0.14754098360655737 216.14073336584258 82.55073336584258 6439
379.95 0.14754098360655737 210.23050545497506 76.64050545497506 7599
397.75 0.14754098360655737 202.20269946312587 68.61269946312586 7955
474.05 0.14754098360655737 192.21589989955606 58.62589989955606 9481
