% fevals/dim | frac | F - F_opt (-48.6) | best fitness | fevals
0.05 0.18032786885245902 73.01293272394747 24.41293272394747 1
0.05 0.18032786885245902 73.01293272394747 24.41293272394747 1
6.65 0.18032786885245902 71.76992481780778 23.169924817807775 133
12.9 0.18032786885245902 71.16179248920412 22.561792489204116 258
16.7 0.18032786885245902 71.13985034282766 22.539850342827656 334
20.95 0.18032786885245902 69.83678502461075 21.236785024610747 419
26.7 0.18032786885245902 64.55544306755628 15.955443067556281 534
28.75 0.19672131147540983 55.77211305836558 7.172113058365582 575
38.8 0.19672131147540983 52.703651105665465 4.103651105665463 776
45.75 0.22950819672131148 20.752388076653776 -27.847611923346225 915
186.45 0.22950819672131148 19.4018441190325 -29.1981558809675 3729
204.25 0.22950819672131148 18.620492986869042 -29.97950701313096 4085
271.25 0.22950819672131148 17.964242117764048 -30.635757882235954 5425
295.9 0.22950819672131148 17.51285941577188 -31.08714058422812 5918
311.45 0.22950819672131148 16.47159218373691 -32.12840781626309 6229
321.65 0.22950819672131148 16.44028512355206 -32.15971487644794 6433
336.1 0.22950819672131148 16.29548182731226 -32.30451817268774 6722
342.8 0.2459016393442623 15.173728771918256 -33.426271228081745 6856
396.4 0.2459016393442623 14.153964981127423 -34.44603501887258 7928
424.0 0.2459016393442623 14.082510164966486 -34.517489835033516 8480
449.25 0.2459016393442623 13.572370477522568 -35.02762952247743 8985
472.7 0.2459016393442623 13.107281405360204 -35.4927185946398 9454
479.4 0.2459016393442623 12.846014788346018 -35.75398521165398 9588
