% fevals/dim | frac | F - F_opt (-48.6) | best fitness | fevals
0.05 0.18032786885245902 73.01293272394747 24.41293272394747 1
0.05 0.18032786885245902 73.01293272394747 24.41293272394747 1
7.3 0.18032786885245902 72.69336935164209 24.09336935164209 146
15.75 0.18032786885245902 68.1551150260769 19.555115026076898 315
27.25 0.18032786885245902 66.74173929197754 18.141739291977537 545
39.25 0.18032786885245902 65.22798961482518 16.627989614825175 785
47.75 0.18032786885245902 65.22698501583083 16.626985015830833 955
51.75 0.19672131147540983 61.77367464923433 13.173674649234329 1035
55.75 0.19672131147540983 56.818660448428204 8.218660448428203 1115
58.1 0.19672131147540983 50.03407073030483 1.434070730304832 1162
62.1 0.19672131147540983 47.11792298326548 -1.4820770167345216 1242
87.0 0.19672131147540983 44.20390671940164 -4.396093280598365 1740
91.0 0.19672131147540983 43.42009132926704 -5.179908670732964 1820
97.5 0.21311475409836064 36.58765085421095 -12.012349145789052 1950
114.1 0.21311475409836064 36.368906655670834 -12.231093344329167 2282
120.9 0.21311475409836064 28.92210757963019 -19.677892420369812 2418
132.9 0.21311475409836064 28.684605340492794 -19.915394659507207 2658
140.9 0.21311475409836064 27.428977981078113 -21.17102201892189 2818
163.0 0.22950819672131148 23.641912874856924 -24.958087125143077 3260
168.05 0.22950819672131148 22.44252811783989 -26.157471882160113 3361
172.05 0.22950819672131148 20.646867990269595 -27.953132009730407 3441
176.05 0.22950819672131148 19.775475480113716 -28.824524519886285 3521
204.05 0.22950819672131148 18.58485304072663 -30.01514695927337 4081
276.0 0.22950819672131148 18.434783115640066 -30.165216884359936 5520
295.05 0.22950819672131148 18.207891457382818 -30.392108542617184 5901
323.5 0.22950819672131148 17.843616310362567 -30.756383689637435 6470
340.45 0.22950819672131148 16.65099854199421 -31.949001458005792 6809
384.45 0.2459016393442623 15.682754286176042 -32.91724571382396 7689
420.45 0.2459016393442623 14.268190156627725 -34.33180984337228 8409
455.5 0.2459016393442623 14.143691853732896 -34.456308146267105 9110
472.45 0.2459016393442623 13.345292395772525 -35.25470760422748 9449
