% fevals/dim | frac | F - F_opt (-136.76) | best fitness | fevals
0.05 0.0 18319.617419137103 18182.857419137104 1
0.05 0.0 18319.617419137103 18182.857419137104 1
5.65 0.0 17906.389080385325 17769.629080385326 113
10.15 0.01639344262295082 8016.829778560334 7880.069778560333 203
14.3 0.01639344262295082 8010.03885903775 7873.2788590377495 286
20.65 0.03278688524590164 4306.291026032602 4169.531026032601 413
32.35 0.04918032786885246 3433.7692796427536 3297.0092796427534 647
34.1 0.04918032786885246 3116.6513163891987 2979.8913163891984 682
38.5 0.06557377049180328 2185.128516621251 2048.368516621251 770
43.3 0.06557377049180328 1931.2379523494144 1794.4779523494144 866
52.5 0.06557377049180328 1816.1970467929248 1679.4370467929248 1050
53.5 0.08196721311475409 1522.5129451990622 1385.7529451990622 1070
56.1 0.08196721311475409 1122.1452390507222 985.3852390507222 1122
61.6 0.14754098360655737 185.9341443073377 49.17414430733771 1232
75.6 0.14754098360655737 185.85876558736146 49.09876558736147 1512
77.75 0.2786885245901639 3.9817169437396274 -132.77828305626036 1555
88.95 0.29508196721311475 3.6585856488688364 -133.10141435113115 1779
109.3 0.29508196721311475 3.5959119162376396 -133.16408808376235 2186
127.3 0.29508196721311475 3.168924691923877 -133.5910753080761 2546
130.95 0.29508196721311475 3.1465899162923847 -133.6134100837076 2619
143.75 0.29508196721311475 3.0737231377683827 -133.6862768622316 2875
156.15 0.29508196721311475 3.017353552831082 -133.7426464471689 3123
163.7 0.29508196721311475 2.808040505900493 -133.9519594940995 3274
186.1 0.29508196721311475 2.7807737411361018 -133.9792262588639 3722
214.1 0.29508196721311475 2.734991629343682 -134.0250083706563 4282
264.8 0.29508196721311475 2.6976779237846245 -134.06232207621537 5296
273.7 0.29508196721311475 2.6824946765761126 -134.07750532342388 5474
274.5 0.29508196721311475 2.632368039170956 -134.12763196082904 5490
277.4 0.3114754098360656 2.4620750194557672 -134.29792498054422 5548
294.2 0.3114754098360656 2.437075548600177 -134.3229244513998 5884
310.15 0.3114754098360656 2.297191957739244 -134.46280804226075 6203
371.75 0.3114754098360656 2.2921121249209477 -134.46788787507904 7435
390.55 0.3114754098360656 2.2671126540653574 -134.49288734593463 7811
439.75 0.3114754098360656 2.1350637516945596 -134.62493624830543 8795
