% fevals/dim | frac | F - F_opt (92.94) | best fitness | fevals
0.05 0.06557377049180328 1756.5747510805509 1849.514751080551 1
1.75 0.09836065573770492 920.3779897011477 1013.3179897011478 35
10.7 0.09836065573770492 769.9742058644433 862.9142058644434 214
14.45 0.11475409836065574 545.229481315035 638.169481315035 289
16.85 0.13114754098360656 340.1530338109445 433.0930338109445 337
46.85 0.13114754098360656 311.82606878550865 404.76606878550865 937
50.3 0.14754098360655737 187.5288404173089 280.4688404173089 1006
76.3 0.16393442622950818 138.22408904662157 231.16408904662157 1526
82.25 0.18032786885245902 98.2911318909077 191.2311318909077 1645
98.8 0.18032786885245902 95.12105946208612 188.06105946208612 1976
108.5 0.18032786885245902 93.24035131803356 186.18035131803356 2170
117.95 0.18032786885245902 85.40751779638518 178.34751779638518 2359
121.3 0.18032786885245902 74.23489224849152 167.17489224849152 2426
152.95 0.18032786885245902 68.01154210384212 160.95154210384212 3059
168.25 0.18032786885245902 67.93599243834888 160.87599243834887 3365
173.8 0.19672131147540983 44.131632396376176 137.07163239637617 3476
208.65 0.21311475409836064 29.585223077313074 122.52522307731307 4173
365.45 0.22950819672131148 19.576853699005497 112.5168536990055 7309
402.95 0.22950819672131148 17.4789018466941 110.4189018466941 8059
