% fevals/dim | frac | F - F_opt (-136.76) | best fitness | fevals
0.05 0.0 18319.617419137103 18182.857419137104 1
0.05 0.0 18319.617419137103 18182.857419137104 1
14.0 0.0 18290.454825878063 18153.694825878065 280
16.5 0.0 14279.194874229372 14142.434874229371 330
28.65 0.01639344262295082 9883.558226283954 9746.798226283954 573
53.1 0.01639344262295082 7469.30428849089 7332.54428849089 1062
57.15 0.01639344262295082 7403.5659447342905 7266.80594473429 1143
61.55 0.01639344262295082 6894.083311053532 6757.323311053532 1231
67.8 0.03278688524590164 5443.134296158443 5306.374296158443 1356
71.85 0.03278688524590164 5364.761525247687 5228.001525247687 1437
77.4 0.03278688524590164 4724.005918307883 4587.245918307883 1548
81.85 0.06557377049180328 2234.569764492994 2097.809764492994 1637
88.6 0.06557377049180328 1624.4889324910594 1487.7289324910594 1772
100.75 0.08196721311475409 1130.916755592047 994.1567555920469 2015
132.85 0.08196721311475409 1033.327504348401 896.5675043484009 2657
153.25 0.18032786885245902 82.79672867288289 -53.9632713271171 3065
173.0 0.18032786885245902 65.12956400318954 -71.63043599681045 3460
197.8 0.2786885245901639 4.1428180190662545 -132.61718198093374 3956
209.95 0.29508196721311475 3.94261687492326 -132.81738312507673 4199
230.2 0.29508196721311475 3.81850190844321 -132.94149809155678 4604
252.6 0.29508196721311475 3.205454460674133 -133.55454553932586 5052
261.55 0.29508196721311475 3.0096739355278146 -133.75032606447218 5231
276.9 0.29508196721311475 2.968845468430459 -133.79115453156953 5538
301.2 0.29508196721311475 2.9100694286671285 -133.84993057133286 6024
309.3 0.29508196721311475 2.873083308282702 -133.8869166917173 6186
358.75 0.29508196721311475 2.638570290207838 -134.12142970979215 7175
370.9 0.29508196721311475 2.592788178415418 -134.16721182158457 7418
374.95 0.3114754098360656 2.420760758566672 -134.33923924143332 7499
430.8 0.3114754098360656 2.419732739893817 -134.34026726010617 8616
444.35 0.3114754098360656 2.361666871789282 -134.3983331282107 8887
