% fevals/dim | frac | F - F_opt (-133.59) | best fitness | fevals
0.05 0.13114754098360656 308.2410012716453 174.6510012716453 1
0.05 0.13114754098360656 308.2410012716453 174.6510012716453 1
26.05 0.13114754098360656 302.97196721772275 169.38196721772275 521
36.15 0.13114754098360656 300.3789990011222 166.78899900112222 723
40.05 0.13114754098360656 297.737338748017 164.147338748017 801
46.1 0.14754098360655737 224.76446084932934 91.17446084932934 922
68.2 0.14754098360655737 213.89354897491145 80.30354897491145 1364
100.15 0.14754098360655737 200.6572877295471 67.0672877295471 2003
140.65 0.14754098360655737 183.1148800879797 49.52488008797971 2813
340.55 0.14754098360655737 179.5697203184919 45.9797203184919 6811
459.55 0.14754098360655737 179.30046081973006 45.71046081973006 9191
467.95 0.16393442622950818 156.72182956483945 23.13182956483945 9359
