% fevals/dim | frac | F - F_opt (-48.6) | best fitness | fevals
0.05 0.18032786885245902 73.01293272394747 24.41293272394747 1
0.05 0.18032786885245902 73.01293272394747 24.41293272394747 1
18.15 0.18032786885245902 70.19668648184087 21.59668648184087 363
21.6 0.18032786885245902 63.655078820170125 15.055078820170124 432
26.9 0.19672131147540983 58.189733322837775 9.589733322837773 538
37.5 0.19672131147540983 54.178807701403706 5.578807701403704 750
45.55 0.19672131147540983 51.08132171378036 2.4813217137803605 911
48.2 0.19672131147540983 50.38308267411503 1.783082674115029 964
63.45 0.19672131147540983 48.44865833825844 -0.1513416617415615 1269
65.55 0.21311475409836064 30.173395701142454 -18.426604298857548 1311
84.1 0.22950819672131148 22.7219094315277 -25.878090568472302 1682
94.7 0.22950819672131148 21.469730660255166 -27.130269339744835 1894
100.0 0.22950819672131148 19.420666629706783 -29.179333370293218 2000
121.2 0.22950819672131148 17.05890156499908 -31.541098435000922 2424
129.15 0.22950819672131148 17.04744003605148 -31.55255996394852 2583
166.25 0.22950819672131148 16.926891707948872 -31.67310829205113 3325
174.2 0.22950819672131148 16.672028707854096 -31.927971292145905 3484
181.1 0.22950819672131148 16.05993735540178 -32.54006264459822 3622
195.4 0.22950819672131148 15.865146425671476 -32.734853574328525 3908
201.95 0.2459016393442623 15.063185323604372 -33.53681467639563 4039
215.8 0.2459016393442623 14.719030922455076 -33.880969077544925 4316
219.55 0.2459016393442623 14.588363277061795 -34.011636722938206 4391
222.4 0.2459016393442623 13.946958826717875 -34.653041173282126 4448
260.1 0.2459016393442623 13.86244147401343 -34.73755852598657 5202
267.95 0.2459016393442623 13.177479691154232 -35.42252030884577 5359
291.1 0.2459016393442623 13.025902875543757 -35.574097124456245 5822
298.2 0.2459016393442623 12.754681819591717 -35.845318180408285 5964
302.5 0.2459016393442623 12.594352937999396 -36.005647062000605 6050
320.45 0.2459016393442623 12.376554724630019 -36.22344527536998 6409
329.0 0.2459016393442623 12.33486028817861 -36.26513971182139 6580
344.0 0.2459016393442623 12.169254077457119 -36.43074592254288 6880
359.65 0.2459016393442623 11.920011324740607 -36.679988675259395 7193
