% fevals/dim | frac | F - F_opt (40.66) | best fitness | fevals
0.05 0.09836065573770492 813.9802044710219 854.6402044710219 1
0.1 0.09836065573770492 730.2932490594021 770.9532490594021 2
4.0 0.09836065573770492 633.2758684693368 673.9358684693368 80
9.6 0.11475409836065574 598.4230642132134 639.0830642132133 192
12.4 0.11475409836065574 571.5427164170042 612.2027164170041 248
19.0 0.11475409836065574 504.06551263647395 544.7255126364739 380
24.05 0.13114754098360656 384.6405468396388 425.30054683963874 481
37.4 0.13114754098360656 350.0358245895113 390.6958245895113 748
45.9 0.13114754098360656 344.3187407030108 384.97874070301077 918
50.9 0.13114754098360656 318.37919786704447 359.03919786704444 1018
54.3 0.13114754098360656 289.01800301185483 329.6780030118548 1086
71.1 0.13114754098360656 270.1647248507087 310.82472485070866 1422
82.3 0.13114754098360656 254.94516284551534 295.60516284551534 1646
92.55 0.14754098360655737 239.2777064501084 279.9377064501084 1851
103.75 0.14754098360655737 238.60991112984752 279.2699111298475 2075
108.95 0.14754098360655737 237.01365122144026 277.67365122144025 2179
113.45 0.14754098360655737 231.4108841744356 272.0708841744356 2269
119.05 0.14754098360655737 227.29810753519436 267.95810753519436 2381
135.85 0.14754098360655737 227.16283456899734 267.82283456899734 2717
138.1 0.14754098360655737 216.53150826142846 257.19150826142845 2762
151.1 0.14754098360655737 213.19564393628733 253.85564393628732 3022
153.65 0.14754098360655737 204.4139583798525 245.07395837985248 3073
167.7 0.14754098360655737 200.3246867496224 240.9846867496224 3354
176.1 0.14754098360655737 199.00723520797732 239.6672352079773 3522
176.55 0.14754098360655737 196.65311207453811 237.3131120745381 3531
193.35 0.14754098360655737 187.00587147108686 227.66587147108686 3867
203.7 0.14754098360655737 185.1715241205481 225.8315241205481 4074
224.25 0.14754098360655737 184.99997272057558 225.65997272057558 4485
228.65 0.14754098360655737 184.75747038691307 225.41747038691307 4573
250.75 0.14754098360655737 183.8345902616543 224.4945902616543 5015
254.15 0.14754098360655737 182.30105926685215 222.96105926685215 5083
259.75 0.14754098360655737 178.17742329907986 218.83742329907986 5195
260.65 0.14754098360655737 178.02672203375343 218.68672203375343 5213
273.1 0.14754098360655737 177.24940479073035 217.90940479073035 5462
278.8 0.14754098360655737 176.34248977362486 217.00248977362486 5576
281.85 0.14754098360655737 176.05533219976715 216.71533219976715 5637
301.9 0.14754098360655737 175.56517253060179 216.22517253060178 6038
318.25 0.14754098360655737 175.27801495674407 215.93801495674407 6365
324.05 0.14754098360655737 174.87372537705764 215.53372537705764 6481
335.3 0.14754098360655737 174.30573195476717 214.96573195476716 6706
340.85 0.14754098360655737 167.43338890998547 208.09338890998546 6817
346.95 0.14754098360655737 166.00921996190763 206.66921996190763 6939
355.1 0.14754098360655737 165.08001811122392 205.74001811122392 7102
