% fevals/dim | frac | F - F_opt (47.39) | best fitness | fevals
0.05 0.2459016393442623 14.407515094193322 61.79751509419332 1
2.55 0.2459016393442623 12.110299027956316 59.500299027956316 51
12.6 0.2459016393442623 11.727989864143638 59.11798986414364 252
14.7 0.2459016393442623 11.450310720909542 58.84031072090954 294
18.65 0.2459016393442623 10.654331505887868 58.04433150588787 373
22.45 0.26229508196721313 7.984422373122385 55.374422373122385 449
58.45 0.26229508196721313 7.846948446461802 55.2369484464618 1169
68.45 0.26229508196721313 7.651127241554008 55.04112724155401 1369
72.7 0.2786885245901639 6.280758015467477 53.67075801546748 1454
81.1 0.2786885245901639 5.766435003996925 53.156435003996926 1622
102.4 0.2786885245901639 5.512845222442849 52.90284522244285 2048
126.9 0.2786885245901639 5.505739696777013 52.895739696777014 2538
132.5 0.2786885245901639 5.060958876118022 52.45095887611802 2650
140.7 0.2786885245901639 4.987410504161332 52.37741050416133 2814
152.1 0.2786885245901639 4.502535337954924 51.892535337954925 3042
154.9 0.2786885245901639 4.434318941677411 51.82431894167741 3098
157.5 0.2786885245901639 4.350420557559907 51.74042055755991 3150
193.2 0.2786885245901639 4.340402740346185 51.730402740346186 3864
196.0 0.29508196721311475 3.5227968946097974 50.9127968946098 3920
250.5 0.29508196721311475 3.369873155308099 50.7598731553081 5010
281.3 0.29508196721311475 2.878410579438416 50.26841057943842 5626
328.9 0.3114754098360656 2.4413353888729077 49.83133538887291 6578
396.1 0.3114754098360656 2.2899080265099343 49.679908026509935 7922
