% fevals/dim | frac | F - F_opt (-136.76) | best fitness | fevals
0.05 0.0 18319.617419137103 18182.857419137104 1
0.05 0.0 18319.617419137103 18182.857419137104 1
5.65 0.0 12653.69924458926 12516.939244589259 113
10.15 0.01639344262295082 8214.09245133345 8077.33245133345 203
22.2 0.03278688524590164 4621.7467327227205 4484.98673272272 444
27.65 0.04918032786885246 3486.380197400449 3349.620197400449 553
33.25 0.04918032786885246 3486.084222932128 3349.3242229321277 665
41.8 0.08196721311475409 1240.8899235084434 1104.1299235084434 836
58.6 0.08196721311475409 1240.7914442829926 1104.0314442829927 1172
60.35 0.09836065573770492 977.5991521711372 840.8391521711372 1207
64.2 0.09836065573770492 874.3878902183814 737.6278902183814 1284
71.0 0.11475409836065574 412.31493658448954 275.55493658448955 1420
73.45 0.16393442622950818 131.10585362071058 -5.654146379289415 1469
80.35 0.16393442622950818 101.32626632742402 -35.43373367257597 1607
81.85 0.22950819672131148 23.699469160156696 -113.0605308398433 1637
90.15 0.26229508196721313 8.952275748374475 -127.80772425162552 1803
92.95 0.26229508196721313 8.576281549587122 -128.18371845041287 1859
95.75 0.29508196721311475 3.9607185797441105 -132.79928142025588 1915
108.6 0.29508196721311475 3.7383687783331254 -133.02163122166687 2172
125.45 0.29508196721311475 3.3933469218771677 -133.36665307812282 2509
142.2 0.29508196721311475 3.2973947380485527 -133.46260526195144 2844
161.85 0.29508196721311475 3.2641105584158936 -133.4958894415841 3237
165.6 0.29508196721311475 3.013218314132274 -133.74678168586772 3312
190.8 0.29508196721311475 2.8513664631330187 -133.90863353686697 3816
222.25 0.29508196721311475 2.771938542475482 -133.9880614575245 4445
257.0 0.29508196721311475 2.760920950443449 -133.99907904955654 5140
261.2 0.29508196721311475 2.661099019203988 -134.098900980796 5224
264.25 0.29508196721311475 2.554545917224914 -134.20545408277508 5285
270.8 0.3114754098360656 2.4333782833663236 -134.32662171663367 5416
350.55 0.3114754098360656 2.403298979692437 -134.35670102030755 7011
