% fevals/dim | frac | F - F_opt (7.64) | best fitness | fevals
0.05 0.16393442622950818 150.0309504325618 157.6709504325618 1
2.75 0.18032786885245902 64.5784341066418 72.2184341066418 55
5.1 0.19672131147540983 51.94653676616298 59.58653676616298 102
10.25 0.21311475409836064 30.87869825186735 38.51869825186735 205
13.7 0.21311475409836064 30.162665717597122 37.80266571759712 274
24.05 0.22950819672131148 23.870461146536336 31.510461146536336 481
31.35 0.22950819672131148 22.307584901865937 29.947584901865937 627
38.9 0.22950819672131148 21.073574617462548 28.713574617462548 778
41.5 0.22950819672131148 18.754572672065912 26.394572672065912 830
45.45 0.2459016393442623 15.14226313256215 22.78226313256215 909
52.35 0.2459016393442623 13.52569474599263 21.16569474599263 1047
55.8 0.2459016393442623 13.198630608834272 20.838630608834272 1116
59.25 0.2459016393442623 13.19843033455978 20.83843033455978 1185
62.7 0.2459016393442623 13.174445241349293 20.814445241349294 1254
74.1 0.2459016393442623 11.3201049434726 18.9601049434726 1482
77.55 0.2459016393442623 10.711382701593262 18.351382701593263 1551
94.8 0.2459016393442623 10.564317000007222 18.204317000007222 1896
98.25 0.26229508196721313 8.708899187486452 16.348899187486452 1965
101.7 0.26229508196721313 8.625488415766089 16.26548841576609 2034
122.75 0.26229508196721313 8.028036990471861 15.668036990471862 2455
129.65 0.26229508196721313 7.2771691409323465 14.917169140932346 2593
162.55 0.26229508196721313 7.205958663019705 14.845958663019704 3251
170.0 0.26229508196721313 6.915608142362115 14.555608142362114 3400
175.55 0.2786885245901639 6.179049443993386 13.819049443993386 3511
184.5 0.2786885245901639 6.114980808218694 13.754980808218694 3690
192.8 0.2786885245901639 5.1658263368760915 12.805826336876091 3856
196.25 0.2786885245901639 4.720154440989362 12.360154440989362 3925
206.35 0.2786885245901639 4.477494520143348 12.117494520143348 4127
217.6 0.2786885245901639 3.9836513651546595 11.62365136515466 4352
241.75 0.29508196721311475 3.905717929840713 11.545717929840713 4835
269.35 0.29508196721311475 3.499846123771703 11.139846123771703 5387
276.25 0.29508196721311475 3.173755640779784 10.813755640779783 5525
332.5 0.29508196721311475 2.922345218096093 10.562345218096093 6650
336.75 0.29508196721311475 2.8615408402671827 10.501540840267182 6735
338.95 0.29508196721311475 2.8494488510686944 10.489448851068694 6779
359.65 0.29508196721311475 2.8408526471002906 10.48085264710029 7193
367.35 0.29508196721311475 2.599469327002816 10.239469327002816 7347
388.05 0.3114754098360656 2.3551111878243747 9.995111187824374 7761
416.2 0.3114754098360656 2.1730885570491543 9.813088557049154 8324
469.95 0.3114754098360656 2.1470345979521186 9.787034597952118 9399
486.8 0.3114754098360656 2.0108211384197903 9.65082113841979 9736
490.7 0.3114754098360656 1.931368061459053 9.571368061459053 9814
