% fevals/dim | frac | F - F_opt (-189.79) | best fitness | fevals
0.05 0.0 35967.46011595278 35777.67011595278 1
0.05 0.0 35967.46011595278 35777.67011595278 1
3.3 0.0 20537.589093639173 20347.799093639172 66
25.25 0.0 18419.515293389577 18229.725293389576 505
28.7 0.0 18018.26350194317 17828.47350194317 574
32.2 0.0 16483.61063398477 16293.820633984767 644
32.7 0.0 15444.724072176772 15254.934072176771 654
36.25 0.0 10539.395611587972 10349.605611587971 725
39.15 0.0 10525.70451797517 10335.914517975169 783
44.35 0.01639344262295082 6775.40530686477 6585.61530686477 887
46.05 0.03278688524590164 6241.397589674369 6051.607589674369 921
55.95 0.03278688524590164 4437.47369286797 4247.68369286797 1119
62.45 0.04918032786885246 2552.80381252557 2363.01381252557 1249
74.05 0.06557377049180328 2367.2929213799694 2177.5029213799694 1481
80.55 0.06557377049180328 2353.70053737997 2163.91053737997 1611
83.55 0.06557377049180328 1891.9053214951693 1702.1153214951694 1671
93.85 0.08196721311475409 1463.92971389517 1274.13971389517 1877
97.1 0.09836065573770492 808.5501546375692 618.7601546375693 1942
129.85 0.09836065573770492 714.1428884487692 524.3528884487692 2597
155.35 0.11475409836065574 607.8645669511692 418.07456695116923 3107
168.35 0.11475409836065574 556.1562025479691 366.3662025479691 3367
174.85 0.11475409836065574 538.923359155969 349.13335915596906 3497
185.65 0.11475409836065574 535.2873980423691 345.4973980423691 3713
188.8 0.11475409836065574 504.9800731271689 315.19007312716894 3776
201.65 0.11475409836065574 470.67343284876904 280.8834328487691 4033
213.45 0.11475409836065574 458.986955405569 269.19695540556904 4269
218.9 0.11475409836065574 449.38394541196897 259.593945411969 4378
227.8 0.13114754098360656 388.031722355969 198.24172235596902 4556
233.2 0.13114754098360656 368.64604456076904 178.85604456076905 4664
245.5 0.13114754098360656 328.5199184519689 138.72991845196893 4910
263.55 0.13114754098360656 306.52775968076895 116.73775968076896 5271
298.35 0.13114754098360656 252.467887808769 62.677887808769015 5967
301.6 0.14754098360655737 230.47572903756904 40.68572903756905 6032
