% fevals/dim | frac | F - F_opt (-39.43) | best fitness | fevals
0.05 0.19672131147540983 52.775889662616656 13.345889662616656 1
0.05 0.19672131147540983 52.775889662616656 13.345889662616656 1
7.2 0.21311475409836064 37.052130821600706 -2.377869178399294 144
11.05 0.21311475409836064 27.825259093896065 -11.604740906103935 221
22.45 0.21311475409836064 25.208195570197955 -14.221804429802045 449
23.8 0.22950819672131148 23.28646739548152 -16.14353260451848 476
44.25 0.22950819672131148 22.95256712325806 -16.47743287674194 885
55.3 0.22950819672131148 19.91302258744483 -19.51697741255517 1106
58.55 0.22950819672131148 18.64178685822191 -20.78821314177809 1171
74.2 0.22950819672131148 17.546034659458027 -21.883965340541973 1484
76.3 0.22950819672131148 17.179942096970272 -22.250057903029727 1526
83.8 0.2459016393442623 14.46085179505895 -24.96914820494105 1676
85.8 0.2459016393442623 13.193872817771503 -26.236127182228497 1716
109.55 0.2459016393442623 12.282868965319473 -27.147131034680527 2191
116.3 0.2459016393442623 11.206222482193922 -28.223777517806077 2326
121.05 0.2459016393442623 10.23965208854414 -29.19034791145586 2421
149.8 0.26229508196721313 9.801298617444509 -29.62870138255549 2996
166.4 0.26229508196721313 8.540530528829734 -30.889469471170266 3328
178.05 0.26229508196721313 7.183330849105083 -32.24666915089492 3561
192.3 0.26229508196721313 6.85969100812283 -32.57030899187717 3846
199.65 0.26229508196721313 6.334695232246908 -33.09530476775309 3993
206.5 0.26229508196721313 6.318414766943228 -33.11158523305677 4130
211.25 0.2786885245901639 5.940090031862482 -33.48990996813752 4225
245.1 0.2786885245901639 5.6690179810666095 -33.76098201893339 4902
254.6 0.2786885245901639 5.51708612902474 -33.91291387097526 5092
264.05 0.2786885245901639 4.607321982799739 -34.82267801720026 5281
301.45 0.2786885245901639 4.132274762356239 -35.29772523764376 6029
306.8 0.29508196721311475 3.8844930464479788 -35.54550695355202 6136
321.05 0.29508196721311475 3.8627720414563456 -35.567227958543654 6421
326.05 0.29508196721311475 3.8571269151206167 -35.57287308487938 6521
334.4 0.29508196721311475 3.4729478253676476 -35.95705217463235 6688
357.7 0.29508196721311475 3.029114723153242 -36.40088527684676 7154
361.9 0.29508196721311475 2.6758919188960277 -36.75410808110397 7238
403.8 0.3114754098360656 2.127934020060259 -37.30206597993974 8076
479.65 0.3114754098360656 1.9257996205218504 -37.50420037947815 9593
