% fevals/dim | frac | F - F_opt (-51.91) | best fitness | fevals
0.05 0.0 9934310.065323807 9934258.155323807 1
0.7 0.0 3114550.2123894864 3114498.302389486 14
5.85 0.0 2977705.2002836377 2977653.2902836376 117
9.1 0.0 1576582.7237928682 1576530.8137928683 182
15.75 0.0 1085047.4028088457 1084995.4928088458 315
21.75 0.0 1004519.2607870623 1004467.3507870623 435
28.25 0.0 921272.4307446509 921220.5207446509 565
31.75 0.0 761087.0144221234 761035.1044221234 635
35.85 0.0 541556.1373936739 541504.2273936738 717
91.6 0.0 522072.4385781068 522020.52857810684 1832
95.9 0.0 519211.9664165575 519160.0564165575 1918
98.4 0.0 489540.6668711795 489488.7568711795 1968
113.95 0.0 452319.7902614183 452267.88026141835 2279
116.15 0.0 390931.5436178753 390879.63361787534 2323
160.35 0.0 349154.7480814927 349102.83808149275 3207
268.2 0.0 301920.0059423959 301868.0959423959 5364
317.65 0.0 199068.35420916489 199016.44420916488 6353
417.65 0.0 190091.78048027577 190039.87048027577 8353
422.65 0.0 176728.0183482549 176676.1083482549 8453
470.2 0.0 175359.74800086088 175307.83800086088 9404
