23.65 0.0 13757.824208952661 13621.064208952661 473
59.7 0.0 10296.911331522833 10160.151331522833 1194
127.1 0.03278688524590164 5813.990292442592 5677.230292442592 2542
150.7 0.03278688524590164 5798.562561745158 5661.802561745158 3014
198.2 0.04918032786885246 3716.0681662994366 3579.3081662994364 3964
220.45 0.04918032786885246 3133.478446706513 2996.7184467065126 4409
245.1 0.06557377049180328 1966.7677523336138 1830.0077523336138 4902
268.7 0.06557377049180328 1966.1921623181272 1829.4321623181272 5374
305.8 0.06557377049180328 1957.3135633671748 1820.5535633671748 6116
312.65 0.06557377049180328 1757.5384995545246 1620.7784995545246 6253
337.45 0.09836065573770492 822.9723783748163 686.2123783748164 6749
370.65 0.09836065573770492 643.1307354664871 506.3707354664871 7413
384.4 0.11475409836065574 570.6277166271659 433.8677166271659 7688
400.35 0.13114754098360656 288.7394391777564 151.97943917775643 8007
433.6 0.16393442622950818 120.77527875105407 -15.984721248945917 8672
442.9 0.22950819672131148 22.703257324181024 -114.05674267581897 8858
