19.9 0.0 16600.289082342813 16463.529082342815 398
26.65 0.0 13721.119377346453 13584.359377346453 533
31.25 0.01639344262295082 7654.462513977247 7517.702513977247 625
42.3 0.03278688524590164 5888.776275404324 5752.016275404324 846
48.6 0.04918032786885246 3203.732429578865 3066.9724295788646 972
59.6 0.08196721311475409 1507.7343326473917 1370.9743326473917 1192
81.25 0.09836065573770492 950.709510279173 813.949510279173 1625
83.1 0.26229508196721313 6.962561143873842 -129.79743885612615 1662
108.5 0.29508196721311475 3.442339698490855 -133.31766030150914 2170
233.25 0.29508196721311475 3.274260345271699 -133.4857396547283 4665
316.45 0.29508196721311475 3.1851812880751424 -133.57481871192485 6329
322.95 0.29508196721311475 3.1776946505571573 -133.58230534944283 6459
337.0 0.29508196721311475 3.1440074330334653 -133.61599256696653 6740
344.55 0.29508196721311475 2.996672940765791 -133.7633270592342 6891
408.65 0.29508196721311475 2.9157431011103654 -133.84425689888963 8173
415.75 0.29508196721311475 2.766215381605889 -133.9937846183941 8315
