% fevals/dim | frac | F - F_opt (-462.09) | best fitness | fevals
10.65 0.11475409836065574 511.8858816551884 49.79588165518845 213
47.65 0.11475409836065574 487.5096830706724 25.41968307067242 953
64.9 0.11475409836065574 405.39995934319944 -56.690040656800534 1298
75.2 0.13114754098360656 372.3261028287075 -89.76389717129246 1504
113.9 0.13114754098360656 356.72043798403877 -105.36956201596121 2278
153.2 0.13114754098360656 336.073748867116 -126.01625113288395 3064
165.85 0.13114754098360656 306.31911594709436 -155.77088405290561 3317
207.35 0.13114754098360656 304.4179178914158 -157.67208210858416 4147
294.25 0.13114754098360656 301.6620232175628 -160.42797678243716 5885
349.85 0.13114754098360656 291.7456801877464 -170.34431981225356 6997
439.2 0.13114754098360656 288.1806589224632 -173.9093410775368 8784
