8.25 0.11475409836065574 440.2983012462487 347.82830124624866 165
9.8 0.11475409836065574 429.33261900174216 336.86261900174213 196
13.05 0.13114754098360656 385.0011042213341 292.5311042213341 261
16.05 0.13114754098360656 338.25948125741985 245.78948125741985 321
19.85 0.13114754098360656 304.22039764663873 211.75039764663873 397
23.9 0.13114754098360656 299.87236822806034 207.40236822806034 478
30.6 0.13114754098360656 285.40889368092485 192.93889368092485 612
46.3 0.14754098360655737 239.7475208430621 147.2775208430621 926
130.9 0.14754098360655737 232.31800354942487 139.84800354942487 2618
139.3 0.14754098360655737 230.75406956288313 138.28406956288313 2786
350.6 0.14754098360655737 229.9059495894043 137.4359495894043 7012
