8.25 0.09836065573770492 696.5087495237821 661.7587495237821 165
14.3 0.11475409836065574 543.1874160719979 508.43741607199786 286
16.7 0.11475409836065574 445.6620544567742 410.9120544567742 334
26.8 0.11475409836065574 401.26895063996244 366.51895063996244 536
31.4 0.13114754098360656 393.76146938043655 359.01146938043655 628
36.25 0.13114754098360656 349.72660599773144 314.97660599773144 725
56.1 0.13114754098360656 345.35391414638275 310.60391414638275 1122
62.8 0.13114754098360656 337.0712996805196 302.3212996805196 1256
76.45 0.13114754098360656 288.24654756962076 253.49654756962076 1529
123.85 0.13114754098360656 254.7980603522449 220.0480603522449 2477
