2.75 0.11475409836065574 560.1786152476726 467.7086152476726 55
5.7 0.11475409836065574 525.2695273907707 432.79952739077066 114
8.75 0.11475409836065574 474.88968403272486 382.41968403272483 175
11.0 0.11475409836065574 462.7994996622559 370.3294996622559 220
16.15 0.11475409836065574 451.3376250909871 358.8676250909871 323
16.85 0.11475409836065574 414.85898341154723 322.3889834115472 337
20.1 0.11475409836065574 403.2842519783775 310.81425197837746 402
24.1 0.13114754098360656 346.51674784603756 254.04674784603756 482
26.25 0.13114754098360656 344.654211103399 252.184211103399 525
27.8 0.13114754098360656 261.58552097977906 169.11552097977906 556
46.7 0.14754098360655737 241.058171563148 148.588171563148 934
55.75 0.14754098360655737 236.5056178129661 144.0356178129661 1115
62.55 0.14754098360655737 199.924745208231 107.454745208231 1251
252.0 0.14754098360655737 195.08981016256433 102.61981016256433 5040
255.1 0.14754098360655737 181.1084378254987 88.6384378254987 5102
364.65 0.14754098360655737 166.77274810104407 74.30274810104407 7293
372.45 0.16393442622950818 139.77613713612226 47.30613713612226 7449
