4.55 0.0 17342.968177004263 17197.38817700426 91
9.95 0.04918032786885246 3393.2995675628063 3247.7195675628063 199
19.95 0.04918032786885246 2859.456054386065 2713.876054386065 399
22.95 0.06557377049180328 2303.0619840962 2157.4819840962 459
29.95 0.08196721311475409 1472.6796093946343 1327.0996093946344 599
37.15 0.08196721311475409 1057.8223051856803 912.2423051856803 743
49.0 0.16393442622950818 103.17479110778828 -42.40520889221173 980
105.55 0.19672131147540983 45.664707568940315 -99.9152924310597 2111
146.7 0.19672131147540983 44.98336517243149 -100.59663482756852 2934
246.55 0.19672131147540983 44.917090133605086 -100.66290986639493 4931
