7.85 0.0 12421.721239419036 12276.141239419036 157
10.95 0.03278688524590164 6037.896954838133 5892.316954838133 219
12.25 0.03278688524590164 4479.100716036536 4333.520716036536 245
14.65 0.06557377049180328 2018.1338285236673 1872.5538285236673 293
21.4 0.09836065573770492 732.7339210766155 587.1539210766155 428
27.1 0.14754098360655737 232.29331097755573 86.71331097755572 542
91.35 0.14754098360655737 231.82788244533052 86.2478824453305 1827
96.65 0.19672131147540983 44.98336517243149 -100.59663482756852 1933
150.8 0.19672131147540983 44.979481727700346 -100.60051827229967 3016
160.85 0.19672131147540983 44.80142041876064 -100.77857958123937 3217
163.9 0.19672131147540983 44.61016037866082 -100.96983962133919 3278
175.7 0.19672131147540983 44.5666745935944 -101.01332540640561 3514
211.35 0.19672131147540983 44.41288270272804 -101.16711729727197 4227
224.85 0.19672131147540983 44.38675011757729 -101.19324988242272 4497
228.35 0.19672131147540983 44.373551386417176 -101.20644861358284 4567
239.15 0.19672131147540983 44.19549007747747 -101.38450992252254 4783
