3.95 0.11475409836065574 508.2217366958887 473.4717366958887 79
13.45 0.11475409836065574 461.38365312961935 426.63365312961935 269
16.75 0.11475409836065574 410.7682929654633 376.0182929654633 335
21.95 0.13114754098360656 337.4389637368164 302.6889637368164 439
28.1 0.13114754098360656 311.36097501317164 276.61097501317164 562
48.1 0.13114754098360656 304.99886263302994 270.24886263302994 962
51.55 0.13114754098360656 299.20881129273243 264.45881129273243 1031
55.65 0.13114754098360656 265.26150679219484 230.51150679219484 1113
78.9 0.13114754098360656 263.98572017475266 229.23572017475266 1578
80.65 0.14754098360655737 249.56631134622398 214.81631134622398 1613
140.35 0.14754098360655737 236.40640680873682 201.65640680873682 2807
419.35 0.14754098360655737 233.0278832046251 198.2778832046251 8387
