5.3 0.04918032786885246 2759.867085911834 2614.287085911834 106
31.4 0.08196721311475409 1307.899699793774 1162.3196997937741 628
40.55 0.08196721311475409 1158.0849842045232 1012.5049842045231 811
47.3 0.09836065573770492 876.0232562741794 730.4432562741794 946
51.95 0.11475409836065574 593.2372424234946 447.6572424234946 1039
60.3 0.11475409836065574 545.0634604269827 399.4834604269827 1206
75.7 0.13114754098360656 288.8399661448559 143.2599661448559 1514
87.7 0.14754098360655737 181.33711946876386 35.75711946876385 1754
91.05 0.16393442622950818 132.83501542618302 -12.744984573816993 1821
119.55 0.21311475409836064 25.844439686035173 -119.73556031396484 2391
128.5 0.22950819672131148 25.089956965515412 -120.4900430344846 2570
206.0 0.22950819672131148 25.04885753565101 -120.531142464349 4120
235.65 0.22950819672131148 25.04647118044899 -120.53352881955102 4713
269.25 0.22950819672131148 25.005371750584587 -120.57462824941543 5385
