% fevals/dim | frac | F - F_opt (77.89) | best fitness | fevals
5.15 0.0 212588807.11973512 212588885.0097351 103
8.5 0.0 111618193.92279086 111618271.81279086 170
24.3 0.0 85050305.23864993 85050383.12864994 486
30.75 0.0 57068223.846611105 57068301.736611106 615
73.8 0.0 48287916.49072863 48287994.38072863 1476
75.3 0.0 44518722.130757146 44518800.020757146 1506
85.45 0.0 43710016.3591532 43710094.249153204 1709
98.4 0.0 39934192.51860661 39934270.40860661 1968
106.6 0.0 39406980.80295819 39407058.69295819 2132
110.2 0.0 38885984.12328913 38886062.01328913 2204
118.4 0.0 38094255.467998676 38094333.35799868 2368
141.9 0.0 36728089.61872288 36728167.50872288 2838
153.35 0.0 34337478.18096849 34337556.070968494 3067
158.45 0.0 33797839.92589807 33797917.81589807 3169
188.0 0.0 31686374.353420883 31686452.243420884 3760
229.0 0.0 29197667.40153439 29197745.29153439 4580
276.05 0.0 28720570.152707778 28720648.04270778 5521
302.0 0.0 26164132.31319694 26164210.20319694 6040
415.45 0.0 25625350.02960996 25625427.91960996 8309
