% fevals/dim | frac | F - F_opt (77.89) | best fitness | fevals
5.15 0.0 212588807.11973512 212588885.0097351 103
5.85 0.0 133965081.07883328 133965158.96883328 117
12.45 0.0 98378051.62308607 98378129.51308607 249
20.05 0.0 82250933.90894175 82251011.79894175 401
25.45 0.0 68998283.89748526 68998361.78748526 509
39.3 0.0 52331345.25614356 52331423.14614356 786
56.3 0.0 45630138.623032734 45630216.513032734 1126
64.55 0.0 44905887.7098806 44905965.5998806 1291
67.2 0.0 41829023.42511099 41829101.31511099 1344
79.5 0.0 36597192.36564548 36597270.255645484 1590
82.95 0.0 32992627.280831385 32992705.170831386 1659
92.6 0.0 29877983.228593305 29878061.118593305 1852
250.6 0.0 28117353.70526872 28117431.59526872 5012
258.35 0.0 27324198.908460554 27324276.798460554 5167
271.7 0.0 27066184.947627723 27066262.837627724 5434
298.85 0.0 25114486.992736686 25114564.882736687 5977
311.0 0.0 25028848.596203133 25028926.486203134 6220
355.5 0.0 23066585.327511005 23066663.217511006 7110
448.15 0.0 21953184.447874848 21953262.33787485 8963
