5.2 0.09836065573770492 682.4480946342338 220.35809463423385 104
8.4 0.11475409836065574 516.0924237994479 54.00242379944797 168
11.25 0.11475409836065574 470.1243003616542 8.034300361654232 225
13.95 0.13114754098360656 377.26525963541053 -84.82474036458945 279
39.55 0.13114754098360656 369.4456059381747 -92.64439406182527 791
42.15 0.13114754098360656 369.2202334058238 -92.86976659417616 843
48.3 0.13114754098360656 359.1846788118388 -102.90532118816117 966
51.4 0.13114754098360656 350.33326411011853 -111.75673588988144 1028
57.45 0.13114754098360656 344.3716121038326 -117.71838789616737 1149
94.55 0.13114754098360656 329.60697014840616 -132.4830298515938 1891
110.55 0.13114754098360656 328.32083881794335 -133.76916118205662 2211
