5.6 0.11475409836065574 564.204243827967 529.454243827967 112
9.25 0.11475409836065574 477.84507059201036 443.09507059201036 185
11.45 0.11475409836065574 446.02665250157264 411.27665250157264 229
15.25 0.11475409836065574 428.72931063510447 393.97931063510447 305
20.15 0.11475409836065574 420.6044839236501 385.8544839236501 403
23.15 0.13114754098360656 389.1884168774545 354.4384168774545 463
26.2 0.13114754098360656 380.01131398095833 345.26131398095833 524
32.95 0.13114754098360656 364.2030341285758 329.4530341285758 659
39.65 0.13114754098360656 346.0796906245053 311.3296906245053 793
49.65 0.13114754098360656 318.26663965614307 283.51663965614307 993
121.2 0.13114754098360656 270.8480361724478 236.0980361724478 2424
