% fevals/dim | frac | F - F_opt (273.15) | best fitness | fevals
1.95 0.16393442622950818 103.96014979335064 377.1101497933506 39
3.75 0.18032786885245902 75.84970736248431 348.9997073624843 75
7.0 0.18032786885245902 63.95599966411697 337.10599966411695 140
11.05 0.19672131147540983 55.61995787863782 328.7699578786378 221
13.5 0.19672131147540983 50.51470430683611 323.6647043068361 270
17.4 0.19672131147540983 41.354852195100534 314.5048521951005 348
22.45 0.21311475409836064 33.19283260789126 306.34283260789124 449
26.45 0.21311475409836064 32.20614699892627 305.35614699892625 529
54.0 0.21311475409836064 31.41584582089166 304.56584582089164 1080
71.05 0.21311475409836064 29.57776271496442 302.7277627149644 1421
101.7 0.21311475409836064 27.42779402400845 300.5777940240084 2034
103.85 0.21311475409836064 25.583035526840945 298.7330355268409 2077
114.05 0.22950819672131148 24.97867558756809 298.12867558756807 2281
150.15 0.22950819672131148 24.40777275489404 297.557772754894 3003
184.5 0.22950819672131148 23.869972968768025 297.019972968768 3690
216.65 0.22950819672131148 23.464233866617747 296.6142338666177 4333
224.15 0.22950819672131148 23.023810751255837 296.1738107512558 4483
257.6 0.22950819672131148 21.062920030707687 294.21292003070766 5152
411.1 0.22950819672131148 20.560775044445165 293.71077504444514 8222
475.5 0.22950819672131148 19.685051585035012 292.835051585035 9510
