2.8 0.0 12756.34476326478 12610.76476326478 56
5.85 0.03278688524590164 5966.598128160249 5821.018128160249 117
11.7 0.03278688524590164 5178.27514775195 5032.69514775195 234
16.05 0.04918032786885246 3947.443817670267 3801.863817670267 321
16.85 0.04918032786885246 3899.43324927774 3753.85324927774 337
19.4 0.04918032786885246 2919.1459649727053 2773.5659649727054 388
27.8 0.04918032786885246 2833.5405588555914 2687.9605588555914 556
30.95 0.06557377049180328 2023.326410743025 1877.746410743025 619
34.95 0.08196721311475409 1524.2745611569096 1378.6945611569097 699
42.2 0.11475409836065574 467.6104035008625 322.03040350086246 844
54.3 0.11475409836065574 449.4765036236422 303.89650362364216 1086
56.4 0.16393442622950818 119.99698887298491 -25.583011127015098 1128
67.4 0.16393442622950818 119.42139885749843 -26.15860114250158 1348
79.1 0.16393442622950818 119.1578883182176 -26.42211168178241 1582
81.6 0.18032786885245902 64.43613955542386 -81.14386044457615 1632
87.35 0.18032786885245902 63.30654094671759 -82.27345905328242 1747
95.55 0.19672131147540983 45.77665975867714 -99.80334024132287 1911
101.2 0.19672131147540983 44.716027545263714 -100.8639724547363 2024
132.25 0.19672131147540983 44.64975250643731 -100.9302474935627 2645
