3.05 0.11475409836065574 597.782550849308 505.31255084930797 61
6.9 0.11475409836065574 483.97872326571087 391.50872326571084 138
12.25 0.13114754098360656 332.93102100883266 240.46102100883266 245
16.65 0.13114754098360656 330.85023472964303 238.38023472964304 333
19.6 0.13114754098360656 318.00097288937195 225.53097288937195 392
27.85 0.13114754098360656 280.0889288084703 187.61892880847032 557
36.05 0.14754098360655737 244.66914578936905 152.19914578936906 721
49.85 0.14754098360655737 243.51378083925158 151.04378083925158 997
71.55 0.14754098360655737 242.3307052606221 149.8607052606221 1431
92.6 0.14754098360655737 240.8475697993347 148.3775697993347 1852
131.5 0.14754098360655737 237.33217453486307 144.86217453486307 2630
163.55 0.14754098360655737 231.67931071699476 139.20931071699476 3271
329.25 0.14754098360655737 228.68269187852104 136.21269187852104 6585
386.85 0.14754098360655737 214.59649598737838 122.12649598737838 7737
459.9 0.14754098360655737 210.62405854029518 118.15405854029518 9198
