% fevals/dim | frac | F - F_opt (99.53) | best fitness | fevals
2.3 0.13114754098360656 307.89673680076555 407.4267368007655 46
7.4 0.13114754098360656 299.42349986073884 398.9534998607388 148
12.7 0.13114754098360656 292.27987241522885 391.8098724152288 254
15.5 0.13114754098360656 253.75434174645213 353.2843417464521 310
34.5 0.14754098360655737 236.13363758226532 335.6636375822653 690
55.35 0.14754098360655737 225.9316343942364 325.4616343942364 1107
72.9 0.14754098360655737 204.93728660267553 304.46728660267553 1458
109.65 0.14754098360655737 202.1661854320615 301.6961854320615 2193
138.95 0.14754098360655737 197.7987260450495 297.3287260450495 2779
172.9 0.14754098360655737 193.53083916622703 293.060839166227 3458
176.05 0.14754098360655737 193.38911921584005 292.91911921584006 3521
229.55 0.14754098360655737 182.90001368085936 282.43001368085936 4591
269.8 0.14754098360655737 181.57375662064842 281.1037566206484 5396
282.45 0.14754098360655737 179.98090656428664 279.51090656428664 5649
298.95 0.14754098360655737 176.37091010949345 275.90091010949345 5979
302.2 0.14754098360655737 176.30084659235123 275.83084659235124 6044
310.05 0.14754098360655737 175.3094636261064 274.8394636261064 6201
322.7 0.14754098360655737 172.01951419363186 271.54951419363186 6454
339.2 0.14754098360655737 170.49267661818052 270.0226766181805 6784
365.05 0.14754098360655737 168.1569551490904 267.6869551490904 7301
