6.75 0.0 12122.209007000805 11985.449007000805 135
12.5 0.06557377049180328 2027.81921145381 1891.0592114538101 250
26.2 0.09836065573770492 836.975310395062 700.215310395062 524
57.3 0.09836065573770492 805.2824133809794 668.5224133809794 1146
77.15 0.09836065573770492 774.2432016858148 637.4832016858148 1543
84.4 0.16393442622950818 101.07659638452685 -35.68340361547314 1688
114.7 0.18032786885245902 79.07064490810241 -57.68935509189758 2294
126.55 0.18032786885245902 64.53920057997976 -72.22079942002023 2531
154.65 0.18032786885245902 64.3008981213046 -72.45910187869539 3093
159.05 0.2786885245901639 4.87445219698256 -131.88554780301743 3181
185.6 0.2786885245901639 4.622056684162146 -132.13794331583784 3712
195.9 0.2786885245901639 4.599194762922565 -132.16080523707743 3918
219.7 0.2786885245901639 4.425107692543918 -132.33489230745607 4394
256.3 0.2786885245901639 4.2805242112757185 -132.47947578872427 5126
378.75 0.2786885245901639 4.1064371408971 -132.6535628591029 7575
