67.55 0.0 17796.555236121345 17659.795236121347 1351
74.9 0.0 15403.958386444738 15267.198386444737 1498
79.7 0.0 15351.066774272656 15214.306774272656 1594
94.05 0.0 15158.690775138142 15021.930775138142 1881
97.7 0.0 12991.108181371927 12854.348181371926 1954
110.0 0.0 10844.956811930648 10708.196811930648 2200
114.55 0.01639344262295082 7595.127382229686 7458.367382229686 2291
150.55 0.04918032786885246 3899.8376377993372 3763.077637799337 3011
160.7 0.06557377049180328 1719.3056389745582 1582.5456389745582 3214
253.9 0.08196721311475409 1065.750726579062 928.9907265790621 5078
287.1 0.09836065573770492 673.2594501450527 536.4994501450527 5742
290.75 0.13114754098360656 329.9794514323808 193.21945143238082 5815
398.1 0.14754098360655737 175.04207438464076 38.282074384640765 7962
404.1 0.16393442622950818 133.5001237844238 -3.2598762155761847 8082
405.55 0.16393442622950818 127.63947133507776 -9.120528664922233 8111
425.25 0.19672131147540983 45.52261663056548 -91.23738336943451 8505
492.65 0.22950819672131148 15.982128799659634 -120.77787120034036 9853
