12.95 0.04918032786885246 3754.231606262812 3608.651606262812 259
18.55 0.04918032786885246 3152.0104159391426 3006.4304159391427 371
21.25 0.08196721311475409 1289.3628792219658 1143.782879221966 425
26.8 0.08196721311475409 1106.9034384744257 961.3234384744256 536
27.25 0.11475409836065574 516.3459588725553 370.7659588725553 545
29.95 0.2786885245901639 5.093982361284475 -140.48601763871554 599
44.6 0.2786885245901639 4.579242164759421 -141.0007578352406 892
57.55 0.2786885245901639 4.484525383917969 -141.09547461608204 1151
74.75 0.2786885245901639 4.173877180222661 -141.40612281977735 1495
77.15 0.2786885245901639 4.086251874899659 -141.49374812510035 1543
79.8 0.29508196721311475 3.912706245247051 -141.66729375475296 1596
96.05 0.29508196721311475 3.8323447073362615 -141.74765529266375 1921
122.4 0.29508196721311475 3.791245277471859 -141.78875472252815 2448
127.65 0.29508196721311475 3.6582576369576145 -141.9217423630424 2553
146.85 0.29508196721311475 3.648072797198381 -141.93192720280163 2937
