% fevals/dim | frac | F - F_opt (-66.39) | best fitness | fevals
3.0 0.14754098360655737 245.0169086271427 178.6269086271427 60
6.0 0.14754098360655737 207.0504012553473 140.66040125534732 120
28.8 0.14754098360655737 193.37349603599813 126.98349603599813 576
43.35 0.14754098360655737 179.97961956352637 113.58961956352637 867
156.45 0.14754098360655737 176.61001689338437 110.22001689338437 3129
165.4 0.14754098360655737 172.42610871130705 106.03610871130705 3308
217.75 0.14754098360655737 170.04146627622956 103.65146627622956 4355
222.3 0.14754098360655737 167.00673595865595 100.61673595865595 4446
308.1 0.14754098360655737 163.6645925970966 97.2745925970966 6162
354.4 0.14754098360655737 160.95540255027714 94.56540255027714 7088
390.25 0.14754098360655737 160.2021423589391 93.81214235893911 7805
392.55 0.16393442622950818 158.36916164810668 91.97916164810668 7851
400.4 0.16393442622950818 157.69215850739982 91.30215850739982 8008
404.3 0.16393442622950818 156.10591760522937 89.71591760522936 8086
421.75 0.16393442622950818 155.53069942075888 89.14069942075888 8435
425.35 0.16393442622950818 152.41082610868045 86.02082610868045 8507
433.5 0.16393442622950818 152.21847537038923 85.82847537038923 8670
443.8 0.16393442622950818 150.07510463959034 83.68510463959034 8876
459.55 0.16393442622950818 149.098753197959 82.70875319795901 9191
474.85 0.16393442622950818 147.26577248712658 80.87577248712658 9497
482.35 0.16393442622950818 147.098753197959 80.70875319795901 9647
