% fevals/dim | frac | F - F_opt (-462.09) | best fitness | fevals
5.8 0.09836065573770492 864.7194687895983 402.6294687895983 116
10.7 0.11475409836065574 595.7034729803551 133.61347298035508 214
19.15 0.11475409836065574 560.654856825845 98.56485682584497 383
27.2 0.11475409836065574 550.2780156099155 88.18801560991557 544
34.8 0.11475409836065574 511.37448934215104 49.28448934215106 696
39.6 0.11475409836065574 416.68147559113254 -45.408524408867436 792
60.5 0.13114754098360656 396.4213995154448 -65.66860048455516 1210
64.0 0.13114754098360656 373.8050605398456 -88.28493946015436 1280
79.55 0.13114754098360656 353.33842175191825 -108.75157824808173 1591
83.8 0.13114754098360656 307.75790392270994 -154.33209607729003 1676
105.55 0.13114754098360656 294.2835136907334 -167.80648630926657 2111
128.25 0.13114754098360656 290.5552487141542 -171.5347512858458 2565
134.75 0.13114754098360656 269.16201680509 -192.92798319490998 2695
142.65 0.13114754098360656 256.1282960633555 -205.96170393664448 2853
166.85 0.13114754098360656 253.12768509315237 -208.9623149068476 3337
174.45 0.14754098360655737 236.6769434980696 -225.41305650193038 3489
184.4 0.14754098360655737 226.8302730569261 -235.25972694307387 3688
233.0 0.14754098360655737 215.90241518200145 -246.18758481799853 4660
273.1 0.14754098360655737 191.67191071775443 -270.41808928224555 5462
279.3 0.14754098360655737 187.148565416088 -274.941434583912 5586
386.0 0.14754098360655737 186.70723377456414 -275.38276622543583 7720
398.65 0.14754098360655737 186.63683133530714 -275.45316866469284 7973
425.75 0.14754098360655737 182.67276539675294 -279.41723460324704 8515
483.35 0.14754098360655737 175.80426459980941 -286.28573540019056 9667
