% fevals/dim | frac | F - F_opt (273.15) | best fitness | fevals
3.7 0.18032786885245902 66.4427600660922 339.5927600660922 74
8.75 0.19672131147540983 57.33143963617164 330.4814396361716 175
19.45 0.19672131147540983 54.12292075969884 327.2729207596988 389
26.6 0.19672131147540983 51.243504540392394 324.39350454039237 532
27.55 0.19672131147540983 48.26647416813694 321.4164741681369 551
33.7 0.19672131147540983 40.78170172953537 313.93170172953535 674
40.35 0.21311475409836064 39.36521966802388 312.51521966802386 807
66.75 0.21311475409836064 39.291192840156384 312.44119284015636 1335
73.05 0.21311475409836064 37.964037975710255 311.11403797571023 1461
200.3 0.21311475409836064 36.99739429311546 310.14739429311544 4006
238.95 0.21311475409836064 33.55960297594106 306.70960297594104 4779
356.8 0.21311475409836064 31.38609788711858 304.53609788711856 7136
