7.95 0.0 16212.332044904624 16066.752044904624 159
12.75 0.0 11638.76076485727 11493.18076485727 255
14.75 0.04918032786885246 2958.3387917152872 2812.7587917152873 295
25.0 0.09836065573770492 984.5259343747606 838.9459343747606 500
27.25 0.11475409836065574 509.08106573811506 363.501065738115 545
28.8 0.11475409836065574 448.5443735544234 302.96437355442333 576
31.85 0.13114754098360656 305.11323766416837 159.53323766416835 637
33.95 0.13114754098360656 289.1295214197022 143.5495214197022 679
42.25 0.14754098360655737 162.6557652841193 17.075765284119285 845
49.5 0.2786885245901639 4.923089741424377 -140.65691025857564 990
67.7 0.2786885245901639 4.4834866708243055 -141.0965133291757 1354
78.3 0.2786885245901639 4.435164822154746 -141.14483517784527 1566
98.95 0.2786885245901639 4.270340622976391 -141.30965937702362 1979
103.0 0.29508196721311475 3.940118563405406 -141.6398814365946 2060
124.9 0.29508196721311475 3.864959463053168 -141.71504053694684 2498
131.6 0.29508196721311475 3.766031493026759 -141.81396850697325 2632
145.7 0.29508196721311475 3.641116042321073 -141.93888395767894 2914
161.3 0.29508196721311475 3.602560329080063 -141.97743967091995 3226
170.1 0.29508196721311475 3.5985860905190066 -141.981413909481 3402
178.3 0.29508196721311475 3.557486660654604 -142.0225133393454 3566
181.35 0.29508196721311475 3.4244990201403596 -142.15550097985965 3627
189.25 0.29508196721311475 3.383399590275957 -142.19660040972406 3785
