% fevals/dim | frac | F - F_opt (273.15) | best fitness | fevals
3.7 0.18032786885245902 66.4427600660922 339.5927600660922 74
8.7 0.19672131147540983 59.59177497517385 332.7417749751738 174
14.15 0.19672131147540983 48.3021407557132 321.4521407557132 283
21.25 0.21311475409836064 39.157458563770206 312.3074585637702 425
29.85 0.21311475409836064 35.52843044032028 308.67843044032026 597
39.8 0.21311475409836064 32.508790512584596 305.6587905125846 796
47.65 0.21311475409836064 29.04257907175463 302.1925790717546 953
55.45 0.22950819672131148 19.62420810991722 292.7742081099172 1109
75.2 0.22950819672131148 18.116383595529953 291.26638359552993 1504
98.4 0.22950819672131148 16.539825627397647 289.6898256273976 1968
104.0 0.22950819672131148 16.26432901656335 289.41432901656333 2080
117.35 0.2459016393442623 14.750904644069237 287.9009046440692 2347
142.25 0.2459016393442623 11.666285764864483 284.81628576486446 2845
188.3 0.2459016393442623 11.084052630704605 284.2340526307046 3766
270.1 0.2459016393442623 10.370575478556077 283.52057547855605 5402
346.25 0.2459016393442623 10.111618143704675 283.26161814370465 6925
402.95 0.2459016393442623 10.051726297302878 283.20172629730286 8059
428.15 0.26229508196721313 8.39734211307973 281.5473421130797 8563
