7.15 0.0 10964.04465826253 10827.28465826253 143
12.7 0.0 10462.048594087637 10325.288594087637 254
14.45 0.03278688524590164 6194.816407833247 6058.056407833246 289
19.15 0.06557377049180328 2361.578262152695 2224.818262152695 383
24.1 0.08196721311475409 1201.090573557492 1064.330573557492 482
31.1 0.09836065573770492 729.5697836903579 592.8097836903579 622
45.6 0.09836065573770492 693.254451392038 556.4944513920381 912
58.85 0.13114754098360656 388.7976620070431 252.03766200704308 1177
84.3 0.14754098360655737 186.4921804711955 49.732180471195505 1686
86.15 0.14754098360655737 186.43003622361377 49.67003622361378 1723
90.15 0.14754098360655737 186.31499464914015 49.554994649140156 1803
96.25 0.22950819672131148 23.35164638242557 -113.40835361757442 1925
103.85 0.22950819672131148 23.02470754146198 -113.73529245853801 2077
120.85 0.22950819672131148 22.847521719406615 -113.91247828059338 2417
142.05 0.22950819672131148 22.80130450949747 -113.95869549050252 2841
