% fevals/dim | frac | F - F_opt (273.15) | best fitness | fevals
3.7 0.18032786885245902 66.4427600660922 339.5927600660922 74
9.15 0.21311475409836064 39.61375846437039 312.76375846437037 183
30.65 0.21311475409836064 36.4235888984245 309.5735888984245 613
42.6 0.21311475409836064 33.82146802470305 306.97146802470303 852
63.3 0.21311475409836064 30.166151180906752 303.31615118090673 1266
73.05 0.21311475409836064 28.159159144481237 301.3091591444812 1461
97.6 0.21311475409836064 25.44735635330551 298.5973563533055 1952
104.0 0.22950819672131148 22.822335399532733 295.9723353995327 2080
173.8 0.22950819672131148 21.784822912537095 294.9348229125371 3476
197.5 0.22950819672131148 20.802658650435262 293.95265865043524 3950
230.45 0.22950819672131148 20.602567655113717 293.7525676551137 4609
279.5 0.22950819672131148 20.49807139945659 293.64807139945657 5590
298.3 0.22950819672131148 19.094924105320786 292.24492410532076 5966
418.35 0.22950819672131148 18.083543927388064 291.23354392738804 8367
446.7 0.22950819672131148 16.848522091641712 289.9985220916417 8934
