9.5 0.0 17732.003288982996 17595.243288982998 190
10.0 0.0 13744.257104535936 13607.497104535936 200
18.15 0.01639344262295082 6665.1709512817615 6528.410951281761 363
21.05 0.03278688524590164 5464.0022265728 5327.2422265728 421
28.55 0.04918032786885246 3881.1289129011084 3744.368912901108 571
30.7 0.08196721311475409 1534.422212787822 1397.662212787822 614
46.2 0.09836065573770492 899.3959263525812 762.6359263525812 924
50.4 0.09836065573770492 875.163047309075 738.403047309075 1008
57.85 0.11475409836065574 620.6246812229351 483.86468122293513 1157
60.4 0.11475409836065574 502.30387883759886 365.54387883759887 1208
67.1 0.11475409836065574 411.8131198493327 275.0531198493327 1342
71.25 0.26229508196721313 6.785412680659789 -129.9745873193402 1425
114.95 0.2786885245901639 4.642812263303085 -132.1171877366969 2299
133.5 0.2786885245901639 4.430796644062326 -132.32920335593766 2670
134.35 0.2786885245901639 4.327380079295807 -132.43261992070418 2687
169.4 0.2786885245901639 4.067222247816574 -132.69277775218342 3388
174.3 0.29508196721311475 3.628454191659813 -133.13154580834018 3486
252.15 0.29508196721311475 3.530847125410588 -133.2291528745894 5043
268.0 0.29508196721311475 3.2875635711940845 -133.4724364288059 5360
