5.35 0.0 18248.386781385983 18102.80678138598 107
6.2 0.06557377049180328 2340.0082933556014 2194.4282933556015 124
14.85 0.06557377049180328 2302.8598117699357 2157.279811769936 297
18.35 0.08196721311475409 1156.7102233768812 1011.1302233768812 367
34.95 0.08196721311475409 1155.8700967985565 1010.2900967985564 699
40.9 0.09836065573770492 968.9037990317581 823.3237990317581 818
41.5 0.09836065573770492 779.1541916554648 633.5741916554648 830
46.2 0.11475409836065574 599.8424971170184 454.26249711701837 924
52.15 0.11475409836065574 598.8697497931796 453.28974979317957 1043
59.2 0.11475409836065574 468.26343546740236 322.6834354674023 1184
64.6 0.22950819672131148 22.793607701623756 -122.78639229837626 1292
114.45 0.22950819672131148 22.789468668228224 -122.79053133177179 2289
133.4 0.2786885245901639 4.816899333681704 -140.7631006663183 2668
148.15 0.2786885245901639 4.498228782034886 -141.08177121796513 2963
186.5 0.29508196721311475 3.9226387665484026 -141.6573612334516 3730
209.35 0.29508196721311475 3.7485516961697556 -141.83144830383026 4187
218.4 0.29508196721311475 3.5821800498896437 -141.99781995011037 4368
