% fevals/dim | frac | F - F_opt (-568.88) | best fitness | fevals
6.55 0.0 1300899.1602149657 1300330.2802149658 131
13.0 0.0 1139989.5743887236 1139420.6943887237 260
26.55 0.0 824439.8668971146 823870.9868971145 531
46.2 0.0 781040.9843360982 780472.1043360982 924
52.25 0.0 690565.9109805813 689997.0309805813 1045
59.95 0.0 577598.9515200944 577030.0715200944 1199
66.55 0.0 539796.8725654185 539227.9925654185 1331
69.45 0.0 422738.27544733015 422169.39544733014 1389
78.6 0.0 403534.1779065348 402965.2979065348 1572
90.9 0.0 380466.8196129947 379897.93961299467 1818
96.65 0.0 373648.02187743376 373079.14187743375 1933
113.6 0.0 317171.0569830673 316602.1769830673 2272
182.9 0.0 310116.52145417023 309547.6414541702 3658
198.3 0.0 309222.0222498914 308653.1422498914 3966
206.4 0.0 309082.7452028171 308513.8652028171 4128
214.1 0.0 308468.72716025764 307899.84716025763 4282
221.8 0.0 308467.5036478105 307898.6236478105 4436
228.75 0.0 305123.5890568463 304554.7090568463 4575
250.8 0.0 304907.83061759674 304338.95061759674 5016
260.3 0.0 303551.2445691854 302982.3645691854 5206
262.75 0.0 300001.6804972712 299432.8004972712 5255
309.8 0.0 296620.69995857007 296051.81995857006 6196
356.0 0.0 296574.7485649809 296005.8685649809 7120
375.25 0.0 295460.4325082077 294891.5525082077 7505
466.5 0.0 295414.4811146185 294845.6011146185 9330
486.5 0.0 295063.4259907387 294494.54599073867 9730
