20.1 0.11475409836065574 560.4979049307634 525.7479049307634 402
24.75 0.11475409836065574 453.7231271793417 418.9731271793417 495
42.6 0.13114754098360656 386.28134085329623 351.53134085329623 852
50.95 0.13114754098360656 345.89701334149845 311.14701334149845 1019
59.8 0.13114754098360656 290.55813000912394 255.80813000912394 1196
83.25 0.13114754098360656 286.47394957974035 251.72394957974035 1665
95.15 0.13114754098360656 268.08426464300805 233.33426464300805 1903
110.05 0.14754098360655737 246.7507840445901 212.0007840445901 2201
145.55 0.14754098360655737 210.0504441589077 175.3004441589077 2911
264.85 0.14754098360655737 209.9657825423086 175.2157825423086 5297
279.45 0.14754098360655737 209.67038009576487 174.92038009576487 5589
307.05 0.14754098360655737 206.93851919373776 172.18851919373776 6141
428.15 0.14754098360655737 185.29391417892873 150.54391417892873 8563
484.1 0.14754098360655737 166.32529541936265 131.57529541936265 9682
