% fevals/dim | frac | F - F_opt (273.15) | best fitness | fevals
1.95 0.16393442622950818 103.96014979335064 377.1101497933506 39
6.4 0.19672131147540983 52.29282935439318 325.44282935439315 128
19.7 0.19672131147540983 44.91199447678463 318.0619944767846 394
24.75 0.21311475409836064 38.75277538858097 311.90277538858095 495
26.95 0.21311475409836064 33.305178093818256 306.45517809381823 539
48.4 0.21311475409836064 31.08550447879486 304.23550447879484 968
50.15 0.21311475409836064 29.623153719341474 302.77315371934145 1003
53.7 0.21311475409836064 25.96837532329414 299.1183753232941 1074
62.35 0.21311475409836064 25.722241663716545 298.8722416637165 1247
69.6 0.22950819672131148 23.405494991936735 296.5554949919367 1392
73.45 0.22950819672131148 21.593177196478393 294.74317719647837 1469
90.55 0.22950819672131148 20.71821459542622 293.8682145954262 1811
123.25 0.22950819672131148 19.605591375949416 292.7555913759494 2465
129.65 0.22950819672131148 16.399043877900397 289.5490438779004 2593
165.3 0.2459016393442623 14.199663339616563 287.34966333961654 3306
186.75 0.26229508196721313 9.771749185454155 282.92174918545413 3735
221.25 0.26229508196721313 8.171798588919387 281.32179858891936 4425
440.15 0.26229508196721313 7.4177602870447 280.5677602870447 8803
