3.95 0.26229508196721313 9.90292050281198 -137.99707949718803 79
11.7 0.26229508196721313 9.273530132583119 -138.6264698674169 234
15.2 0.26229508196721313 8.796095458300272 -139.10390454169973 304
17.8 0.26229508196721313 8.191905351693777 -139.70809464830623 356
26.95 0.26229508196721313 7.731170824254264 -140.16882917574574 539
28.5 0.26229508196721313 6.556352657949844 -141.34364734205016 570
38.8 0.2786885245901639 5.726781752623879 -142.17321824737613 776
174.35 0.2786885245901639 5.496003752237499 -142.4039962477625 3487
207.55 0.2786885245901639 5.292984833812255 -142.60701516618775 4151
214.95 0.2786885245901639 5.202063367508174 -142.69793663249183 4299
359.3 0.2786885245901639 4.759781275546601 -143.1402187244534 7186
