5.05 0.26229508196721313 9.816192127147644 -138.08380787285236 101
18.75 0.26229508196721313 9.353003040669591 -138.54699695933041 375
19.85 0.26229508196721313 9.056031975631925 -138.84396802436808 397
25.85 0.26229508196721313 9.052501895411325 -138.84749810458868 517
28.55 0.26229508196721313 8.204364928608044 -139.69563507139196 571
47.25 0.26229508196721313 7.882756160818502 -140.0172438391815 945
69.65 0.26229508196721313 7.036015433251293 -140.8639845667487 1393
140.95 0.26229508196721313 6.815436112936425 -141.08456388706358 2819
183.85 0.26229508196721313 6.721974768550979 -141.17802523144903 3677
211.45 0.26229508196721313 6.611277082896464 -141.28872291710354 4229
216.15 0.26229508196721313 6.595893406797273 -141.30410659320273 4323
222.55 0.2786885245901639 6.182788617231893 -141.7172113827681 4451
270.8 0.2786885245901639 5.557668068508178 -142.34233193149183 5416
