3.75 0.09836065573770492 637.9655849920118 175.87558499201185 75
7.15 0.11475409836065574 581.3335973590156 119.24359735901561 143
10.35 0.11475409836065574 463.10134634411054 1.0113463441105637 207
12.8 0.11475409836065574 437.46020577497217 -24.62979422502781 256
16.2 0.11475409836065574 423.2701531721747 -38.8198468278253 324
26.3 0.11475409836065574 404.34272494487413 -57.74727505512584 526
28.0 0.13114754098360656 395.83186086290186 -66.25813913709811 560
33.8 0.13114754098360656 353.5810554143359 -108.5089445856641 676
37.85 0.13114754098360656 349.8595009613804 -112.2304990386196 757
45.0 0.13114754098360656 326.88568388806164 -135.20431611193834 900
59.4 0.13114754098360656 313.92664089496805 -148.16335910503193 1188
67.05 0.13114754098360656 310.1624846849735 -151.92751531502648 1341
78.45 0.13114754098360656 298.5597192684854 -163.53028073151455 1569
86.0 0.13114754098360656 292.22507966592633 -169.86492033407364 1720
103.2 0.13114754098360656 276.50156244622474 -185.58843755377524 2064
132.7 0.13114754098360656 260.3978730092009 -201.69212699079907 2654
157.35 0.13114754098360656 260.350652963525 -201.73934703647495 3147
163.1 0.13114754098360656 254.55797313169668 -207.5320268683033 3262
184.45 0.13114754098360656 252.3810009982621 -209.70899900173788 3689
