% fevals/dim | frac | F - F_opt (-66.39) | best fitness | fevals
1.6 0.14754098360655737 250.61105465727212 184.22105465727213 32
11.8 0.14754098360655737 237.98765849243995 171.59765849243996 236
15.8 0.14754098360655737 235.5482163291092 169.15821632910922 316
21.45 0.14754098360655737 228.50448563901125 162.11448563901126 429
24.55 0.14754098360655737 224.95128209764636 158.56128209764637 491
28.9 0.14754098360655737 212.5392922043032 146.1492922043032 578
37.2 0.14754098360655737 208.1610870842867 141.7710870842867 744
50.25 0.14754098360655737 201.76100470143143 135.37100470143145 1005
53.85 0.14754098360655737 201.63365180560345 135.24365180560346 1077
58.45 0.14754098360655737 189.7986839380127 123.40868393801269 1169
78.45 0.14754098360655737 182.31152757000993 115.92152757000993 1569
82.4 0.14754098360655737 167.1791828293213 100.78918282932129 1648
122.5 0.14754098360655737 166.87574820470866 100.48574820470866 2450
127.65 0.14754098360655737 161.56607117612404 95.17607117612404 2553
163.8 0.14754098360655737 160.37756555114746 93.98756555114745 3276
188.75 0.14754098360655737 158.73288405115844 92.34288405115844 3775
191.3 0.16393442622950818 158.2863944227157 91.89639442271569 3826
194.7 0.16393442622950818 150.6138313174918 84.22383131749179 3894
200.6 0.16393442622950818 148.93240789370105 82.54240789370105 4012
250.1 0.16393442622950818 141.9252434864307 75.5352434864307 5002
275.25 0.16393442622950818 141.3840651789455 74.99406517894549 5505
299.05 0.16393442622950818 138.74741428021514 72.35741428021514 5981
320.4 0.16393442622950818 137.8501426994127 71.46014269941269 6408
330.7 0.16393442622950818 136.41169281112502 70.02169281112502 6614
