% fevals/dim | frac | F - F_opt (-568.88) | best fitness | fevals
1.75 0.0 3346150.7389059784 3345581.8589059785 35
7.25 0.0 2681279.5629329444 2680710.6829329445 145
8.6 0.0 1686479.830231311 1685910.9502313111 172
15.25 0.0 1266271.277261335 1265702.397261335 305
17.0 0.0 890683.7944798074 890114.9144798074 340
25.2 0.0 694882.0838567233 694313.2038567233 504
25.85 0.0 512401.9795775199 511833.09957751987 517
29.65 0.0 473998.5978452423 473429.7178452423 593
46.95 0.0 455281.724363759 454712.844363759 939
49.75 0.0 439550.5016804426 438981.6216804426 995
51.45 0.0 436003.0447098737 435434.1647098737 1029
54.9 0.0 394534.44557788287 393965.56557788287 1098
82.9 0.0 394137.43906041386 393568.55906041386 1658
85.3 0.0 375918.47051471716 375349.59051471716 1706
89.55 0.0 375521.4639972482 374952.5839972482 1791
