12.6 0.2459016393442623 12.834149891895066 -135.06585010810494 252
16.6 0.26229508196721313 9.55117285041689 -138.34882714958312 332
25.5 0.26229508196721313 8.959146573872943 -138.94085342612706 510
31.65 0.26229508196721313 7.585119842197969 -140.31488015780204 633
36.45 0.26229508196721313 6.7184406751099175 -141.1815593248901 729
52.35 0.2786885245901639 5.919374808095995 -141.980625191904 1047
76.35 0.2786885245901639 5.526050181952172 -142.37394981804783 1527
156.8 0.2786885245901639 4.984899047497976 -142.91510095250203 3136
180.55 0.2786885245901639 4.846553624809161 -143.05344637519084 3611
212.6 0.2786885245901639 4.845606424217493 -143.0543935757825 4252
238.7 0.2786885245901639 4.698139208755208 -143.2018607912448 4774
252.2 0.2786885245901639 4.347793693171354 -143.55220630682865 5044
