4.05 0.09836065573770492 805.3537527891164 343.2637527891164 81
9.85 0.09836065573770492 657.8371695989435 195.74716959894357 197
12.6 0.09836065573770492 654.2874227973576 192.19742279735766 252
15.55 0.11475409836065574 540.0572896161518 77.96728961615185 311
20.1 0.11475409836065574 473.3756901610201 11.285690161020113 402
27.0 0.11475409836065574 460.0422122529617 -2.047787747038285 540
27.65 0.11475409836065574 436.64240725278387 -25.447592747216106 553
31.15 0.13114754098360656 354.91591733242194 -107.17408266757803 623
36.75 0.13114754098360656 348.5451384844431 -113.54486151555687 735
60.3 0.13114754098360656 333.6570173931231 -128.43298260687686 1206
90.25 0.13114754098360656 324.1604950328664 -137.9295049671336 1805
95.7 0.13114754098360656 293.0929960010098 -168.99700399899018 1914
155.0 0.13114754098360656 290.12484612276944 -171.96515387723053 3100
