% fevals/dim | frac | F - F_opt (77.89) | best fitness | fevals
2.0 0.0 303777482.8634992 303777560.7534992 40
5.1 0.0 138104510.3689033 138104588.2589033 102
8.8 0.0 129939428.86876756 129939506.75876756 176
9.75 0.0 108036200.25444126 108036278.14444126 195
14.45 0.0 90784160.26260853 90784238.15260853 289
15.7 0.0 74099498.26411651 74099576.15411651 314
19.05 0.0 64231288.174893014 64231366.064893015 381
21.7 0.0 46093910.33955837 46093988.22955837 434
26.85 0.0 38949326.05408601 38949403.94408601 537
29.2 0.0 32160828.783732943 32160906.673732944 584
37.45 0.0 28278753.521356843 28278831.411356844 749
45.6 0.0 27373905.254836954 27373983.144836955 912
48.9 0.0 25343311.33613413 25343389.22613413 978
54.0 0.0 24745454.845925108 24745532.73592511 1080
60.0 0.0 24548709.674451914 24548787.564451914 1200
72.0 0.0 23983225.33379703 23983303.22379703 1440
73.4 0.0 23621103.321908087 23621181.211908087 1468
76.7 0.0 21832180.541910995 21832258.431910995 1534
83.85 0.0 20876022.763385717 20876100.653385717 1677
87.6 0.0 19264751.291334633 19264829.181334633 1752
125.35 0.0 18349168.790767003 18349246.680767003 2507
138.05 0.0 16730126.522331465 16730204.412331466 2761
142.35 0.0 16719377.970639827 16719455.860639827 2847
172.75 0.0 16571476.086377453 16571553.976377454 3455
197.85 0.0 15766474.26639629 15766552.15639629 3957
200.1 0.0 13629498.182406822 13629576.072406823 4002
207.55 0.0 12733842.179327503 12733920.069327503 4151
