4.2 0.09836065573770492 769.6007657559595 307.51076575595954 84
5.65 0.09836065573770492 647.1866400952186 185.09664009521867 113
8.6 0.11475409836065574 505.1856366680769 43.09563666807691 172
11.2 0.11475409836065574 500.01623555052754 37.926235550527565 224
13.35 0.11475409836065574 455.9567231764276 -6.133276823572373 267
16.25 0.13114754098360656 386.27715551315595 -75.81284448684403 325
36.15 0.13114754098360656 379.14341701671367 -82.9465829832863 723
40.35 0.13114754098360656 375.2273518519118 -86.86264814808817 807
43.95 0.13114754098360656 357.36193374481854 -104.72806625518143 879
60.4 0.13114754098360656 353.58036555880653 -108.50963444119344 1208
63.3 0.13114754098360656 353.01752897163834 -109.07247102836163 1266
66.9 0.13114754098360656 348.6788094636704 -113.41119053632957 1338
71.75 0.13114754098360656 346.1555461167817 -115.93445388321828 1435
74.85 0.13114754098360656 338.74465378717275 -123.34534621282722 1497
78.95 0.13114754098360656 335.831186022566 -126.25881397743399 1579
80.7 0.13114754098360656 327.4719879596836 -134.6180120403164 1614
85.35 0.13114754098360656 320.2688723944524 -141.8211276055476 1707
