% fevals/dim | frac | F - F_opt (-66.39) | best fitness | fevals
1.6 0.14754098360655737 250.61105465727212 184.22105465727213 32
7.9 0.14754098360655737 241.37741203232952 174.98741203232953 158
11.8 0.14754098360655737 232.48012742012742 166.09012742012743 236
13.35 0.14754098360655737 163.68329543433038 97.29329543433037 267
34.5 0.16393442622950818 156.42617544310087 90.03617544310087 690
50.2 0.16393442622950818 145.45160218688235 79.06160218688235 1004
70.9 0.16393442622950818 137.15629278647938 70.76629278647938 1418
107.95 0.16393442622950818 134.6365467121915 68.24654671219149 2159
116.8 0.16393442622950818 133.7598712117861 67.3698712117861 2336
124.5 0.16393442622950818 128.1500596079646 61.76005960796461 2490
153.55 0.16393442622950818 127.56060515858411 61.17060515858411 3071
162.3 0.16393442622950818 124.1067904964917 57.7167904964917 3246
174.15 0.16393442622950818 119.68815531598528 53.298155315985284 3483
230.1 0.16393442622950818 118.53973530423276 52.14973530423276 4602
238.65 0.16393442622950818 117.76408713221281 51.37408713221281 4773
244.55 0.16393442622950818 114.7029796523567 48.3129796523567 4891
246.6 0.16393442622950818 109.76519844269583 43.37519844269583 4932
248.25 0.16393442622950818 108.15446160703267 41.76446160703267 4965
261.05 0.16393442622950818 105.20712113294069 38.817121132940684 5221
286.7 0.16393442622950818 104.76800490697893 38.37800490697893 5734
294.05 0.16393442622950818 100.92645072144424 34.53645072144424 5881
300.75 0.18032786885245902 97.3978394527376 31.0078394527376 6015
311.75 0.18032786885245902 94.2095907141549 27.8195907141549 6235
349.7 0.18032786885245902 92.9711427048444 26.581142704844396 6994
372.8 0.18032786885245902 92.72231677335901 26.33231677335901 7456
377.8 0.18032786885245902 89.51815305701308 23.12815305701308 7556
398.5 0.18032786885245902 87.10931443299734 20.719314432997336 7970
417.85 0.18032786885245902 86.54180161538179 20.151801615381785 8357
435.5 0.18032786885245902 84.47266353426699 18.082663534266985 8710
