% fevals/dim | frac | F - F_opt (-568.88) | best fitness | fevals
1.75 0.0 3346150.7389059784 3345581.8589059785 35
3.15 0.0 3079755.185855948 3079186.305855948 63
7.0 0.0 1723581.1976122984 1723012.3176122985 140
11.65 0.0 812178.3325987002 811609.4525987002 233
12.05 0.0 594554.8430284732 593985.9630284732 241
23.4 0.0 557243.6356292439 556674.7556292439 468
26.35 0.0 447376.6003894789 446807.7203894789 527
31.3 0.0 434013.33403804014 433444.45403804013 626
35.05 0.0 406420.38546713995 405851.50546713994 701
39.0 0.0 384617.246197207 384048.366197207 780
63.7 0.0 383365.931286816 382797.051286816 1274
72.2 0.0 375366.60397064744 374797.72397064744 1444
79.0 0.0 368613.47284156474 368044.59284156474 1580
96.55 0.0 368061.60629749496 367492.72629749496 1931
97.7 0.0 363707.3227212392 363138.4427212392 1954
117.9 0.0 363704.1607917015 363135.2807917015 2358
123.1 0.0 363163.21073345945 362594.33073345944 2462
144.95 0.0 359569.58889798523 359000.7088979852 2899
150.45 0.0 352264.5912248328 351695.7112248328 3009
164.95 0.0 351720.4792370531 351151.5992370531 3299
