6.0 0.11475409836065574 494.9990923468557 32.90909234685574 120
16.85 0.11475409836065574 459.5229701898712 -2.5670298101287585 337
19.25 0.13114754098360656 381.8360545970017 -80.25394540299828 385
27.25 0.13114754098360656 344.8020722833311 -117.28792771666889 545
35.4 0.13114754098360656 320.5947146952798 -141.4952853047202 708
46.25 0.13114754098360656 290.87935252559316 -171.2106474744068 925
50.7 0.13114754098360656 271.503847020321 -190.58615297967896 1014
55.1 0.13114754098360656 265.7513031191435 -196.3386968808565 1102
67.9 0.13114754098360656 255.66895120947038 -206.4210487905296 1358
73.25 0.14754098360655737 239.9076993675082 -222.18230063249177 1465
80.3 0.14754098360655737 236.05124882304548 -226.0387511769545 1606
84.1 0.14754098360655737 228.22603821754637 -233.8639617824536 1682
112.15 0.14754098360655737 228.11541353954277 -233.9745864604572 2243
125.95 0.14754098360655737 220.12766206351887 -241.9623379364811 2519
131.2 0.14754098360655737 218.64419017591538 -243.4458098240846 2624
134.15 0.14754098360655737 217.13620264995853 -244.95379735004144 2683
158.75 0.14754098360655737 213.54699755470202 -248.54300244529796 3175
191.5 0.14754098360655737 213.326807972607 -248.76319202739296 3830
199.75 0.14754098360655737 212.60715743769325 -249.48284256230673 3995
202.75 0.14754098360655737 212.26086622423918 -249.8291337757608 4055
244.25 0.14754098360655737 211.37002542126737 -250.7199745787326 4885
260.55 0.14754098360655737 210.08389409080456 -252.0061059091954 5211
295.85 0.14754098360655737 208.72290129648877 -253.3670987035112 5917
