% fevals/dim | frac | F - F_opt (273.15) | best fitness | fevals
3.05 0.18032786885245902 95.5890266224095 368.7390266224095 61
6.05 0.18032786885245902 80.47657786369405 353.626577863694 121
8.0 0.19672131147540983 58.81161087498941 331.9616108749894 160
10.75 0.19672131147540983 55.190727445494474 328.34072744549445 215
20.1 0.19672131147540983 46.222946522635766 319.37294652263574 402
31.1 0.19672131147540983 40.566928555800644 313.7169285558006 622
38.3 0.19672131147540983 40.481094898116396 313.6310948981164 766
40.3 0.21311475409836064 36.74722530523525 309.8972253052352 806
62.55 0.21311475409836064 36.44544980947569 309.59544980947567 1251
74.75 0.21311475409836064 35.347799683716346 308.4977996837163 1495
83.65 0.21311475409836064 35.06176757225205 308.21176757225203 1673
91.4 0.21311475409836064 31.681669766116727 304.8316697661167 1828
287.1 0.21311475409836064 30.93022647867724 304.0802264786772 5742
346.3 0.21311475409836064 29.18466279948575 302.3346627994857 6926
411.25 0.21311475409836064 28.363959907917206 301.5139599079172 8225
436.3 0.21311475409836064 28.350350432474613 301.5003504324746 8726
474.6 0.21311475409836064 27.567095805255803 300.7170958052558 9492
