3.25 0.09836065573770492 806.3852733023564 344.2952733023564 65
7.0 0.11475409836065574 583.9339898291094 121.84398982910938 140
9.85 0.11475409836065574 513.5396095736446 51.449609573644636 197
11.1 0.11475409836065574 461.3427779371544 -0.7472220628455943 222
13.65 0.11475409836065574 438.98793666703745 -23.10206333296253 273
17.55 0.13114754098360656 391.02898608542694 -71.06101391457304 351
19.7 0.13114754098360656 380.5598295955392 -81.53017040446076 394
22.3 0.13114754098360656 377.4761504170666 -84.61384958293337 446
24.7 0.13114754098360656 377.2920939596741 -84.79790604032587 494
26.05 0.13114754098360656 337.763708554903 -124.32629144509696 521
32.3 0.13114754098360656 302.54831929278805 -159.54168070721192 646
55.05 0.13114754098360656 283.1777981190979 -178.9122018809021 1101
95.0 0.13114754098360656 280.30604811983403 -181.78395188016594 1900
113.05 0.13114754098360656 267.62164123047205 -194.46835876952792 2261
132.25 0.13114754098360656 264.6455228638058 -197.44447713619417 2645
134.6 0.13114754098360656 257.42972313096055 -204.66027686903942 2692
142.65 0.14754098360655737 242.58736604154512 -219.50263395845485 2853
161.4 0.14754098360655737 236.74746616404096 -225.34253383595902 3228
