% fevals/dim | frac | F - F_opt (92.94) | best fitness | fevals
1.5 0.08196721311475409 1097.561313454448 1190.501313454448 30
4.7 0.09836065573770492 785.1906809924214 878.1306809924215 94
8.05 0.11475409836065574 604.0003311051287 696.9403311051287 161
12.0 0.11475409836065574 441.4718005407835 534.4118005407835 240
15.25 0.13114754098360656 326.1739114297682 419.1139114297682 305
21.45 0.13114754098360656 298.45008401274447 391.39008401274447 429
25.85 0.13114754098360656 272.5667542071459 365.5067542071459 517
31.4 0.14754098360655737 238.69462383787408 331.6346238378741 628
37.2 0.14754098360655737 200.76189032387663 293.7018903238766 744
40.15 0.14754098360655737 199.35904440140058 292.2990444014006 803
42.2 0.14754098360655737 170.318908962188 263.258908962188 844
49.4 0.16393442622950818 132.15167805763937 225.09167805763937 988
55.25 0.18032786885245902 93.36924730007479 186.3092473000748 1105
84.6 0.18032786885245902 89.61127454023767 182.55127454023767 1692
87.35 0.18032786885245902 83.06083294132395 176.00083294132395 1747
120.85 0.18032786885245902 79.07496626958928 172.01496626958928 2417
135.9 0.18032786885245902 77.1837234072728 170.1237234072728 2718
147.25 0.18032786885245902 74.56249668101628 167.50249668101628 2945
193.95 0.18032786885245902 73.61307894721887 166.55307894721886 3879
194.75 0.19672131147540983 61.49864740397723 154.43864740397723 3895
202.9 0.19672131147540983 58.05907478338682 150.99907478338682 4058
212.95 0.19672131147540983 54.84320015822726 147.78320015822726 4259
304.8 0.19672131147540983 54.8311459608517 147.7711459608517 6096
365.65 0.19672131147540983 53.16084489778473 146.10084489778473 7313
405.0 0.19672131147540983 52.16778759998462 145.10778759998462 8100
423.1 0.19672131147540983 51.81934173271577 144.75934173271577 8462
