% fevals/dim | frac | F - F_opt (3.82) | best fitness | fevals
2.35 0.09836065573770492 631.6814613002732 635.5014613002733 47
2.95 0.13114754098360656 329.36348911456247 333.18348911456246 59
7.2 0.13114754098360656 322.76058007557845 326.58058007557844 144
12.8 0.13114754098360656 280.56198198471213 284.3819819847121 256
17.5 0.14754098360655737 206.228615335205 210.048615335205 350
18.8 0.14754098360655737 184.17661218047195 187.99661218047194 376
22.35 0.16393442622950818 108.3947757662583 112.2147757662583 447
31.05 0.16393442622950818 108.16478810297995 111.98478810297995 621
33.5 0.18032786885245902 96.33263882769701 100.152638827697 670
51.7 0.18032786885245902 88.79960472874905 92.61960472874904 1034
57.0 0.18032786885245902 68.1675528053186 71.9875528053186 1140
61.2 0.19672131147540983 55.02589631640887 58.84589631640887 1224
113.75 0.19672131147540983 51.497492453116024 55.317492453116024 2275
115.55 0.21311475409836064 34.80889490593175 38.62889490593175 2311
129.9 0.21311475409836064 28.46372446125615 32.28372446125615 2598
247.35 0.22950819672131148 21.671248235211067 25.491248235211067 4947
317.1 0.22950819672131148 20.614903681988235 24.434903681988235 6342
