13.4 0.0 16359.78896340855 16214.20896340855 268
25.5 0.01639344262295082 8374.153970775533 8228.573970775533 510
95.25 0.03278688524590164 5495.711550360941 5350.131550360941 1905
206.05 0.06557377049180328 1845.6906419885102 1700.1106419885102 4121
263.05 0.08196721311475409 1348.0124263537011 1202.4324263537012 5261
326.85 0.09836065573770492 918.8881510981255 773.3081510981254 6537
338.95 0.09836065573770492 890.009317914968 744.429317914968 6779
353.6 0.09836065573770492 678.4807422379912 532.9007422379912 7072
363.95 0.11475409836065574 447.7170293897948 302.13702938979475 7279
380.3 0.16393442622950818 120.95913509075172 -24.620864909248297 7606
439.25 0.16393442622950818 112.7232560366142 -32.85674396338581 8785
463.15 0.18032786885245902 98.09931054290594 -47.48068945709407 9263
488.85 0.2786885245901639 3.9838559311494066 -141.5961440688506 9777
