% fevals/dim | frac | F - F_opt (-462.09) | best fitness | fevals
5.8 0.09836065573770492 864.7194687895983 402.6294687895983 116
9.35 0.09836065573770492 775.3837160507521 313.29371605075215 187
21.2 0.11475409836065574 615.2299233846753 153.13992338467534 424
28.9 0.11475409836065574 502.6368194014375 40.54681940143752 578
158.35 0.11475409836065574 447.9645720524856 -14.125427947514368 3167
164.9 0.11475409836065574 446.371330140946 -15.718669859053989 3298
175.6 0.11475409836065574 443.3180664816234 -18.771933518376557 3512
179.9 0.13114754098360656 371.20272235733603 -90.88727764266395 3598
217.05 0.13114754098360656 272.8278651247125 -189.26213487528747 4341
442.1 0.13114754098360656 265.7237151068611 -196.36628489313887 8842
448.05 0.14754098360655737 251.06616434163374 -211.02383565836624 8961
483.45 0.14754098360655737 248.21762757490012 -213.87237242509985 9669
