% fevals/dim | frac | F - F_opt (-34.75) | best fitness | fevals
0.05 0.09836065573770492 704.0696690671978 669.3196690671978 1
0.05 0.09836065573770492 704.0696690671978 669.3196690671978 1
11.05 0.11475409836065574 567.3294810314687 532.5794810314687 221
30.45 0.11475409836065574 491.59643670947173 456.84643670947173 609
39.8 0.11475409836065574 460.3289012906539 425.5789012906539 796
65.85 0.11475409836065574 424.9511541616604 390.2011541616604 1317
75.05 0.13114754098360656 376.25032680199746 341.50032680199746 1501
88.9 0.13114754098360656 352.62664871199996 317.87664871199996 1778
108.75 0.13114754098360656 344.1786383305502 309.4286383305502 2175
123.45 0.13114754098360656 296.0327133296134 261.2827133296134 2469
157.75 0.13114754098360656 290.0045271614398 255.2545271614398 3155
168.3 0.13114754098360656 284.8379121373156 250.08791213731558 3366
179.9 0.13114754098360656 284.28886011045006 249.53886011045006 3598
188.85 0.13114754098360656 273.54120321319493 238.79120321319493 3777
205.65 0.13114754098360656 270.9042495070713 236.1542495070713 4113
226.15 0.13114754098360656 263.0553680649459 228.30536806494592 4523
244.55 0.13114754098360656 259.66531609050173 224.91531609050173 4891
254.45 0.14754098360655737 231.88366447906583 197.13366447906583 5089
311.5 0.14754098360655737 226.80212197409097 192.05212197409097 6230
367.65 0.14754098360655737 222.22019439067864 187.47019439067864 7353
380.3 0.14754098360655737 209.126589845762 174.376589845762 7606
479.0 0.14754098360655737 197.86640639590644 163.11640639590644 9580
492.95 0.14754098360655737 187.65777366393098 152.90777366393098 9859
