% fevals/dim | frac | F - F_opt (-136.76) | best fitness | fevals
0.05 0.0 18319.617419137103 18182.857419137104 1
0.05 0.0 18319.617419137103 18182.857419137104 1
36.35 0.0 12082.021839488023 11945.261839488023 727
62.8 0.01639344262295082 9471.522918608181 9334.762918608181 1256
72.65 0.01639344262295082 8793.817515346522 8657.057515346522 1453
97.7 0.01639344262295082 6961.095715419265 6824.3357154192645 1954
137.95 0.14754098360655737 161.65834454547186 24.898344545471872 2759
285.7 0.18032786885245902 65.23094125644555 -71.52905874355444 5714
424.8 0.2786885245901639 4.342321374172883 -132.4176786258271 8496
