% fevals/dim | frac | F - F_opt (-136.76) | best fitness | fevals
0.05 0.0 18319.617419137103 18182.857419137104 1
0.05 0.0 18319.617419137103 18182.857419137104 1
15.3 0.0 18013.53909399729 17876.77909399729 306
20.35 0.03278688524590164 5517.68875240295 5380.92875240295 407
42.65 0.03278688524590164 4903.447020540407 4766.687020540407 853
49.7 0.03278688524590164 4119.9094970521655 3983.1494970521653 994
63.15 0.08196721311475409 1266.103581388858 1129.343581388858 1263
65.0 0.11475409836065574 606.6017802563615 469.8417802563615 1300
86.15 0.11475409836065574 545.46152261808 408.70152261808005 1723
92.65 0.16393442622950818 103.14080451353568 -33.61919548646431 1853
139.1 0.18032786885245902 70.03255746317201 -66.72744253682798 2782
145.7 0.2786885245901639 5.070568624020268 -131.68943137597972 2914
169.25 0.2786885245901639 4.413502856294002 -132.346497143706 3385
214.95 0.29508196721311475 3.8325533289398948 -132.9274466710601 4299
269.8 0.29508196721311475 3.7324246045054394 -133.02757539549455 5396
288.75 0.29508196721311475 3.659087551133041 -133.10091244886695 5775
304.7 0.29508196721311475 3.593709226314047 -133.16629077368594 6094
310.4 0.29508196721311475 3.241592505502524 -133.51840749449747 6208
445.95 0.29508196721311475 3.2070836424722415 -133.55291635752775 8919
451.15 0.29508196721311475 3.0064770950529294 -133.75352290494706 9023
462.55 0.29508196721311475 2.9453425831970037 -133.814657416803 9251
