% fevals/dim | frac | F - F_opt (40.66) | best fitness | fevals
0.05 0.09836065573770492 813.9802044710219 854.6402044710219 1
0.05 0.09836065573770492 813.9802044710219 854.6402044710219 1
15.15 0.09836065573770492 661.697175649511 702.357175649511 303
24.85 0.11475409836065574 592.7619416414752 633.4219416414752 497
36.15 0.11475409836065574 583.3083249163783 623.9683249163783 723
55.15 0.11475409836065574 509.64100015107385 550.3010001510738 1103
70.65 0.11475409836065574 435.25242754473845 475.9124275447384 1413
98.0 0.11475409836065574 414.413988915926 455.07398891592595 1960
111.4 0.13114754098360656 367.3219316812746 407.98193168127455 2228
132.3 0.13114754098360656 342.469921671983 383.12992167198297 2646
199.25 0.13114754098360656 341.1613545090787 381.8213545090787 3985
214.45 0.13114754098360656 312.42210218322987 353.08210218322984 4289
266.1 0.13114754098360656 304.3863762740199 345.04637627401985 5322
275.5 0.13114754098360656 299.38911668015317 340.04911668015313 5510
284.6 0.13114754098360656 298.8426873310075 339.50268733100745 5692
304.85 0.13114754098360656 294.3098891555479 334.9698891555479 6097
308.75 0.13114754098360656 272.38805612679823 313.0480561267982 6175
377.4 0.13114754098360656 264.83737547997555 305.4973754799755 7548
392.4 0.13114754098360656 263.1402722698465 303.80027226984646 7848
397.55 0.13114754098360656 262.2832001564599 302.94320015645985 7951
427.75 0.13114754098360656 258.0910788944284 298.75107889442836 8555
436.0 0.14754098360655737 249.0705520727133 289.7305520727133 8720
464.95 0.14754098360655737 246.70091342296482 287.3609134229648 9299
482.2 0.14754098360655737 236.776023575856 277.436023575856 9644
496.25 0.14754098360655737 234.60766044384408 275.2676604438441 9925
