% fevals/dim | frac | F - F_opt (77.89) | best fitness | fevals
0.05 0.0 340158582.2653143 340158660.15531427 1
0.2 0.0 224888128.05146742 224888205.9414674 4
4.9 0.0 113557409.5857819 113557487.4757819 98
12.55 0.0 93434417.24957547 93434495.13957547 251
16.8 0.0 91985847.52624144 91985925.41624144 336
17.95 0.0 91482664.34832582 91482742.23832582 359
24.45 0.0 72767851.7182879 72767929.6082879 489
28.1 0.0 66023869.36966579 66023947.25966579 562
33.2 0.0 55785883.53671126 55785961.42671126 664
38.95 0.0 50798366.34937233 50798444.23937233 779
41.5 0.0 41942343.3195229 41942421.2095229 830
52.5 0.0 37330049.6380223 37330127.528022304 1050
53.6 0.0 32975058.159329515 32975136.049329516 1072
61.7 0.0 28058942.37804587 28059020.268045872 1234
66.0 0.0 27174166.165125262 27174244.055125263 1320
68.55 0.0 26837417.89881748 26837495.78881748 1371
74.45 0.0 23566896.71676604 23566974.60676604 1489
77.0 0.0 22365222.848604765 22365300.738604765 1540
83.25 0.0 11331211.005606014 11331288.895606015 1665
116.6 0.0 8994912.566633752 8994990.456633752 2332
126.7 0.0 7123467.816046931 7123545.7060469305 2534
138.3 0.0 6584824.545176277 6584902.435176277 2766
146.8 0.0 6220787.838402847 6220865.7284028465 2936
149.95 0.0 5161151.672723664 5161229.562723664 2999
151.7 0.0 5026608.1065582335 5026685.996558233 3034
157.3 0.0 4150594.9566943212 4150672.8466943214 3146
164.95 0.0 3586965.0311532198 3587042.92115322 3299
172.15 0.0 2618278.017931226 2618355.9079312263 3443
196.05 0.0 2361339.9468106385 2361417.8368106387 3921
202.75 0.0 1956782.3025542933 1956860.1925542932 4055
220.45 0.0 1900129.96516928 1900207.85516928 4409
253.75 0.0 1737227.5932553848 1737305.4832553847 5075
291.0 0.0 1669943.2627091059 1670021.1527091058 5820
318.95 0.0 1637040.1769193027 1637118.0669193026 6379
