% fevals/dim | frac | F - F_opt (7.64) | best fitness | fevals
0.05 0.16393442622950818 150.0309504325618 157.6709504325618 1
2.05 0.19672131147540983 42.16042771502743 49.80042771502743 41
3.4 0.21311475409836064 39.38048289463929 47.020482894639294 68
14.15 0.21311475409836064 25.14225420748228 32.78225420748228 283
24.35 0.2459016393442623 13.501842081435036 21.141842081435037 487
48.35 0.2459016393442623 12.054677928184962 19.694677928184962 967
59.75 0.2459016393442623 11.827167499254305 19.467167499254305 1195
61.25 0.2459016393442623 11.773840804824253 19.413840804824254 1225
73.05 0.2459016393442623 11.672390300699686 19.312390300699686 1461
75.75 0.2459016393442623 10.556538799075831 18.19653879907583 1515
81.05 0.26229508196721313 9.806296058558761 17.44629605855876 1621
85.6 0.26229508196721313 8.621280599942654 16.261280599942655 1712
110.35 0.26229508196721313 8.574390468054524 16.214390468054525 2207
114.8 0.26229508196721313 7.911278897997252 15.551278897997252 2296
147.25 0.26229508196721313 7.549609815071489 15.189609815071488 2945
173.4 0.26229508196721313 6.924640493659489 14.564640493659489 3468
191.15 0.26229508196721313 6.544469864356228 14.184469864356227 3823
219.55 0.2786885245901639 6.251076215120169 13.891076215120169 4391
221.4 0.2786885245901639 5.836638407501169 13.476638407501168 4428
233.15 0.2786885245901639 5.569483062157908 13.209483062157908 4663
255.2 0.2786885245901639 5.230966698638562 12.870966698638561 5104
271.4 0.2786885245901639 4.269737498861475 11.909737498861475 5428
316.1 0.2786885245901639 4.091441110604298 11.731441110604298 6322
360.85 0.2786885245901639 4.066357658616554 11.706357658616554 7217
404.55 0.29508196721311475 3.9306767139844405 11.57067671398444 8091
410.85 0.29508196721311475 3.8038742671062336 11.443874267106233 8217
458.1 0.29508196721311475 3.592994873032155 11.232994873032155 9162
485.9 0.29508196721311475 3.391204891204409 11.031204891204409 9718
