% fevals/dim | frac | F - F_opt (32.7) | best fitness | fevals
0.05 0.18032786885245902 87.29032794448968 119.99032794448968 1
0.3 0.18032786885245902 74.7650596105747 107.4650596105747 6
2.6 0.21311475409836064 30.034087967966578 62.73408796796658 52
11.9 0.21311475409836064 26.416137783527702 59.116137783527705 238
13.5 0.22950819672131148 21.80720615846372 54.507206158463724 270
20.0 0.22950819672131148 20.047172622808326 52.74717262280833 400
22.3 0.22950819672131148 19.85110547059493 52.55110547059493 446
26.9 0.2459016393442623 15.52582460652981 48.22582460652981 538
29.5 0.2459016393442623 12.765943758093634 45.46594375809364 590
32.75 0.26229508196721313 9.908325423285511 42.608325423285514 655
46.15 0.26229508196721313 9.58493362706816 42.28493362706816 923
53.15 0.26229508196721313 8.927314522347295 41.6273145223473 1063
54.45 0.26229508196721313 8.916553382939597 41.6165533829396 1089
57.35 0.26229508196721313 7.9240518812198815 40.624051881219884 1147
63.2 0.26229508196721313 7.77600983024643 40.47600983024643 1264
71.1 0.26229508196721313 7.402445301282363 40.102445301282366 1422
78.75 0.26229508196721313 7.237970713435985 39.93797071343599 1575
83.85 0.26229508196721313 7.166746027127182 39.866746027127185 1677
85.55 0.26229508196721313 6.72553900411927 39.42553900411927 1711
93.4 0.2786885245901639 6.002536498747354 38.70253649874736 1868
98.45 0.2786885245901639 5.929229944868403 38.629229944868406 1969
110.9 0.2786885245901639 5.8215152746206655 38.52151527462067 2218
117.9 0.2786885245901639 5.679792849946153 38.379792849946156 2358
132.65 0.2786885245901639 5.4623438523835475 38.16234385238355 2653
159.45 0.2786885245901639 5.311563420916144 38.01156342091615 3189
161.75 0.2786885245901639 5.282025584524938 37.98202558452494 3235
176.2 0.2786885245901639 5.215793003248635 37.91579300324864 3524
207.65 0.2786885245901639 5.198608001485233 37.898608001485236 4153
