% fevals/dim | frac | F - F_opt (-136.76) | best fitness | fevals
0.05 0.0 18319.617419137103 18182.857419137104 1
0.05 0.0 18319.617419137103 18182.857419137104 1
6.65 0.0 12662.598375929474 12525.838375929474 133
19.25 0.0 12382.608427919606 12245.848427919605 385
37.6 0.03278688524590164 5634.171714231017 5497.411714231017 752
41.15 0.04918032786885246 3247.8012590116396 3111.0412590116393 823
44.6 0.04918032786885246 2651.4109304204785 2514.6509304204783 892
50.85 0.06557377049180328 2436.9045947103687 2300.1445947103684 1017
58.4 0.06557377049180328 2041.811211419004 1905.051211419004 1168
60.95 0.06557377049180328 1665.2386975644683 1528.4786975644683 1219
75.6 0.11475409836065574 476.8563494000117 340.0963494000117 1512
83.65 0.14754098360655737 248.0467761355624 111.2867761355624 1673
94.4 0.14754098360655737 163.69700797983637 26.93700797983638 1888
97.5 0.19672131147540983 45.507000439674016 -91.25299956032597 1950
134.4 0.26229508196721313 7.270929926427414 -129.48907007357258 2688
147.55 0.2786885245901639 4.458732595999521 -132.30126740400047 2951
179.15 0.2786885245901639 4.443047957314889 -132.3169520426851 3583
186.25 0.2786885245901639 4.283456470467399 -132.4765435295326 3725
190.75 0.2786885245901639 4.191494560770025 -132.56850543922997 3815
208.9 0.29508196721311475 3.8865861457321955 -132.8734138542678 4178
231.75 0.29508196721311475 3.741969100970465 -133.01803089902953 4635
339.65 0.29508196721311475 3.657237831902279 -133.1027621680977 6793
361.5 0.29508196721311475 3.605112264549774 -133.15488773545022 7230
376.7 0.29508196721311475 3.53883722572337 -133.22116277427662 7534
401.15 0.29508196721311475 3.3475771856235497 -133.41242281437644 8023
