% fevals/dim | frac | F - F_opt (7.64) | best fitness | fevals
0.05 0.16393442622950818 150.0309504325618 157.6709504325618 1
2.05 0.19672131147540983 42.16042771502743 49.80042771502743 41
17.2 0.21311475409836064 30.120176598918214 37.760176598918214 344
41.15 0.21311475409836064 26.71631677178027 34.35631677178027 823
46.35 0.22950819672131148 23.312479763944946 30.952479763944947 927
54.6 0.22950819672131148 19.53500113238597 27.17500113238597 1092
58.3 0.22950819672131148 18.411796857215318 26.05179685721532 1166
85.4 0.2459016393442623 13.365652676899181 21.00565267689918 1708
121.0 0.2459016393442623 11.508927566722605 19.148927566722605 2420
156.05 0.2459016393442623 10.93489441102362 18.57489441102362 3121
164.6 0.26229508196721313 9.654353100982085 17.294353100982086 3292
189.6 0.26229508196721313 8.981157320913951 16.62115732091395 3792
194.75 0.26229508196721313 8.96121408958781 16.60121408958781 3895
205.35 0.26229508196721313 8.282450142883945 15.922450142883946 4107
220.35 0.26229508196721313 8.199304994326159 15.83930499432616 4407
230.25 0.2786885245901639 5.890709551254397 13.530709551254397 4605
252.95 0.2786885245901639 5.467135894710196 13.107135894710195 5059
339.9 0.2786885245901639 4.940402224664747 12.580402224664747 6798
362.65 0.2786885245901639 4.610784745785765 12.250784745785765 7253
388.45 0.29508196721311475 3.7338635190908436 11.373863519090843 7769
