% fevals/dim | frac | F - F_opt (-39.43) | best fitness | fevals
0.05 0.19672131147540983 52.775889662616656 13.345889662616656 1
2.2 0.19672131147540983 46.519427491179584 7.089427491179585 44
4.75 0.19672131147540983 46.46003519104309 7.0300351910430905 95
7.5 0.21311475409836064 34.04340407235126 -5.386595927648742 150
13.2 0.21311475409836064 29.595279921844377 -9.834720078155623 264
19.9 0.21311475409836064 29.163167641635873 -10.266832358364127 398
24.6 0.22950819672131148 24.693975173518844 -14.736024826481156 492
33.15 0.22950819672131148 16.7003017613211 -22.7296982386789 663
48.0 0.2459016393442623 14.697235842880481 -24.73276415711952 960
65.1 0.2459016393442623 13.541029339465151 -25.88897066053485 1302
79.9 0.2459016393442623 13.239533081529597 -26.190466918470403 1598
86.75 0.2459016393442623 11.184014127548263 -28.245985872451737 1735
102.25 0.26229508196721313 8.982316055712815 -30.447683944287185 2045
122.65 0.26229508196721313 8.286107260527636 -31.143892739472363 2453
127.35 0.26229508196721313 8.075889017484698 -31.3541109825153 2547
133.6 0.26229508196721313 7.315454924922548 -32.11454507507745 2672
136.45 0.26229508196721313 7.069106858187908 -32.36089314181209 2729
147.85 0.2786885245901639 6.01137464973273 -33.41862535026727 2957
148.3 0.2786885245901639 5.257233984594244 -34.172766015405756 2966
176.35 0.2786885245901639 4.452389190119391 -34.97761080988061 3527
210.55 0.2786885245901639 4.126713991264822 -35.30328600873518 4211
220.85 0.29508196721311475 3.811669078247661 -35.61833092175234 4417
236.2 0.29508196721311475 3.1468239704900753 -36.283176029509924 4724
264.7 0.29508196721311475 2.626492722133996 -36.803507277866004 5294
319.9 0.29508196721311475 2.5850740654000006 -36.8449259346 6398
328.85 0.3114754098360656 2.1752954524207766 -37.25470454757922 6577
337.85 0.3114754098360656 2.0802044568560945 -37.349795543143905 6757
355.7 0.3114754098360656 1.9942750856692868 -37.43572491433071 7114
361.4 0.3114754098360656 1.654883284798757 -37.77511671520124 7228
386.3 0.32786885245901637 1.4955575445319127 -37.93444245546809 7726
410.05 0.32786885245901637 1.4260311971891184 -38.00396880281088 8201
423.05 0.32786885245901637 1.4183787797946508 -38.01162122020535 8461
425.1 0.32786885245901637 1.3039818704309312 -38.12601812956907 8502
436.55 0.32786885245901637 1.2838541720170369 -38.14614582798296 8731
440.1 0.32786885245901637 1.1467372076954945 -38.283262792304505 8802
449.2 0.32786885245901637 1.1151173598148603 -38.31488264018514 8984
454.9 0.32786885245901637 1.1005346666488194 -38.32946533335118 9098
471.7 0.32786885245901637 1.023972567844659 -38.40602743215534 9434
473.45 0.3442622950819672 0.9138211191995467 -38.51617888080045 9469
