% fevals/dim | frac | F - F_opt (-39.43) | best fitness | fevals
0.05 0.19672131147540983 52.775889662616656 13.345889662616656 1
2.2 0.19672131147540983 46.519427491179584 7.089427491179585 44
6.25 0.21311475409836064 39.809836982211614 0.3798369822116143 125
14.25 0.21311475409836064 37.40304727386967 -2.0269527261303324 285
21.05 0.21311475409836064 30.74491576030748 -8.685084239692518 421
52.05 0.22950819672131148 21.10113490345886 -18.32886509654114 1041
132.65 0.22950819672131148 16.137155066620988 -23.292844933379012 2653
245.15 0.2459016393442623 14.195763688763563 -25.234236311236437 4903
281.3 0.2459016393442623 14.17514280985781 -25.25485719014219 5626
307.0 0.26229508196721313 9.574294916278085 -29.855705083721915 6140
426.35 0.26229508196721313 9.531595087102168 -29.89840491289783 8527
460.0 0.26229508196721313 9.302912079635902 -30.127087920364097 9200
465.65 0.26229508196721313 7.153657386394244 -32.276342613605756 9313
487.6 0.26229508196721313 7.093310538429648 -32.33668946157035 9752
