% fevals/dim | frac | F - F_opt (-34.75) | best fitness | fevals
0.05 0.09836065573770492 704.0696690671978 669.3196690671978 1
0.05 0.09836065573770492 704.0696690671978 669.3196690671978 1
23.05 0.11475409836065574 591.0093540948822 556.2593540948822 461
45.55 0.11475409836065574 567.8528215958997 533.1028215958997 911
56.1 0.11475409836065574 513.4827855949186 478.7327855949186 1122
68.05 0.11475409836065574 493.38394418836185 458.63394418836185 1361
70.4 0.11475409836065574 460.79976507563987 426.04976507563987 1408
81.95 0.11475409836065574 458.13130322369045 423.38130322369045 1639
105.7 0.11475409836065574 424.77194731652594 390.02194731652594 2114
117.55 0.13114754098360656 392.91222645152686 358.16222645152686 2351
131.15 0.13114754098360656 354.67269520939647 319.92269520939647 2623
151.85 0.13114754098360656 299.9298132021461 265.1798132021461 3037
175.65 0.13114754098360656 280.2090782833927 245.45907828339273 3513
259.8 0.13114754098360656 269.5698276666534 234.8198276666534 5196
298.5 0.13114754098360656 256.96958427984464 222.21958427984464 5970
329.15 0.14754098360655737 238.38503856169928 203.63503856169928 6583
425.85 0.14754098360655737 229.280013475879 194.530013475879 8517
