% fevals/dim | frac | F - F_opt (-34.75) | best fitness | fevals
0.05 0.09836065573770492 704.0696690671978 669.3196690671978 1
0.05 0.09836065573770492 704.0696690671978 669.3196690671978 1
5.7 0.09836065573770492 643.5041376479016 608.7541376479016 114
21.3 0.11475409836065574 547.065438014795 512.315438014795 426
29.5 0.11475409836065574 483.4430191178635 448.6930191178635 590
34.4 0.11475409836065574 471.39572181245427 436.64572181245427 688
40.7 0.11475409836065574 412.2199431673653 377.4699431673653 814
57.4 0.13114754098360656 397.0732337967439 362.3232337967439 1148
73.85 0.13114754098360656 334.36568919799424 299.61568919799424 1477
102.1 0.13114754098360656 328.9370714012857 294.1870714012857 2042
114.3 0.13114754098360656 321.8307210663118 287.0807210663118 2286
116.95 0.13114754098360656 316.4660536821302 281.7160536821302 2339
121.1 0.13114754098360656 263.9417506584316 229.1917506584316 2422
183.7 0.14754098360655737 238.66264825180974 203.91264825180974 3674
197.45 0.14754098360655737 228.01383095695434 193.26383095695434 3949
230.5 0.14754098360655737 217.25220732739183 182.50220732739183 4610
233.75 0.14754098360655737 215.91219926029527 181.16219926029527 4675
279.2 0.14754098360655737 213.89966371936694 179.14966371936694 5584
322.65 0.14754098360655737 178.45331086655867 143.70331086655867 6453
