% fevals/dim | frac | F - F_opt (-147.9) | best fitness | fevals
0.05 0.2459016393442623 14.45935348943209 -133.44064651056792 1
1.8 0.2459016393442623 12.58931770837529 -135.31068229162472 36
14.0 0.2459016393442623 11.528356434574874 -136.37164356542513 280
15.85 0.2459016393442623 11.31897033635721 -136.5810296636428 317
19.1 0.26229508196721313 9.71999721839498 -138.18000278160503 382
23.1 0.26229508196721313 8.978696183501569 -138.92130381649844 462
33.9 0.26229508196721313 8.754305024340226 -139.14569497565978 678
48.05 0.26229508196721313 8.354448242027132 -139.54555175797287 961
56.6 0.26229508196721313 7.607869392361209 -140.2921306076388 1132
58.65 0.26229508196721313 7.138106465412875 -140.76189353458713 1173
85.6 0.26229508196721313 6.631080671992152 -141.26891932800785 1712
104.0 0.26229508196721313 6.376456536109146 -141.52354346389086 2080
128.85 0.2786885245901639 5.834480831539651 -142.06551916846036 2577
161.05 0.2786885245901639 5.626041308159245 -142.27395869184076 3221
187.6 0.2786885245901639 5.588482953379554 -142.31151704662045 3752
194.5 0.2786885245901639 4.950357090089113 -142.9496429099109 3890
257.35 0.2786885245901639 4.927755269897034 -142.97224473010297 5147
328.55 0.2786885245901639 4.342330451826854 -143.55766954817315 6571
376.0 0.29508196721311475 3.7014048746723915 -144.1985951253276 7520
387.2 0.29508196721311475 3.1494199659669846 -144.75058003403302 7744
