% fevals/dim | frac | F - F_opt (-136.76) | best fitness | fevals
0.05 0.0 18319.617419137103 18182.857419137104 1
0.05 0.0 18319.617419137103 18182.857419137104 1
6.45 0.01639344262295082 8597.94302037642 8461.18302037642 129
16.15 0.01639344262295082 7968.659645437772 7831.899645437772 323
34.6 0.01639344262295082 6501.674476244572 6364.914476244572 692
42.6 0.04918032786885246 3971.016666178708 3834.2566661787077 852
52.45 0.08196721311475409 1263.0688184303212 1126.3088184303213 1049
67.0 0.13114754098360656 281.8400908653603 145.08009086536032 1340
81.55 0.13114754098360656 281.8196879439041 145.05968794390412 1631
92.6 0.16393442622950818 136.9684575453745 0.20845754537450034 1852
113.65 0.21311475409836064 38.92388632837003 -97.83611367162996 2273
134.55 0.22950819672131148 21.471313907842386 -115.2886860921576 2691
154.15 0.26229508196721313 6.57375829412976 -130.18624170587023 3083
157.4 0.2786885245901639 4.08588194739221 -132.67411805260778 3148
198.55 0.29508196721311475 3.7436832768245836 -133.0163167231754 3971
203.05 0.29508196721311475 3.5714004543526414 -133.18859954564735 4061
210.75 0.29508196721311475 3.4767375679742827 -133.2832624320257 4215
237.35 0.29508196721311475 3.4468139923775993 -133.3131860076224 4747
239.85 0.29508196721311475 3.3047101481255368 -133.45528985187445 4797
251.9 0.29508196721311475 3.2713911899989796 -133.488608810001 5038
270.5 0.29508196721311475 3.1659757897583916 -133.5940242102416 5410
288.25 0.29508196721311475 3.086614626656228 -133.67338537334376 5765
305.85 0.29508196721311475 3.0306104448512485 -133.72938955514874 6117
327.7 0.29508196721311475 2.945617601444013 -133.81438239855598 6554
332.25 0.29508196721311475 2.8861517769779255 -133.87384822302207 6645
340.35 0.29508196721311475 2.8792496171124924 -133.8807503828875 6807
345.9 0.29508196721311475 2.8569281351751954 -133.9030718648248 6918
422.1 0.29508196721311475 2.5509265677044084 -134.20907343229558 8442
