% fevals/dim | frac | F - F_opt (40.66) | best fitness | fevals
0.05 0.09836065573770492 813.9802044710219 854.6402044710219 1
0.05 0.09836065573770492 813.9802044710219 854.6402044710219 1
3.5 0.09836065573770492 751.9824324362098 792.6424324362098 70
6.35 0.09836065573770492 660.4727403121343 701.1327403121343 127
10.5 0.09836065573770492 635.9136076127011 676.573607612701 210
13.35 0.11475409836065574 528.1362477377683 568.7962477377682 267
16.2 0.11475409836065574 507.069064708366 547.729064708366 324
23.7 0.11475409836065574 470.03933240804565 510.6993324080456 474
28.15 0.11475409836065574 460.03821209960347 500.69821209960344 563
29.05 0.11475409836065574 417.44357483875604 458.103574838756 581
36.3 0.11475409836065574 401.28294764802934 441.9429476480293 726
39.15 0.13114754098360656 397.9949281550282 438.6549281550282 783
42.3 0.13114754098360656 370.2407442538664 410.9007442538664 846
45.15 0.13114754098360656 320.88769580630253 361.5476958063025 903
50.55 0.13114754098360656 317.56242373893326 358.22242373893323 1011
53.4 0.13114754098360656 302.8868414546422 343.54684145464216 1068
64.8 0.13114754098360656 283.8928022719289 324.55280227192884 1296
90.0 0.13114754098360656 275.7495700706247 316.4095700706247 1800
101.15 0.13114754098360656 274.2315569527817 314.8915569527817 2023
104.75 0.13114754098360656 264.39182116746315 305.0518211674631 2095
106.65 0.13114754098360656 263.4849655187046 304.14496551870457 2133
112.55 0.14754098360655737 250.09849704473376 290.75849704473376 2251
118.9 0.14754098360655737 240.0146717385779 280.6746717385779 2378
128.25 0.14754098360655737 239.2347072985892 279.8947072985892 2565
133.25 0.14754098360655737 239.190607080695 279.850607080695 2665
134.1 0.14754098360655737 234.95060277341187 275.61060277341187 2682
138.2 0.14754098360655737 220.07964057456647 260.73964057456647 2764
143.9 0.14754098360655737 212.93628630289493 253.59628630289492 2878
149.6 0.14754098360655737 203.4626857903271 244.1226857903271 2992
152.45 0.14754098360655737 199.65541214329832 240.31541214329832 3049
183.8 0.14754098360655737 199.5201391771012 240.1801391771012 3676
200.3 0.14754098360655737 198.88110164375158 239.54110164375157 4006
203.9 0.14754098360655737 197.03513066137833 237.69513066137833 4078
209.6 0.14754098360655737 195.04407403508014 235.70407403508014 4192
214.1 0.14754098360655737 194.1827566100419 234.8427566100419 4282
220.0 0.14754098360655737 189.8348759064697 230.4948759064697 4400
264.45 0.14754098360655737 188.37433504405647 229.03433504405646 5289
