% fevals/dim | frac | F - F_opt (-136.76) | best fitness | fevals
0.05 0.0 18319.617419137103 18182.857419137104 1
0.05 0.0 18319.617419137103 18182.857419137104 1
12.1 0.0 16527.334713197197 16390.5747131972 242
15.2 0.0 15664.344831998742 15527.584831998742 304
19.75 0.03278688524590164 4846.657783002853 4709.8977830028525 395
24.15 0.04918032786885246 3354.547023459417 3217.7870234594166 483
28.7 0.04918032786885246 3083.1535193218706 2946.3935193218704 574
36.25 0.08196721311475409 1560.2890311358346 1423.5290311358347 725
43.85 0.08196721311475409 1553.8939730654656 1417.1339730654656 877
52.45 0.08196721311475409 1491.998527637812 1355.238527637812 1049
58.05 0.09836065573770492 691.1999451026594 554.4399451026594 1161
61.25 0.11475409836065574 411.91674093927605 275.15674093927606 1225
73.25 0.13114754098360656 389.59115951997205 252.83115951997206 1465
81.1 0.19672131147540983 59.142152528192796 -77.6178474718072 1622
95.1 0.19672131147540983 59.04866482997508 -77.71133517002491 1902
113.9 0.26229508196721313 7.9360599280612405 -128.82394007193875 2278
125.05 0.2786885245901639 4.62704155614631 -132.13295844385368 2501
133.3 0.2786885245901639 4.142132966975964 -132.61786703302403 2666
151.5 0.2786885245901639 4.0588153259113255 -132.70118467408867 3030
155.8 0.29508196721311475 3.942811268855735 -132.81718873114426 3116
174.1 0.29508196721311475 3.7736285050823994 -132.9863714949176 3482
196.0 0.29508196721311475 3.770913484871528 -132.98908651512846 3920
199.4 0.29508196721311475 3.704638446045095 -133.0553615539549 3988
218.75 0.29508196721311475 3.5292921573162914 -133.2307078426837 4375
247.6 0.29508196721311475 3.52657713710542 -133.23342286289457 4952
250.6 0.29508196721311475 3.515314933876425 -133.24468506612357 5012
259.85 0.29508196721311475 3.32361979565988 -133.4363802043401 5197
274.1 0.29508196721311475 3.26910813534451 -133.49089186465548 5482
287.7 0.29508196721311475 3.22332602355209 -133.5366739764479 5754
310.85 0.29508196721311475 3.1915708932891107 -133.56842910671088 6217
357.35 0.29508196721311475 3.145788781496691 -133.6142112185033 7147
