% fevals/dim | frac | F - F_opt (77.89) | best fitness | fevals
0.05 0.0 340158582.2653143 340158660.15531427 1
0.2 0.0 224888128.05146742 224888205.9414674 4
6.8 0.0 194409115.3888145 194409193.2788145 136
10.25 0.0 179069367.06767926 179069444.95767924 205
12.7 0.0 116952881.86241087 116952959.75241087 254
23.65 0.0 74378069.68694922 74378147.57694922 473
30.4 0.0 73165746.42737587 73165824.31737587 608
31.6 0.0 53042917.606632926 53042995.496632926 632
53.0 0.0 40153863.60489281 40153941.49489281 1060
59.9 0.0 34916651.42936306 34916729.31936306 1198
66.8 0.0 32454651.897256546 32454729.787256546 1336
77.15 0.0 29912131.317196794 29912209.207196794 1543
98.95 0.0 26646766.63558371 26646844.52558371 1979
100.6 0.0 24765065.90668695 24765143.79668695 2012
104.05 0.0 16258198.365581453 16258276.255581453 2081
117.85 0.0 15913786.745577289 15913864.63557729 2357
131.0 0.0 10334249.026661102 10334326.916661102 2620
165.65 0.0 10252000.435089804 10252078.325089805 3313
175.85 0.0 9264354.745112048 9264432.635112049 3517
180.35 0.0 8605257.324086059 8605335.21408606 3607
194.15 0.0 8464636.300707621 8464714.190707622 3883
200.5 0.0 8450540.569929231 8450618.459929232 4010
209.65 0.0 6154385.081631529 6154462.971631529 4193
221.05 0.0 5803058.596110245 5803136.486110245 4421
226.9 0.0 5753057.940477479 5753135.830477479 4538
234.4 0.0 5232481.044251999 5232558.934251999 4688
241.5 0.0 4963163.034556234 4963240.924556234 4830
247.6 0.0 4415805.331777297 4415883.221777297 4952
255.15 0.0 4305685.964417949 4305763.854417949 5103
257.2 0.0 4275825.860137162 4275903.750137161 5144
259.0 0.0 4138194.325390394 4138272.215390394 5180
265.5 0.0 2820511.1776291383 2820589.0676291385 5310
311.75 0.0 2755006.959876159 2755084.8498761593 6235
330.55 0.0 2712603.976753338 2712681.866753338 6611
