% fevals/dim | frac | F - F_opt (-136.76) | best fitness | fevals
0.05 0.0 18319.617419137103 18182.857419137104 1
0.05 0.0 18319.617419137103 18182.857419137104 1
15.15 0.0 10594.826475363814 10458.066475363814 303
19.4 0.01639344262295082 9641.719213975402 9504.959213975402 388
39.55 0.04918032786885246 3882.862303449774 3746.102303449774 791
49.2 0.04918032786885246 3674.762362186676 3538.002362186676 984
55.3 0.06557377049180328 2313.520346292117 2176.760346292117 1106
75.35 0.06557377049180328 2181.2462962390537 2044.4862962390537 1507
79.2 0.06557377049180328 1946.5601498683277 1809.8001498683277 1584
81.35 0.08196721311475409 1421.0458885230853 1284.2858885230853 1627
88.1 0.08196721311475409 1237.5939169634069 1100.8339169634069 1762
94.25 0.09836065573770492 724.3292922268764 587.5692922268764 1885
97.3 0.09836065573770492 690.752079605855 553.992079605855 1946
101.6 0.13114754098360656 370.8663919261279 234.1063919261279 2032
119.9 0.2786885245901639 4.760490326394915 -131.99950967360508 2398
126.0 0.2786885245901639 4.683619898491401 -132.0763801015086 2520
129.05 0.2786885245901639 4.260867394548967 -132.49913260545102 2581
132.1 0.29508196721311475 3.8037618792244245 -132.95623812077557 2642
164.3 0.29508196721311475 3.5109458682938737 -133.24905413170612 3286
173.45 0.29508196721311475 3.495382136853351 -133.26461786314664 3469
181.65 0.29508196721311475 3.3528950134330273 -133.40710498656696 3633
188.65 0.29508196721311475 3.206034970821804 -133.5539650291782 3773
203.9 0.29508196721311475 3.1894254885189355 -133.57057451148106 4078
206.95 0.29508196721311475 3.1519951513747344 -133.60800484862526 4139
236.15 0.29508196721311475 3.04506957345302 -133.71493042654697 4723
271.0 0.29508196721311475 3.04358115698372 -133.71641884301627 5420
276.25 0.29508196721311475 3.0114970185025527 -133.74850298149744 5525
295.7 0.29508196721311475 2.5676679443576234 -134.19233205564237 5914
349.4 0.3114754098360656 2.447097023356804 -134.3129029766432 6988
361.6 0.3114754098360656 2.3883209835934736 -134.37167901640652 7232
393.95 0.3114754098360656 2.2921121249209477 -134.46788787507904 7879
409.85 0.3114754098360656 2.1700322581398837 -134.5899677418601 8197
485.45 0.3114754098360656 2.1350637516945596 -134.62493624830543 9709
