% fevals/dim | frac | F - F_opt (-136.76) | best fitness | fevals
0.05 0.0 18319.617419137103 18182.857419137104 1
0.05 0.0 18319.617419137103 18182.857419137104 1
15.4 0.0 16722.26477526238 16585.504775262383 308
18.7 0.0 11295.487763829455 11158.727763829454 374
23.55 0.01639344262295082 8503.209763378518 8366.449763378518 471
25.85 0.04918032786885246 2682.401774951536 2545.641774951536 517
41.1 0.09836065573770492 954.6431727386272 817.8831727386272 822
59.35 0.09836065573770492 937.6061069441892 800.8461069441892 1187
66.0 0.16393442622950818 137.1033536275743 0.34335362757431653 1320
86.75 0.16393442622950818 135.0335384378212 -1.7264615621787982 1735
87.75 0.22950819672131148 22.950039068259997 -113.80996093174 1755
115.0 0.2786885245901639 5.235322001471786 -131.5246779985282 2300
126.05 0.2786885245901639 4.807825366828524 -131.95217463317147 2521
148.8 0.2786885245901639 4.408557481433121 -132.35144251856687 2976
157.6 0.2786885245901639 4.359680701805246 -132.40031929819474 3152
158.55 0.2786885245901639 4.331117148046587 -132.4288828519534 3171
163.9 0.2786885245901639 4.063248009255517 -132.69675199074447 3278
169.6 0.29508196721311475 3.978059311839729 -132.78194068816026 3392
180.75 0.29508196721311475 3.7453774790229204 -133.01462252097707 3615
207.85 0.29508196721311475 3.661152660978672 -133.09884733902132 4157
225.35 0.29508196721311475 3.425408305475372 -133.33459169452462 4507
264.6 0.29508196721311475 3.4104830711363547 -133.34951692886364 5292
269.8 0.29508196721311475 3.3874933820664808 -133.3725066179335 5396
281.4 0.29508196721311475 3.332369194650056 -133.42763080534993 5628
295.7 0.29508196721311475 3.249028245197792 -133.5109717548022 5914
308.9 0.29508196721311475 3.0963035310942644 -133.66369646890573 6178
352.25 0.29508196721311475 3.0836424047921867 -133.6763575952078 7045
354.55 0.29508196721311475 3.051255629755957 -133.70874437024403 7091
370.55 0.29508196721311475 3.02893414781866 -133.73106585218133 7411
399.2 0.29508196721311475 3.025587397280816 -133.73441260271917 7984
418.25 0.29508196721311475 2.9544396771831316 -133.80556032281686 8365
443.1 0.29508196721311475 2.8870702939075272 -133.87292970609246 8862
473.75 0.29508196721311475 2.8695258912012207 -133.89047410879877 9475
479.45 0.29508196721311475 2.848299175804925 -133.91170082419507 9589
483.6 0.29508196721311475 2.8395430498025007 -133.9204569501975 9672
