% fevals/dim | frac | F - F_opt (77.89) | best fitness | fevals
0.05 0.0 340158582.2653143 340158660.15531427 1
0.2 0.0 224888128.05146742 224888205.9414674 4
7.45 0.0 189586857.53749475 189586935.42749473 149
11.25 0.0 140397653.97806677 140397731.86806676 225
22.65 0.0 123385600.78220296 123385678.67220296 453
26.45 0.0 120307107.06919874 120307184.95919874 529
31.6 0.0 114019984.8729851 114020062.7629851 632
35.4 0.0 96339435.92020242 96339513.81020242 708
40.95 0.0 85144014.05437586 85144091.94437586 819
47.9 0.0 83200932.12211426 83201010.01211426 958
51.55 0.0 81015374.54167299 81015452.43167299 1031
53.55 0.0 57017853.32827378 57017931.21827378 1071
72.2 0.0 55127412.33154671 55127490.22154671 1444
74.35 0.0 43129359.07139183 43129436.96139183 1487
78.15 0.0 42590168.90052305 42590246.79052305 1563
81.95 0.0 39757195.775244735 39757273.665244736 1639
97.3 0.0 38811688.791967124 38811766.681967124 1946
101.35 0.0 30760686.674801826 30760764.564801827 2027
107.7 0.0 24716068.72450292 24716146.61450292 2154
119.2 0.0 20717453.080626633 20717530.970626634 2384
126.7 0.0 20240574.781069636 20240652.671069637 2534
135.2 0.0 19993511.977057997 19993589.867057998 2704
139.65 0.0 17480756.93577254 17480834.82577254 2793
142.5 0.0 13176609.213755777 13176687.103755778 2850
159.3 0.0 12459745.239432765 12459823.129432766 3186
174.65 0.0 11555812.73515416 11555890.62515416 3493
175.7 0.0 9663305.93935207 9663383.829352072 3514
179.5 0.0 7472277.468606259 7472355.358606258 3590
194.7 0.0 7438253.78376422 7438331.6737642195 3894
204.85 0.0 7144208.570509096 7144286.460509095 4097
210.25 0.0 6831826.67315337 6831904.563153369 4205
213.7 0.0 6564440.020448087 6564517.910448086 4274
226.7 0.0 6506734.905204922 6506812.795204922 4534
230.85 0.0 6345869.950352699 6345947.840352698 4617
235.8 0.0 4172190.666490665 4172268.5564906653 4716
266.2 0.0 3050316.0831817193 3050393.9731817194 5324
283.15 0.0 2416278.1630875864 2416356.0530875865 5663
296.6 0.0 1991936.6897292426 1992014.5797292425 5932
346.65 0.0 1906011.128813617 1906089.0188136168 6933
358.85 0.0 1900129.96516928 1900207.85516928 7177
398.8 0.0 1785493.569048397 1785571.459048397 7976
437.85 0.0 1583847.528219606 1583925.418219606 8757
