% fevals/dim | frac | F - F_opt (77.89) | best fitness | fevals
0.05 0.0 340158582.2653143 340158660.15531427 1
0.2 0.0 224888128.05146742 224888205.9414674 4
6.5 0.0 179278279.66758457 179278357.55758455 130
15.5 0.0 132678671.18777898 132678749.07777898 310
24.05 0.0 104134406.42365159 104134484.31365159 481
25.7 0.0 97984576.01305552 97984653.90305552 514
31.85 0.0 86825414.31836508 86825492.20836508 637
36.25 0.0 64500813.20610035 64500891.09610035 725
47.05 0.0 55352153.623868704 55352231.513868704 941
53.45 0.0 49311813.31137033 49311891.20137033 1069
64.15 0.0 41235681.48415121 41235759.37415121 1283
72.3 0.0 40742376.286431774 40742454.176431775 1446
75.1 0.0 39469055.45703523 39469133.34703523 1502
78.45 0.0 36366382.776874214 36366460.666874215 1569
91.2 0.0 31804539.776088562 31804617.666088562 1824
96.05 0.0 21771558.148818858 21771636.03881886 1921
120.85 0.0 18826008.922797117 18826086.812797118 2417
156.0 0.0 18685505.889147498 18685583.7791475 3120
166.1 0.0 16354720.658641633 16354798.548641633 3322
188.8 0.0 15771044.832632234 15771122.722632235 3776
199.75 0.0 15102480.843515158 15102558.733515158 3995
202.8 0.0 14550086.93640742 14550164.826407421 4056
209.6 0.0 14268918.610502794 14268996.500502795 4192
228.1 0.0 12733842.179327503 12733920.069327503 4562
230.15 0.0 12536649.089471063 12536726.979471063 4603
238.2 0.0 10428935.320174726 10429013.210174726 4764
280.85 0.0 9413893.93917776 9413971.829177761 5617
304.1 0.0 9382351.775283497 9382429.665283497 6082
311.0 0.0 7892348.180319624 7892426.070319624 6220
319.05 0.0 6935453.163788922 6935531.053788922 6381
322.95 0.0 6358230.793312905 6358308.683312905 6459
357.0 0.0 4901432.063396467 4901509.953396467 7140
426.2 0.0 4829534.726549674 4829612.6165496735 8524
427.4 0.0 4327555.82753674 4327633.71753674 8548
435.15 0.0 4197585.887710767 4197663.7777107665 8703
481.05 0.0 4176068.8937607007 4176146.783760701 9621
