% fevals/dim | frac | F - F_opt (-34.75) | best fitness | fevals
0.05 0.09836065573770492 704.0696690671978 669.3196690671978 1
0.05 0.09836065573770492 704.0696690671978 669.3196690671978 1
12.85 0.11475409836065574 561.0855625158384 526.3355625158384 257
22.35 0.11475409836065574 536.439723412164 501.68972341216397 447
24.9 0.11475409836065574 434.8609958901182 400.1109958901182 498
28.8 0.11475409836065574 412.2304224425918 377.4804224425918 576
39.05 0.13114754098360656 380.35520739401323 345.60520739401323 781
43.35 0.13114754098360656 369.9473488397076 335.1973488397076 867
48.45 0.13114754098360656 360.1276195846017 325.3776195846017 969
63.3 0.13114754098360656 355.2033069162477 320.4533069162477 1266
72.55 0.13114754098360656 321.37761303211374 286.62761303211374 1451
75.8 0.13114754098360656 257.8575657726024 223.1075657726024 1516
172.0 0.13114754098360656 256.0916349870002 221.3416349870002 3440
186.05 0.14754098360655737 243.17079028144929 208.42079028144929 3721
201.35 0.14754098360655737 238.03539646101794 203.28539646101794 4027
255.6 0.14754098360655737 237.5205134574664 202.7705134574664 5112
389.7 0.14754098360655737 236.8869896895049 202.1369896895049 7794
398.4 0.14754098360655737 201.46766695287897 166.71766695287897 7968
465.75 0.14754098360655737 196.3116467760458 161.5616467760458 9315
