% fevals/dim | frac | F - F_opt (-25.25) | best fitness | fevals
0.05 0.18032786885245902 71.97402816 46.72402816 1
0.05 0.18032786885245902 71.97402816 46.72402816 1
10.45 0.19672131147540983 61.24762815999999 35.99762815999999 209
15.75 0.19672131147540983 50.05722815999999 24.807228159999987 315
23.75 0.19672131147540983 42.418828160000004 17.168828160000004 475
26.4 0.21311475409836064 34.87642816 9.626428160000003 528
32.15 0.21311475409836064 25.86522816 0.6152281600000009 643
38.65 0.22950819672131148 19.617228160000003 -5.632771839999997 773
47.85 0.2459016393442623 15.430028159999999 -9.819971840000001 957
50.5 0.2459016393442623 11.535628159999998 -13.714371840000002 1010
70.95 0.2459016393442623 10.74522816 -14.50477184 1419
74.35 0.26229508196721313 9.210828160000002 -16.039171839999998 1487
82.3 0.26229508196721313 8.90522816 -16.34477184 1646
94.2 0.26229508196721313 8.44922816 -16.80077184 1884
95.85 0.26229508196721313 6.926028160000001 -18.32397184 1917
103.3 0.2786885245901639 5.00602816 -20.24397184 2066
119.05 0.2786885245901639 4.2796281600000015 -20.97037184 2381
125.95 0.2786885245901639 4.212428160000002 -21.03757184 2519
128.35 0.29508196721311475 3.8860281599999986 -21.36397184 2567
139.85 0.29508196721311475 3.8444281599999997 -21.40557184 2797
157.3 0.29508196721311475 2.77722816 -22.47277184 3146
170.8 0.29508196721311475 2.6444281600000004 -22.60557184 3416
182.85 0.29508196721311475 2.6316281600000018 -22.61837184 3657
187.5 0.29508196721311475 2.534028160000002 -22.715971839999998 3750
188.4 0.3114754098360656 2.0892281599999976 -23.160771840000002 3768
214.75 0.3114754098360656 2.00122816 -23.24877184 4295
241.8 0.3114754098360656 1.8604281599999979 -23.389571840000002 4836
