% fevals/dim | frac | F - F_opt (77.89) | best fitness | fevals
0.05 0.0 340158582.2653143 340158660.15531427 1
0.2 0.0 224888128.05146742 224888205.9414674 4
19.1 0.0 177905419.7335396 177905497.6235396 382
45.95 0.0 135094093.18865645 135094171.07865644 919
84.5 0.0 121767772.5358839 121767850.4258839 1690
159.25 0.0 109354228.51688254 109354306.40688254 3185
165.4 0.0 75985226.87264797 75985304.76264797 3308
254.8 0.0 72290139.71690959 72290217.60690959 5096
355.95 0.0 66017931.91605149 66018009.80605149 7119
457.15 0.0 53900927.821278214 53901005.711278215 9143
494.15 0.0 41731497.245318726 41731575.13531873 9883
