% fevals/dim | frac | F - F_opt (-34.75) | best fitness | fevals
0.05 0.09836065573770492 704.0696690671978 669.3196690671978 1
0.05 0.09836065573770492 704.0696690671978 669.3196690671978 1
42.0 0.11475409836065574 605.4593400720771 570.7093400720771 840
69.65 0.11475409836065574 470.2870469170389 435.5370469170389 1393
142.3 0.11475409836065574 437.3442628205445 402.5942628205445 2846
212.1 0.11475409836065574 404.6595290227684 369.9095290227684 4242
325.55 0.11475409836065574 402.8452549241701 368.0952549241701 6511
395.5 0.13114754098360656 388.39610270655356 353.64610270655356 7910
426.35 0.13114754098360656 377.5469331096216 342.7969331096216 8527
433.75 0.13114754098360656 373.959089688575 339.209089688575 8675
450.75 0.13114754098360656 372.60511347157455 337.85511347157455 9015
454.8 0.13114754098360656 348.5004902393704 313.7504902393704 9096
471.75 0.13114754098360656 342.6796030763759 307.9296030763759 9435
