% fevals/dim | frac | F - F_opt (77.89) | best fitness | fevals
0.05 0.0 340158582.2653143 340158660.15531427 1
0.2 0.0 224888128.05146742 224888205.9414674 4
9.95 0.0 202457977.46254554 202458055.35254553 199
17.05 0.0 148312849.89606452 148312927.7860645 341
25.1 0.0 90657895.46324421 90657973.35324422 502
27.8 0.0 79475559.0129122 79475636.9029122 556
32.4 0.0 55725062.72421974 55725140.61421974 648
50.85 0.0 37861351.28114477 37861429.17114477 1017
86.35 0.0 32778220.14391285 32778298.033912852 1727
91.8 0.0 26323225.519567356 26323303.409567356 1836
104.1 0.0 20791893.940592807 20791971.830592807 2082
107.9 0.0 15389834.951392407 15389912.841392407 2158
133.55 0.0 15273179.692261245 15273257.582261246 2671
154.05 0.0 11732549.717975734 11732627.607975734 3081
185.3 0.0 8844340.337775921 8844418.227775922 3706
222.9 0.0 6615781.6614653785 6615859.551465378 4458
303.1 0.0 6260547.398013244 6260625.288013244 6062
333.0 0.0 6018723.472288088 6018801.362288088 6660
342.25 0.0 5674039.790603206 5674117.680603205 6845
344.65 0.0 4447512.349584896 4447590.239584896 6893
454.2 0.0 4301249.864579755 4301327.754579755 9084
458.75 0.0 4136291.5020244387 4136369.392024439 9175
465.5 0.0 4007192.68663061 4007270.57663061 9310
479.05 0.0 3809544.3022172456 3809622.1922172457 9581
486.15 0.0 3592085.0231817085 3592162.9131817087 9723
