% fevals/dim | frac | F - F_opt (99.8) | best fitness | fevals
0.05 0.18032786885245902 80.41794728876845 180.21794728876844 1
0.05 0.18032786885245902 80.41794728876845 180.21794728876844 1
3.8 0.18032786885245902 71.26554469659594 171.06554469659594 76
28.05 0.19672131147540983 61.84382339403727 161.64382339403727 561
50.8 0.19672131147540983 59.198678374552586 158.99867837455258 1016
62.15 0.21311475409836064 38.059795142430104 137.8597951424301 1243
100.75 0.21311475409836064 37.49518866443766 137.29518866443766 2015
106.6 0.21311475409836064 32.76322170961312 132.56322170961312 2132
110.9 0.21311475409836064 32.569470375457016 132.369470375457 2218
120.9 0.22950819672131148 24.447142602445254 124.24714260244525 2418
153.3 0.22950819672131148 23.785965049358722 123.58596504935872 3066
157.15 0.22950819672131148 20.764188015109767 120.56418801510976 3143
187.5 0.22950819672131148 20.17314634477799 119.97314634477799 3750
202.5 0.22950819672131148 19.7421834864394 119.5421834864394 4050
209.9 0.22950819672131148 19.599429510851337 119.39942951085133 4198
228.65 0.22950819672131148 19.286197519343375 119.08619751934337 4573
230.0 0.22950819672131148 19.103263623309445 118.90326362330944 4600
238.3 0.22950819672131148 18.47297814236552 118.27297814236552 4766
244.05 0.22950819672131148 17.13693357720571 116.9369335772057 4881
250.8 0.22950819672131148 16.48998277897772 116.28998277897772 5016
252.55 0.2459016393442623 15.732984693619144 115.53298469361914 5051
275.75 0.2459016393442623 14.897874067563137 114.69787406756313 5515
288.65 0.2459016393442623 14.31209932542761 114.11209932542761 5773
316.1 0.2459016393442623 12.141940412125265 111.94194041212526 6322
363.6 0.2459016393442623 11.630946498852296 111.4309464988523 7272
368.35 0.26229508196721313 9.699643647723079 109.49964364772308 7367
421.85 0.26229508196721313 8.611018293118121 108.41101829311812 8437
