% fevals/dim | frac | F - F_opt (-136.76) | best fitness | fevals
0.05 0.0 18319.617419137103 18182.857419137104 1
0.05 0.0 18319.617419137103 18182.857419137104 1
10.2 0.0 16008.17594221029 15871.41594221029 204
15.05 0.0 15024.892234183695 14888.132234183695 301
21.05 0.01639344262295082 8814.622929725281 8677.862929725281 421
25.75 0.01639344262295082 7774.480425854881 7637.720425854881 515
28.5 0.04918032786885246 2577.204036716802 2440.4440367168017 570
42.6 0.06557377049180328 2404.79264961442 2268.03264961442 852
46.35 0.06557377049180328 2105.9592474672627 1969.1992474672627 927
52.95 0.08196721311475409 1484.5896023384305 1347.8296023384305 1059
59.45 0.08196721311475409 1121.9846776105196 985.2246776105196 1189
63.6 0.11475409836065574 468.561360530971 331.801360530971 1272
77.85 0.13114754098360656 378.15420311628515 241.39420311628515 1557
79.95 0.13114754098360656 254.68322078754485 117.92322078754486 1599
84.45 0.13114754098360656 252.37821122945851 115.61821122945852 1689
88.25 0.14754098360655737 242.06325903779836 105.30325903779837 1765
91.45 0.14754098360655737 221.74233088608085 84.98233088608086 1829
97.5 0.14754098360655737 181.37149865114552 44.611498651145524 1950
100.85 0.18032786885245902 97.19462946481319 -39.5653705351868 2017
103.05 0.2786885245901639 4.743197689160922 -132.01680231083907 2061
117.4 0.2786885245901639 4.656112004165436 -132.10388799583455 2348
129.45 0.29508196721311475 3.7674056007967067 -132.99259439920328 2589
141.65 0.29508196721311475 3.7448942919444335 -133.01510570805556 2833
154.7 0.29508196721311475 3.7422564694914513 -133.01774353050854 3094
181.75 0.29508196721311475 3.5866026628753502 -133.17339733712464 3635
187.7 0.29508196721311475 3.4948255707839735 -133.26517442921602 3754
204.9 0.29508196721311475 3.143765404534804 -133.6162345954652 4098
257.7 0.29508196721311475 3.0655260268345614 -133.69447397316543 5154
295.45 0.29508196721311475 2.9657040955951004 -133.7942959044049 5909
331.15 0.29508196721311475 2.9246046657306977 -133.8353953342693 6623
336.25 0.29508196721311475 2.8862251867072075 -133.87377481329278 6725
362.65 0.29508196721311475 2.8612257158516172 -133.89877428414837 7253
403.4 0.29508196721311475 2.8488915549565945 -133.9111084450434 8068
