% fevals/dim | frac | F - F_opt (-25.25) | best fitness | fevals
0.05 0.18032786885245902 71.97402816 46.72402816 1
0.05 0.18032786885245902 71.97402816 46.72402816 1
101.85 0.18032786885245902 70.81882816 45.568828159999995 2037
123.75 0.18032786885245902 64.74362816 39.49362816 2475
129.35 0.19672131147540983 60.88762816 35.63762816 2587
132.95 0.19672131147540983 56.574028160000005 31.324028160000005 2659
141.5 0.19672131147540983 46.15642815999999 20.90642815999999 2830
168.4 0.19672131147540983 44.662028160000006 19.412028160000006 3368
179.85 0.19672131147540983 43.40282816 18.15282816 3597
189.45 0.21311475409836064 38.57722816000001 13.327228160000011 3789
206.75 0.21311475409836064 25.590028159999996 0.3400281599999957 4135
220.9 0.22950819672131148 22.098828160000004 -3.1511718399999964 4418
237.1 0.22950819672131148 20.766028159999998 -4.483971840000002 4742
297.15 0.22950819672131148 17.913228160000003 -7.336771839999997 5943
306.45 0.2459016393442623 13.87962816 -11.37037184 6129
357.2 0.2459016393442623 12.43162816 -12.81837184 7144
396.35 0.2459016393442623 12.29402816 -12.95597184 7927
406.4 0.2459016393442623 11.577228160000004 -13.672771839999996 8128
416.85 0.2459016393442623 10.53882816 -14.71117184 8337
422.0 0.26229508196721313 9.80122816 -15.44877184 8440
441.35 0.26229508196721313 8.343628160000002 -16.90637184 8827
454.0 0.26229508196721313 6.598028159999998 -18.65197184 9080
