% fevals/dim | frac | F - F_opt (-25.25) | best fitness | fevals
0.05 0.18032786885245902 71.97402816 46.72402816 1
0.05 0.18032786885245902 71.97402816 46.72402816 1
65.8 0.19672131147540983 62.060428160000015 36.810428160000015 1316
81.65 0.19672131147540983 53.396428159999985 28.146428159999985 1633
101.0 0.19672131147540983 40.65882816 15.408828159999999 2020
115.15 0.21311475409836064 38.985228160000005 13.735228160000005 2303
142.05 0.21311475409836064 38.21242816000001 12.962428160000009 2841
155.6 0.21311475409836064 32.19962816 6.949628160000003 3112
158.85 0.22950819672131148 24.28602816 -0.9639718399999992 3177
192.95 0.22950819672131148 20.98202816 -4.267971840000001 3859
197.9 0.22950819672131148 19.92762816 -5.322371839999999 3958
234.5 0.22950819672131148 19.18042816 -6.069571839999998 4690
243.35 0.22950819672131148 18.020428160000005 -7.229571839999995 4867
250.05 0.2459016393442623 13.508428159999998 -11.741571840000002 5001
278.85 0.2459016393442623 11.68922816 -13.56077184 5577
291.25 0.2459016393442623 10.970828159999998 -14.279171840000002 5825
295.15 0.26229508196721313 9.753228159999997 -15.496771840000003 5903
331.2 0.26229508196721313 9.35002816 -15.89997184 6624
353.2 0.26229508196721313 6.94042816 -18.30957184 7064
425.2 0.2786885245901639 5.13242816 -20.11757184 8504
431.9 0.2786885245901639 5.026828160000001 -20.22317184 8638
480.05 0.2786885245901639 4.630028159999998 -20.61997184 9601
485.7 0.2786885245901639 4.406028159999998 -20.843971840000002 9714
492.7 0.2786885245901639 4.140428159999999 -21.10957184 9854
