% fevals/dim | frac | F - F_opt (-147.9) | best fitness | fevals
0.05 0.2459016393442623 14.45935348943209 -133.44064651056792 1
1.8 0.2459016393442623 12.58931770837529 -135.31068229162472 36
11.85 0.2459016393442623 11.527752654037954 -136.37224734596205 237
16.35 0.2459016393442623 10.96282586508815 -136.93717413491186 327
19.1 0.2459016393442623 10.731773966437743 -137.16822603356226 382
34.5 0.2459016393442623 10.215243876921477 -137.68475612307853 690
44.95 0.26229508196721313 9.451978961513873 -138.44802103848613 899
48.35 0.26229508196721313 7.583948143947538 -140.31605185605247 967
70.85 0.26229508196721313 7.34276598428653 -140.55723401571348 1417
79.85 0.2786885245901639 5.874583871730437 -142.02541612826957 1597
154.45 0.2786885245901639 5.41102938993717 -142.48897061006284 3089
241.5 0.2786885245901639 5.268733710372487 -142.63126628962752 4830
262.1 0.2786885245901639 5.085075488418596 -142.8149245115814 5242
267.55 0.2786885245901639 4.894256267282714 -143.0057437327173 5351
301.75 0.2786885245901639 4.2345851542768855 -143.66541484572312 6035
328.5 0.29508196721311475 3.6050290551160913 -144.29497094488391 6570
400.5 0.29508196721311475 3.284151523589202 -144.6158484764108 8010
