% fevals/dim | frac | F - F_opt (40.66) | best fitness | fevals
0.05 0.09836065573770492 813.9802044710219 854.6402044710219 1
0.05 0.09836065573770492 813.9802044710219 854.6402044710219 1
13.1 0.09836065573770492 674.3435209613486 715.0035209613486 262
21.95 0.11475409836065574 587.8333515119821 628.493351511982 439
84.25 0.11475409836065574 572.6640812645105 613.3240812645105 1685
178.1 0.11475409836065574 548.0751014762934 588.7351014762934 3562
233.6 0.11475409836065574 534.940164722535 575.6001647225349 4672
281.25 0.11475409836065574 500.1590736746133 540.8190736746133 5625
327.2 0.11475409836065574 487.31723816341423 527.9772381634142 6544
389.5 0.11475409836065574 476.43479826015516 517.0947982601551 7790
495.15 0.11475409836065574 443.35704900037877 484.01704900037873 9903
