% fevals/dim | frac | F - F_opt (99.53) | best fitness | fevals
0.05 0.11475409836065574 399.2761284089512 498.80612840895117 1
1.45 0.14754098360655737 219.13014131534382 318.6601413153438 29
12.8 0.14754098360655737 187.27172958021774 286.80172958021774 256
29.6 0.14754098360655737 180.1031596453889 279.6331596453889 592
32.35 0.14754098360655737 162.56514396517215 262.09514396517216 647
42.65 0.16393442622950818 141.6976546636077 241.2276546636077 853
47.75 0.16393442622950818 137.20931282470414 236.73931282470414 955
49.55 0.16393442622950818 119.77858985494467 219.30858985494467 991
59.7 0.16393442622950818 103.12038532818852 202.65038532818852 1194
72.25 0.18032786885245902 96.72678978718338 196.25678978718338 1445
81.4 0.18032786885245902 92.58127777420401 192.111277774204 1628
84.45 0.18032786885245902 86.7466353899546 186.2766353899546 1689
86.6 0.18032786885245902 85.17603554730667 184.70603554730667 1732
89.8 0.18032786885245902 78.36746088868355 177.89746088868355 1796
93.7 0.18032786885245902 76.97788687831095 176.50788687831096 1874
96.1 0.18032786885245902 69.42173560381221 168.9517356038122 1922
106.2 0.18032786885245902 63.724323043848614 163.25432304384861 2124
107.4 0.18032786885245902 63.657003397699384 163.18700339769939 2148
112.3 0.19672131147540983 57.35657264600539 156.8865726460054 2246
129.45 0.19672131147540983 55.516129005707995 155.046129005708 2589
132.9 0.19672131147540983 53.00912226799866 152.53912226799866 2658
136.8 0.19672131147540983 47.607193609327595 147.1371936093276 2736
149.75 0.19672131147540983 46.315859538870455 145.84585953887046 2995
154.0 0.19672131147540983 40.76001541250238 140.29001541250238 3080
156.9 0.21311475409836064 39.04176849516446 138.57176849516446 3138
165.8 0.21311475409836064 32.731222271743746 132.26122227174375 3316
184.75 0.21311475409836064 31.611173286121044 131.14117328612105 3695
190.85 0.21311475409836064 31.25262880294042 130.78262880294042 3817
194.1 0.21311475409836064 30.303151583376916 129.83315158337692 3882
203.05 0.21311475409836064 29.62885206375168 129.15885206375168 4061
211.8 0.21311475409836064 25.230763773923073 124.76076377392307 4236
219.3 0.22950819672131148 24.409398622698376 123.93939862269838 4386
235.55 0.22950819672131148 23.261641134441646 122.79164113444165 4711
245.2 0.22950819672131148 18.83567225880155 118.36567225880155 4904
263.65 0.22950819672131148 18.253573350166775 117.78357335016678 5273
279.65 0.2459016393442623 13.417938549054995 112.947938549055 5593
288.8 0.2459016393442623 13.378302823191106 112.90830282319111 5776
291.1 0.2459016393442623 10.888207662101081 110.41820766210108 5822
320.4 0.2459016393442623 10.471314500317789 110.00131450031779 6408
324.65 0.26229508196721313 9.637218294726893 109.1672182947269 6493
327.7 0.26229508196721313 6.937392020784969 106.46739202078497 6554
360.0 0.26229508196721313 6.627780024182002 106.157780024182 7200
364.3 0.2786885245901639 5.498942132497305 105.0289421324973 7286
