% fevals/dim | frac | F - F_opt (-223.12) | best fitness | fevals
0.05 0.22950819672131148 22.10043326114112 -201.01956673885888 1
1.0 0.26229508196721313 6.862549503593783 -216.25745049640622 20
5.05 0.2786885245901639 5.449119276545332 -217.67088072345467 101
14.95 0.2786885245901639 4.813344645102461 -218.30665535489754 299
31.05 0.2786885245901639 4.62786162747696 -218.49213837252304 621
60.8 0.2786885245901639 4.215599916535126 -218.90440008346488 1216
172.35 0.2786885245901639 4.052035115765193 -219.0679648842348 3447
182.95 0.29508196721311475 3.9344275673354616 -219.18557243266454 3659
202.9 0.29508196721311475 3.751906395184193 -219.3680936048158 4058
297.35 0.29508196721311475 3.5316787617389878 -219.58832123826102 5947
349.7 0.29508196721311475 3.432346919357485 -219.68765308064252 6994
412.25 0.29508196721311475 2.7256209653896804 -220.39437903461032 8245
420.0 0.29508196721311475 2.594278061415679 -220.52572193858433 8400
