% fevals/dim | frac | F - F_opt (99.53) | best fitness | fevals
0.05 0.11475409836065574 399.2761284089512 498.80612840895117 1
1.45 0.14754098360655737 219.13014131534382 318.6601413153438 29
14.45 0.14754098360655737 194.35814156011483 293.88814156011483 289
19.2 0.14754098360655737 185.77508825734103 285.305088257341 384
33.1 0.14754098360655737 184.97489054873606 284.50489054873606 662
34.5 0.14754098360655737 181.35223094037886 280.88223094037886 690
37.9 0.14754098360655737 172.5070325876657 272.0370325876657 758
44.85 0.14754098360655737 170.78699259134984 270.31699259134984 897
49.3 0.14754098360655737 159.37874376288934 258.90874376288934 986
52.6 0.16393442622950818 132.7928989225756 232.3228989225756 1052
65.0 0.16393442622950818 129.73494907613514 229.26494907613514 1300
80.2 0.16393442622950818 109.36123970400459 208.8912397040046 1604
83.6 0.16393442622950818 103.19935699086696 202.72935699086696 1672
101.7 0.18032786885245902 88.51469133584376 188.04469133584377 2034
105.1 0.18032786885245902 84.45271452461904 183.98271452461904 2102
114.65 0.18032786885245902 82.62928563167415 182.15928563167415 2293
128.75 0.18032786885245902 80.75108140253309 180.2810814025331 2575
141.95 0.18032786885245902 78.36009928085048 177.89009928085048 2839
144.05 0.18032786885245902 75.64190988167158 175.17190988167158 2881
151.4 0.18032786885245902 73.37597761603067 172.90597761603067 3028
154.7 0.18032786885245902 72.51330065956111 172.0433006595611 3094
164.15 0.18032786885245902 68.83826376564784 168.36826376564784 3283
166.75 0.18032786885245902 66.24041530517542 165.77041530517542 3335
182.4 0.18032786885245902 65.63232834809531 165.16232834809531 3648
185.9 0.18032786885245902 64.61056779507956 164.14056779507956 3718
188.4 0.18032786885245902 63.43811113575501 162.968111135755 3768
189.7 0.19672131147540983 59.20329747274715 158.73329747274715 3794
198.15 0.19672131147540983 57.39282779075785 156.92282779075785 3963
213.75 0.19672131147540983 57.203936223377525 156.73393622337753 4275
217.0 0.19672131147540983 53.563884260457655 153.09388426045766 4340
220.7 0.19672131147540983 52.92795287827465 152.45795287827465 4414
240.8 0.19672131147540983 52.18998966057828 151.71998966057828 4816
259.15 0.19672131147540983 51.65406098979901 151.184060989799 5183
269.0 0.19672131147540983 44.206436182027005 143.736436182027 5380
289.0 0.19672131147540983 39.86173562931933 139.39173562931933 5780
295.95 0.21311475409836064 38.091032018223956 137.62103201822396 5919
325.55 0.21311475409836064 35.17424248476604 134.70424248476604 6511
349.6 0.21311475409836064 34.79723907986536 134.32723907986536 6992
367.8 0.21311475409836064 31.5367443785577 131.0667443785577 7356
432.35 0.21311475409836064 31.041805531053654 130.57180553105366 8647
436.8 0.21311475409836064 29.912967639368958 129.44296763936896 8736
