% fevals/dim | frac | F - F_opt (7.64) | best fitness | fevals
0.05 0.16393442622950818 150.0309504325618 157.6709504325618 1
2.05 0.19672131147540983 42.16042771502743 49.80042771502743 41
3.4 0.22950819672131148 18.359041794800714 25.999041794800714 68
47.4 0.2459016393442623 12.755420432733064 20.395420432733065 948
59.2 0.2459016393442623 10.319830077461251 17.959830077461252 1184
77.3 0.26229508196721313 9.888666706146395 17.528666706146396 1546
80.25 0.26229508196721313 9.679667404873726 17.319667404873726 1605
117.1 0.26229508196721313 8.091736133762833 15.731736133762833 2342
146.6 0.26229508196721313 7.4424200898459505 15.08242008984595 2932
158.4 0.26229508196721313 6.722717531178621 14.362717531178621 3168
165.3 0.26229508196721313 6.690955723595711 14.33095572359571 3306
170.55 0.2786885245901639 5.8982253742475015 13.538225374247501 3411
185.75 0.2786885245901639 5.414457921748892 13.054457921748892 3715
190.55 0.2786885245901639 5.362370492967833 13.002370492967833 3811
197.55 0.2786885245901639 4.9013123737631075 12.541312373763107 3951
206.95 0.2786885245901639 4.560590242079512 12.200590242079512 4139
221.15 0.2786885245901639 3.9987740859758576 11.638774085975857 4423
271.0 0.29508196721311475 3.707956145065631 11.34795614506563 5420
279.45 0.29508196721311475 3.1014748385951956 10.741474838595195 5589
302.8 0.29508196721311475 2.553941004792823 10.193941004792823 6056
309.1 0.3114754098360656 2.4480946098084546 10.088094609808454 6182
323.45 0.3114754098360656 2.3202301879425073 9.960230187942507 6469
329.35 0.3114754098360656 2.0804994526836706 9.72049945268367 6587
340.85 0.3114754098360656 1.8517563732669098 9.49175637326691 6817
380.8 0.3114754098360656 1.7624809612644592 9.402480961264459 7616
385.9 0.3114754098360656 1.7560678648680943 9.396067864868094 7718
387.6 0.3114754098360656 1.630301722362531 9.27030172236253 7752
400.45 0.32786885245901637 1.366847874877851 9.00684787487785 8009
459.05 0.32786885245901637 1.3323833110963088 8.972383311096308 9181
469.1 0.32786885245901637 1.2960949084534734 8.936094908453473 9382
472.25 0.32786885245901637 1.1788399040242803 8.81883990402428 9445
483.8 0.32786885245901637 1.104682586639158 8.744682586639158 9676
