% fevals/dim | frac | F - F_opt (99.53) | best fitness | fevals
0.05 0.11475409836065574 399.2761284089512 498.80612840895117 1
1.45 0.14754098360655737 219.13014131534382 318.6601413153438 29
22.1 0.14754098360655737 199.06251940489088 298.5925194048909 442
36.75 0.14754098360655737 175.64476547264186 275.17476547264187 735
56.2 0.14754098360655737 169.45886619413128 268.9888661941313 1124
62.85 0.16393442622950818 147.22722205871105 246.75722205871105 1257
82.25 0.16393442622950818 142.2029622826505 241.7329622826505 1645
88.95 0.16393442622950818 125.47640760017359 225.0064076001736 1779
104.75 0.16393442622950818 122.6008852456898 222.1308852456898 2095
108.45 0.16393442622950818 122.33958218351196 221.86958218351197 2169
117.75 0.16393442622950818 116.9192068489904 216.4492068489904 2355
126.45 0.16393442622950818 116.68196990341116 216.21196990341116 2529
129.7 0.16393442622950818 113.15632227718652 212.68632227718652 2594
138.6 0.16393442622950818 110.67954175050144 210.20954175050144 2772
141.5 0.16393442622950818 108.11225397052911 207.6422539705291 2830
143.45 0.16393442622950818 102.4203854058729 201.9503854058729 2869
166.4 0.18032786885245902 98.13633286468871 197.6663328646887 3328
169.3 0.18032786885245902 91.82522746892735 191.35522746892735 3386
175.1 0.18032786885245902 86.10025134330644 185.63025134330644 3502
178.4 0.18032786885245902 83.89242469810588 183.42242469810589 3568
187.1 0.18032786885245902 81.56664500872984 181.09664500872984 3742
204.6 0.18032786885245902 80.80936097010931 180.3393609701093 4092
207.4 0.18032786885245902 79.7247046617581 179.2547046617581 4148
213.75 0.18032786885245902 77.07579865793411 176.60579865793412 4275
215.1 0.18032786885245902 75.19155805531776 174.72155805531776 4302
217.95 0.18032786885245902 71.00659293387221 170.5365929338722 4359
236.3 0.18032786885245902 68.90051084158898 168.43051084158898 4726
239.2 0.18032786885245902 68.74210790571155 168.27210790571155 4784
241.0 0.18032786885245902 66.79140195471871 166.3214019547187 4820
250.1 0.18032786885245902 66.69041641283005 166.22041641283005 5002
252.5 0.19672131147540983 59.91975965272516 159.44975965272516 5050
263.3 0.19672131147540983 56.506491021614295 156.0364910216143 5266
274.75 0.19672131147540983 53.867021204945644 153.39702120494564 5495
304.0 0.19672131147540983 50.78923887028546 150.31923887028546 6080
308.0 0.19672131147540983 49.655290416395445 149.18529041639545 6160
336.2 0.19672131147540983 48.39244985220475 147.92244985220475 6724
336.9 0.19672131147540983 46.561789535610586 146.0917895356106 6738
343.2 0.19672131147540983 45.9192749878558 145.4492749878558 6864
348.2 0.19672131147540983 45.083449890440335 144.61344989044034 6964
360.85 0.19672131147540983 43.994501755638254 143.52450175563825 7217
378.45 0.19672131147540983 42.994501755638254 142.52450175563825 7569
390.95 0.19672131147540983 42.64500000215267 142.17500000215267 7819
391.7 0.19672131147540983 42.37072501644954 141.90072501644954 7834
404.85 0.19672131147540983 41.37072501644954 140.90072501644954 8097
