% fevals/dim | frac | F - F_opt (40.66) | best fitness | fevals
0.05 0.09836065573770492 813.9802044710219 854.6402044710219 1
0.05 0.09836065573770492 813.9802044710219 854.6402044710219 1
11.3 0.11475409836065574 570.4783634210544 611.1383634210544 226
23.55 0.11475409836065574 564.0257030596516 604.6857030596516 471
30.3 0.11475409836065574 484.5656862535187 525.2256862535187 606
37.1 0.11475409836065574 462.15953899982344 502.8195389998234 742
48.75 0.11475409836065574 421.8085451729751 462.46854517297504 975
55.25 0.11475409836065574 404.120718550638 444.78071855063797 1105
62.3 0.13114754098360656 393.69666516754353 434.3566651675435 1246
67.85 0.13114754098360656 369.5313925315256 410.1913925315256 1357
86.75 0.13114754098360656 360.5684035280308 401.22840352803075 1735
97.45 0.13114754098360656 356.6478164363506 397.30781643635055 1949
107.0 0.13114754098360656 339.15712109877404 379.817121098774 2140
125.95 0.13114754098360656 317.95809911722415 358.6180991172241 2519
130.85 0.13114754098360656 315.8123652135049 356.4723652135049 2617
139.65 0.13114754098360656 308.11828528539513 348.7782852853951 2793
156.2 0.13114754098360656 300.74877788183755 341.4087778818375 3124
158.55 0.13114754098360656 268.02365019643923 308.6836501964392 3171
171.15 0.13114754098360656 258.51021748176663 299.1702174817666 3423
205.6 0.14754098360655737 247.0517106899134 287.7117106899134 4112
255.0 0.14754098360655737 227.42865115626373 268.0886511562637 5100
260.9 0.14754098360655737 224.49675791205365 265.15675791205365 5218
319.6 0.14754098360655737 217.40230356758795 258.06230356758795 6392
338.75 0.14754098360655737 214.04691366292906 254.70691366292905 6775
345.2 0.14754098360655737 212.8763460994228 253.5363460994228 6904
357.65 0.14754098360655737 208.04272541202894 248.70272541202894 7153
363.0 0.14754098360655737 201.04810280037134 241.70810280037134 7260
395.45 0.14754098360655737 192.2542258415055 232.9142258415055 7909
418.2 0.14754098360655737 190.58212239466388 231.24212239466388 8364
427.35 0.14754098360655737 184.78354324573053 225.44354324573052 8547
433.65 0.14754098360655737 176.27273418112233 216.93273418112233 8673
458.75 0.14754098360655737 169.75012653653505 210.41012653653505 9175
