% fevals/dim | frac | F - F_opt (32.7) | best fitness | fevals
0.05 0.18032786885245902 87.29032794448968 119.99032794448968 1
6.95 0.19672131147540983 54.26447325771146 86.96447325771146 139
28.1 0.21311475409836064 37.133617817118434 69.83361781711844 562
114.0 0.21311475409836064 36.816228016723656 69.51622801672366 2280
125.8 0.21311475409836064 35.00154678016041 67.70154678016041 2516
134.85 0.21311475409836064 30.95959752984274 63.65959752984274 2697
161.45 0.22950819672131148 24.775988402408814 57.47598840240882 3229
349.45 0.22950819672131148 23.418693100521935 56.11869310052194 6989
350.5 0.22950819672131148 17.54765717123027 50.24765717123027 7010
425.25 0.22950819672131148 17.138656567450766 49.83865656745077 8505
