% fevals/dim | frac | F - F_opt (40.66) | best fitness | fevals
0.05 0.09836065573770492 813.9802044710219 854.6402044710219 1
0.05 0.09836065573770492 813.9802044710219 854.6402044710219 1
22.7 0.09836065573770492 709.6671148986936 750.3271148986936 454
53.5 0.11475409836065574 520.3084847982616 560.9684847982616 1070
76.5 0.11475409836065574 506.68615390909144 547.3461539090914 1530
138.55 0.11475409836065574 450.58564932181764 491.2456493218176 2771
146.85 0.11475409836065574 431.65269863202514 472.3126986320251 2937
248.7 0.11475409836065574 422.0373276706374 462.6973276706374 4974
307.45 0.11475409836065574 413.512440518212 454.17244051821194 6149
380.25 0.13114754098360656 388.38425445097425 429.0442544509742 7605
404.5 0.13114754098360656 380.51650339033586 421.1765033903358 8090
411.2 0.13114754098360656 343.42333781944944 384.0833378194494 8224
437.85 0.13114754098360656 330.65368199745546 371.31368199745543 8757
486.8 0.13114754098360656 316.9522604384591 357.6122604384591 9736
