% fevals/dim | frac | F - F_opt (-34.75) | best fitness | fevals
0.05 0.09836065573770492 704.0696690671978 669.3196690671978 1
8.05 0.09836065573770492 676.493310404185 641.743310404185 161
12.3 0.09836065573770492 637.3475112920613 602.5975112920613 246
28.6 0.11475409836065574 585.5922347146086 550.8422347146086 572
77.35 0.11475409836065574 561.4819527674229 526.7319527674229 1547
87.25 0.11475409836065574 503.78519210716627 469.03519210716627 1745
117.5 0.11475409836065574 408.6770061779484 373.9270061779484 2350
147.9 0.13114754098360656 347.5613069339944 312.8113069339944 2958
220.5 0.13114754098360656 347.3008527355054 312.5508527355054 4410
259.75 0.13114754098360656 342.002146105409 307.252146105409 5195
309.2 0.13114754098360656 316.5372398753808 281.7872398753808 6184
331.15 0.13114754098360656 314.9427696869007 280.1927696869007 6623
376.2 0.13114754098360656 297.9635768701466 263.2135768701466 7524
383.95 0.13114754098360656 289.82525316375177 255.07525316375177 7679
391.25 0.13114754098360656 279.15337501397227 244.40337501397227 7825
422.85 0.13114754098360656 271.7105756853474 236.9605756853474 8457
436.6 0.13114754098360656 266.13947224502806 231.38947224502806 8732
473.85 0.14754098360655737 243.85728374706832 209.10728374706832 9477
