% fevals/dim | frac | F - F_opt (-66.39) | best fitness | fevals
0.05 0.11475409836065574 399.2761284089512 332.8861284089512 1
5.85 0.14754098360655737 204.3811245994284 137.99112459942842 117
41.0 0.14754098360655737 194.27598455487296 127.88598455487296 820
65.2 0.14754098360655737 188.21947027142969 121.82947027142968 1304
77.15 0.14754098360655737 180.1899487973344 113.79994879733441 1543
95.15 0.16393442622950818 135.71476815132453 69.32476815132453 1903
122.15 0.16393442622950818 131.42021942616995 65.03021942616995 2443
143.75 0.16393442622950818 111.55553836433104 45.16553836433104 2875
154.7 0.18032786885245902 95.92920975866973 29.539209758669728 3094
171.1 0.18032786885245902 93.88308913499442 27.49308913499442 3422
181.7 0.18032786885245902 82.4104889485127 16.020488948512693 3634
201.55 0.18032786885245902 70.8074103981636 4.417410398163597 4031
253.95 0.19672131147540983 55.218924825745205 -11.171075174254796 5079
273.6 0.19672131147540983 54.8712917833388 -11.518708216661203 5472
282.5 0.19672131147540983 51.05084548212868 -15.339154517871322 5650
299.6 0.19672131147540983 47.93225565710119 -18.457744342898813 5992
313.25 0.21311475409836064 30.76027026951452 -35.62972973048548 6265
317.6 0.21311475409836064 28.636720645639755 -37.753279354360245 6352
331.25 0.21311475409836064 27.88910816119921 -38.50089183880079 6625
371.6 0.21311475409836064 27.15818677266323 -39.23181322733677 7432
383.0 0.22950819672131148 20.86397511135926 -45.52602488864074 7660
392.0 0.22950819672131148 19.73513721967457 -46.65486278032543 7840
401.45 0.26229508196721313 6.894326682099738 -59.49567331790026 8029
471.7 0.2786885245901639 4.677387863090956 -61.712612136909044 9434
