% fevals/dim | frac | F - F_opt (99.8) | best fitness | fevals
0.05 0.18032786885245902 80.41794728876845 180.21794728876844 1
0.05 0.18032786885245902 80.41794728876845 180.21794728876844 1
12.25 0.18032786885245902 76.51644707686852 176.3164470768685 245
14.45 0.18032786885245902 74.17453533918244 173.97453533918244 289
48.9 0.18032786885245902 71.14720507396622 170.94720507396622 978
56.7 0.18032786885245902 70.29387203992572 170.0938720399257 1134
64.15 0.18032786885245902 66.92007243912722 166.72007243912722 1283
105.7 0.19672131147540983 62.3101828295171 162.1101828295171 2114
117.4 0.19672131147540983 58.882002967888255 158.68200296788825 2348
182.05 0.19672131147540983 54.99443613846687 154.79443613846686 3641
189.9 0.19672131147540983 43.43640032038125 143.23640032038125 3798
204.1 0.21311475409836064 36.25300847648565 136.05300847648564 4082
232.5 0.21311475409836064 34.46400969791996 134.26400969791996 4650
254.7 0.21311475409836064 30.3959322361611 130.1959322361611 5094
323.15 0.21311475409836064 27.052714750795133 126.85271475079513 6463
332.8 0.22950819672131148 22.597732695143733 122.39773269514373 6656
432.2 0.22950819672131148 20.30221069613752 120.10221069613752 8644
466.75 0.22950819672131148 19.25706089970319 119.05706089970319 9335
