% fevals/dim | frac | F - F_opt (-34.75) | best fitness | fevals
0.05 0.09836065573770492 704.0696690671978 669.3196690671978 1
2.5 0.09836065573770492 681.3181454152264 646.5681454152264 50
5.4 0.11475409836065574 598.0080447327707 563.2580447327707 108
7.5 0.11475409836065574 481.01473057478 446.26473057478 150
15.3 0.11475409836065574 432.70347657192985 397.95347657192985 306
25.8 0.11475409836065574 422.68486493257734 387.93486493257734 516
31.1 0.13114754098360656 326.2953533040781 291.5453533040781 622
45.4 0.13114754098360656 310.0201599724156 275.2701599724156 908
53.55 0.13114754098360656 270.16925720427935 235.41925720427935 1071
71.55 0.13114754098360656 259.0955770376586 224.3455770376586 1431
77.65 0.14754098360655737 233.38660669608774 198.63660669608774 1553
123.65 0.14754098360655737 231.67643567041213 196.92643567041213 2473
138.15 0.14754098360655737 196.26376109974586 161.51376109974586 2763
202.1 0.14754098360655737 180.0849341133861 145.3349341133861 4042
416.05 0.16393442622950818 145.21040526685076 110.46040526685076 8321
