% fevals/dim | frac | F - F_opt (-66.39) | best fitness | fevals
0.05 0.11475409836065574 399.2761284089512 332.8861284089512 1
2.9 0.13114754098360656 263.2877761230828 196.8977761230828 58
9.45 0.14754098360655737 249.3223427670569 182.93234276705692 189
19.8 0.14754098360655737 223.36575770338158 156.9757577033816 396
32.35 0.14754098360655737 217.47908682420785 151.08908682420787 647
33.85 0.14754098360655737 191.63960182120454 125.24960182120454 677
42.7 0.14754098360655737 179.66942231303156 113.27942231303156 854
44.15 0.14754098360655737 167.66937296441176 101.27937296441176 883
48.9 0.14754098360655737 161.3080428414447 94.91804284144469 978
53.9 0.16393442622950818 144.63796236657117 78.24796236657117 1078
58.65 0.16393442622950818 129.6837882752003 63.2937882752003 1173
76.75 0.16393442622950818 126.485727095947 60.095727095947 1535
97.55 0.16393442622950818 102.8805551030933 36.4905551030933 1951
104.45 0.18032786885245902 92.52852007120066 26.13852007120066 2089
110.75 0.18032786885245902 87.06629281703123 20.676292817031225 2215
133.65 0.18032786885245902 80.27607034346838 13.886070343468376 2673
138.85 0.18032786885245902 69.82508580158583 3.435085801585828 2777
143.15 0.18032786885245902 66.3758362058096 -0.014163794190395151 2863
148.55 0.21311475409836064 36.65837100593382 -29.731628994066178 2971
178.25 0.21311475409836064 35.04563274243539 -31.344367257564613 3565
186.9 0.21311475409836064 32.90109098573805 -33.48890901426195 3738
192.5 0.21311475409836064 26.799158594416483 -39.59084140558352 3850
200.95 0.22950819672131148 19.82746963029166 -46.56253036970834 4019
222.45 0.22950819672131148 16.926835503844366 -49.463164496155635 4449
230.85 0.2459016393442623 11.547576783163848 -54.84242321683615 4617
237.4 0.2459016393442623 10.824193596959589 -55.56580640304041 4748
240.0 0.2786885245901639 6.233249201637221 -60.15675079836278 4800
256.4 0.29508196721311475 3.665961421664875 -62.724038578335126 5128
300.35 0.29508196721311475 3.3434130668179236 -63.04658693318208 6007
314.45 0.32786885245901637 1.27427498570313 -65.11572501429687 6289
344.5 1.0 0.0 -66.39 6890
