% fevals/dim | frac | F - F_opt (-39.43) | best fitness | fevals
0.05 0.19672131147540983 52.775889662616656 13.345889662616656 1
0.5 0.19672131147540983 45.47350140270279 6.043501402702788 10
2.55 0.19672131147540983 41.358907011373105 1.9289070113731057 51
7.4 0.21311475409836064 31.149055832607086 -8.280944167392914 148
9.7 0.21311475409836064 30.410577126280078 -9.019422873719922 194
10.95 0.22950819672131148 20.57863777395016 -18.85136222604984 219
19.85 0.22950819672131148 19.9079304330334 -19.5220695669666 397
21.15 0.22950819672131148 19.62561250561424 -19.80438749438576 423
23.05 0.22950819672131148 18.948266991346124 -20.481733008653876 461
27.1 0.22950819672131148 16.481277866010217 -22.948722133989783 542
28.05 0.2459016393442623 14.682301447888143 -24.747698552111856 561
39.7 0.2459016393442623 13.428691226926876 -26.001308773073124 794
41.45 0.2459016393442623 12.836184635112978 -26.59381536488702 829
49.35 0.2459016393442623 12.431880228146994 -26.998119771853005 987
51.85 0.2459016393442623 12.288674563413139 -27.14132543658686 1037
53.05 0.2459016393442623 10.640335447342853 -28.789664552657147 1061
60.25 0.2459016393442623 10.219231686040558 -29.21076831395944 1205
66.95 0.26229508196721313 8.667525173902312 -30.762474826097687 1339
70.1 0.26229508196721313 8.293163810983433 -31.136836189016567 1402
79.45 0.26229508196721313 7.011311271679325 -32.418688728320674 1589
91.0 0.2786885245901639 6.061155550185838 -33.36884444981416 1820
106.0 0.2786885245901639 5.479662520927526 -33.95033747907247 2120
119.35 0.2786885245901639 4.512805146171267 -34.91719485382873 2387
126.85 0.2786885245901639 4.062923437892259 -35.36707656210774 2537
141.85 0.29508196721311475 3.860593625419142 -35.56940637458086 2837
146.45 0.29508196721311475 3.280496707858532 -36.14950329214147 2929
157.6 0.29508196721311475 3.1255647872650343 -36.304435212734965 3152
160.1 0.29508196721311475 2.781614750119182 -36.64838524988082 3202
178.15 0.29508196721311475 2.6944191559042494 -36.73558084409575 3563
182.9 0.3114754098360656 2.311787245078925 -37.118212754921075 3658
191.95 0.3114754098360656 2.1569943313161275 -37.27300566868387 3839
195.65 0.3114754098360656 2.0032444441072883 -37.42675555589271 3913
210.5 0.3114754098360656 1.809641370015477 -37.62035862998452 4210
219.85 0.3114754098360656 1.7447426787614546 -37.685257321238545 4397
227.6 0.32786885245901637 1.5313800569134983 -37.8986199430865 4552
236.25 0.32786885245901637 1.486921552646308 -37.94307844735369 4725
247.15 0.32786885245901637 1.2720206385117834 -38.157979361488216 4943
251.25 0.32786885245901637 1.2411758229371372 -38.18882417706286 5025
252.55 0.32786885245901637 1.0820728080803974 -38.3479271919196 5051
255.3 0.3442622950819672 0.8181373276868413 -38.61186267231316 5106
281.0 0.3442622950819672 0.814913694702831 -38.61508630529717 5620
