% fevals/dim | frac | F - F_opt (-48.6) | best fitness | fevals
0.05 0.18032786885245902 73.01293272394747 24.41293272394747 1
0.95 0.18032786885245902 72.02401046496077 23.424010464960766 19
8.3 0.18032786885245902 71.75007386694915 23.15007386694915 166
14.1 0.18032786885245902 70.77674249011586 22.176742490115863 282
22.0 0.18032786885245902 67.63554680940209 19.035546809402085 440
24.75 0.18032786885245902 65.47665355335091 16.876653553350913 495
26.3 0.18032786885245902 64.84997197091393 16.249971970913926 526
34.95 0.18032786885245902 63.69900968518878 15.099009685188776 699
38.5 0.19672131147540983 61.873979267407464 13.273979267407462 770
38.65 0.19672131147540983 61.65206524511481 13.052065245114811 773
54.1 0.19672131147540983 49.574613457371946 0.9746134573719445 1082
74.2 0.19672131147540983 41.719466479818664 -6.880533520181338 1484
90.0 0.21311475409836064 38.579032678829414 -10.020967321170588 1800
95.5 0.21311475409836064 36.00012412847349 -12.599875871526514 1910
107.25 0.21311475409836064 35.46264080043064 -13.13735919956936 2145
114.7 0.21311475409836064 33.395873604701215 -15.204126395298786 2294
121.0 0.21311475409836064 32.99654338427574 -15.603456615724262 2420
123.45 0.21311475409836064 31.66460845289803 -16.935391547101972 2469
125.7 0.21311475409836064 31.512719918823205 -17.087280081176797 2514
131.7 0.21311475409836064 29.405171745868184 -19.194828254131817 2634
137.55 0.21311475409836064 27.182691996535297 -21.417308003464704 2751
148.1 0.21311475409836064 27.13716955933687 -21.462830440663133 2962
150.5 0.22950819672131148 24.636766805187595 -23.963233194812407 3010
156.8 0.22950819672131148 24.57711360134022 -24.022886398659782 3136
170.1 0.22950819672131148 21.097523065057842 -27.50247693494216 3402
196.05 0.22950819672131148 19.796400742703447 -28.803599257296554 3921
199.4 0.22950819672131148 19.721119035317567 -28.878880964682434 3988
202.75 0.22950819672131148 17.473806800048536 -31.126193199951466 4055
210.4 0.22950819672131148 17.208036336179095 -31.391963663820906 4208
218.65 0.22950819672131148 16.671185219780558 -31.928814780219444 4373
243.4 0.22950819672131148 15.890725916255967 -32.709274083744035 4868
256.35 0.2459016393442623 14.69136391902746 -33.90863608097254 5127
279.9 0.2459016393442623 14.207786257994584 -34.39221374200542 5598
283.1 0.2459016393442623 13.793792500700128 -34.80620749929987 5662
288.25 0.2459016393442623 13.579095912626435 -35.020904087373566 5765
294.1 0.2459016393442623 13.363901702053504 -35.2360982979465 5882
304.75 0.2459016393442623 12.732659988921064 -35.86734001107894 6095
339.65 0.2459016393442623 12.71435649386573 -35.88564350613427 6793
344.65 0.2459016393442623 12.630265983995308 -35.96973401600469 6893
354.15 0.2459016393442623 12.219187313629625 -36.380812686370376 7083
382.8 0.2459016393442623 12.169254077457119 -36.43074592254288 7656
