% fevals/dim | frac | F - F_opt (-39.43) | best fitness | fevals
0.05 0.19672131147540983 52.775889662616656 13.345889662616656 1
0.5 0.19672131147540983 45.47350140270279 6.043501402702788 10
13.0 0.21311475409836064 36.5056322653749 -2.9243677346251005 260
21.9 0.21311475409836064 28.90927692375052 -10.520723076249478 438
36.8 0.22950819672131148 24.45692551931087 -14.973074480689128 736
44.9 0.22950819672131148 23.44371281166438 -15.98628718833562 898
53.2 0.22950819672131148 20.53263244536123 -18.89736755463877 1064
66.5 0.2459016393442623 15.611897693545455 -23.818102306454545 1330
104.6 0.2459016393442623 15.274940504056758 -24.15505949594324 2092
120.05 0.2459016393442623 13.027520824278497 -26.402479175721503 2401
129.05 0.26229508196721313 8.901230180492476 -30.528769819507524 2581
169.5 0.26229508196721313 6.995669366527672 -32.43433063347233 3390
278.35 0.26229508196721313 6.6493362368043165 -32.78066376319568 5567
309.25 0.26229508196721313 6.44493413563162 -32.98506586436838 6185
322.75 0.2786885245901639 5.60849564115869 -33.82150435884131 6455
334.1 0.29508196721311475 3.7311915214237956 -35.698808478576204 6682
481.4 0.29508196721311475 3.7085516813263055 -35.721448318673694 9628
