% fevals/dim | frac | F - F_opt (-66.39) | best fitness | fevals
0.05 0.11475409836065574 399.2761284089512 332.8861284089512 1
2.9 0.13114754098360656 263.2877761230828 196.8977761230828 58
14.85 0.14754098360655737 237.7891799906816 171.3991799906816 297
24.25 0.14754098360655737 231.97770655603733 165.58770655603735 485
32.45 0.14754098360655737 212.76974861642765 146.37974861642766 649
37.15 0.14754098360655737 207.18497257972166 140.79497257972167 743
39.7 0.14754098360655737 194.01969559455 127.62969559455 794
54.75 0.14754098360655737 179.79823955761634 113.40823955761634 1095
57.6 0.14754098360655737 176.4532570677467 110.0632570677467 1152
70.2 0.14754098360655737 171.19492915935783 104.80492915935783 1404
74.45 0.16393442622950818 128.03384485154217 61.64384485154217 1489
100.85 0.16393442622950818 113.14243626273395 46.75243626273395 2017
115.95 0.18032786885245902 92.6478591398896 26.257859139889604 2319
127.85 0.18032786885245902 88.31822457197619 21.928224571976187 2557
132.55 0.18032786885245902 84.51192968106702 18.121929681067016 2651
141.95 0.18032786885245902 80.84048674288678 14.450486742886781 2839
149.9 0.18032786885245902 71.92915310303201 5.539153103032007 2998
157.35 0.18032786885245902 71.92420941374039 5.534209413740385 3147
163.3 0.18032786885245902 66.46683111535697 0.07683111535696696 3266
179.2 0.18032786885245902 64.65200166108701 -1.7379983389129876 3584
187.05 0.19672131147540983 53.23224559641689 -13.157754403583112 3741
188.85 0.19672131147540983 52.837665660949284 -13.552334339050716 3777
201.65 0.19672131147540983 46.21587195855407 -20.174128041445933 4033
207.65 0.19672131147540983 43.525376578597985 -22.864623421402015 4153
223.75 0.19672131147540983 41.905217486124954 -24.484782513875047 4475
231.15 0.19672131147540983 40.44957347191067 -25.940426528089333 4623
244.95 0.21311475409836064 36.63668096275832 -29.75331903724168 4899
249.65 0.21311475409836064 31.44351655475161 -34.94648344524839 4993
284.35 0.21311475409836064 31.29252091152918 -35.09747908847082 5687
290.6 0.22950819672131148 25.085357626053046 -41.304642373946955 5812
295.95 0.22950819672131148 23.46590428573989 -42.92409571426011 5919
300.55 0.22950819672131148 20.87091541709642 -45.51908458290358 6011
310.3 0.22950819672131148 18.85794660479553 -47.53205339520447 6206
330.15 0.22950819672131148 16.339742671387384 -50.05025732861262 6603
361.0 0.2459016393442623 13.090824603452674 -53.29917539654733 7220
386.75 0.2459016393442623 12.584055091556962 -53.80594490844304 7735
398.45 0.2459016393442623 11.537291639231036 -54.852708360768965 7969
402.75 0.2459016393442623 11.229642588268774 -55.160357411731226 8055
413.55 0.2459016393442623 10.627017797396583 -55.76298220260342 8271
415.1 0.26229508196721313 7.000168109250858 -59.38983189074914 8302
423.45 0.26229508196721313 6.50522926174682 -59.88477073825318 8469
472.45 0.2786885245901639 5.871330217566168 -60.51866978243383 9449
489.25 0.2786885245901639 5.376391370062137 -61.01360862993786 9785
