% fevals/dim | frac | F - F_opt (99.8) | best fitness | fevals
0.05 0.18032786885245902 80.41794728876845 180.21794728876844 1
0.05 0.18032786885245902 80.41794728876845 180.21794728876844 1
6.6 0.18032786885245902 77.64560869431632 177.44560869431632 132
7.15 0.18032786885245902 75.78438467570324 175.58438467570323 143
24.3 0.18032786885245902 74.14890776516155 173.94890776516155 486
28.35 0.18032786885245902 73.00650523648999 172.80650523648998 567
32.15 0.18032786885245902 72.62549675747805 172.42549675747804 643
46.05 0.18032786885245902 64.52075917795374 164.32075917795373 921
74.45 0.19672131147540983 57.04116000190318 156.84116000190318 1489
123.7 0.19672131147540983 51.295876605538936 151.09587660553893 2474
157.05 0.19672131147540983 44.63782728217545 144.43782728217545 3141
166.3 0.19672131147540983 41.125958672215646 140.92595867221564 3326
187.6 0.21311475409836064 35.84312537346848 135.64312537346848 3752
202.3 0.21311475409836064 34.29583927555764 134.09583927555764 4046
303.2 0.21311475409836064 28.522530679201836 128.32253067920183 6064
339.15 0.21311475409836064 25.605269107484133 125.40526910748413 6783
352.2 0.22950819672131148 24.75194316081621 124.55194316081621 7044
360.0 0.22950819672131148 24.407697188691557 124.20769718869155 7200
374.2 0.22950819672131148 23.697667173234365 123.49766717323436 7484
388.4 0.22950819672131148 23.45331492905663 123.25331492905663 7768
402.5 0.22950819672131148 21.28037507434182 121.08037507434182 8050
459.4 0.22950819672131148 18.43655273729597 118.23655273729597 9188
487.1 0.22950819672131148 17.25886946833384 117.05886946833384 9742
494.2 0.2459016393442623 14.750764767228631 114.55076476722863 9884
