% fevals/dim | frac | F - F_opt (32.7) | best fitness | fevals
0.05 0.18032786885245902 87.29032794448968 119.99032794448968 1
3.45 0.19672131147540983 45.12024849715037 77.82024849715037 69
5.55 0.21311475409836064 28.528646961833147 61.22864696183315 111
12.35 0.21311475409836064 27.367578892673023 60.067578892673026 247
16.55 0.22950819672131148 19.33145847456784 52.03145847456784 331
20.75 0.22950819672131148 19.329484515156068 52.02948451515607 415
23.5 0.22950819672131148 18.312529308805075 51.01252930880508 470
27.95 0.22950819672131148 16.685191115524837 49.38519111552484 559
32.45 0.22950819672131148 16.072265501322477 48.77226550132248 649
40.7 0.2459016393442623 13.552072456195162 46.252072456195165 814
43.8 0.2459016393442623 12.05001502384939 44.75001502384939 876
53.75 0.26229508196721313 8.979038122222676 41.67903812222268 1075
76.65 0.26229508196721313 7.732417185161594 40.4324171851616 1533
90.35 0.26229508196721313 6.480044611788813 39.180044611788816 1807
101.6 0.26229508196721313 6.405231190573588 39.10523119057359 2032
117.7 0.2786885245901639 5.584477932899659 38.28447793289966 2354
121.65 0.2786885245901639 4.771797498847455 37.47179749884746 2433
135.15 0.2786885245901639 4.590439013010169 37.29043901301017 2703
139.0 0.2786885245901639 4.167622868370479 36.86762286837048 2780
144.7 0.29508196721311475 2.8377654365117095 35.53776543651171 2894
183.75 0.3114754098360656 2.390576633104992 35.090576633104995 3675
244.2 0.3114754098360656 2.331765101460121 35.031765101460124 4884
252.45 0.3114754098360656 1.973262130354989 34.67326213035499 5049
258.35 0.3114754098360656 1.967319988409379 34.66731998840938 5167
266.5 0.3114754098360656 1.7809780851309824 34.480978085130985 5330
300.15 0.3114754098360656 1.7406085780836946 34.4406085780837 6003
303.0 0.3114754098360656 1.6041789794051482 34.30417897940515 6060
314.9 0.3114754098360656 1.598806905306617 34.29880690530662 6298
317.15 0.3114754098360656 1.5928241122485503 34.29282411224855 6343
323.55 0.32786885245901637 1.4420194274646505 34.14201942746465 6471
331.8 0.32786885245901637 1.2750939348076287 33.97509393480763 6636
355.1 0.32786885245901637 1.226990518020834 33.92699051802084 7102
375.7 0.32786885245901637 1.2118154075821792 33.91181540758218 7514
378.6 0.32786885245901637 1.070280205954944 33.77028020595495 7572
