% fevals/dim | frac | F - F_opt (-66.39) | best fitness | fevals
0.05 0.11475409836065574 399.2761284089512 332.8861284089512 1
2.9 0.13114754098360656 263.2877761230828 196.8977761230828 58
9.5 0.14754098360655737 245.3435567932026 178.9535567932026 190
14.2 0.14754098360655737 219.93916212617955 153.54916212617957 284
25.35 0.14754098360655737 197.05527387313708 130.6652738731371 507
27.4 0.14754098360655737 171.87092792676447 105.48092792676447 548
32.9 0.16393442622950818 122.48420339651594 56.09420339651594 658
59.5 0.16393442622950818 107.75056464255553 41.36056464255553 1190
62.9 0.18032786885245902 98.53721013091535 32.147210130915354 1258
78.75 0.18032786885245902 83.47557061417619 17.08557061417619 1575
81.1 0.18032786885245902 81.13395528510257 14.743955285102572 1622
84.35 0.18032786885245902 73.19485286253433 6.804852862534332 1687
89.3 0.18032786885245902 72.55860147593731 6.168601475937308 1786
93.1 0.19672131147540983 59.838125342931036 -6.551874657068964 1862
100.75 0.19672131147540983 44.24729053956988 -22.14270946043012 2015
117.55 0.21311475409836064 27.320281982603348 -39.06971801739665 2351
127.35 0.22950819672131148 25.105717490490136 -41.284282509509865 2547
134.8 0.22950819672131148 22.337298529152065 -44.052701470847936 2696
141.2 0.22950819672131148 19.036233771728348 -47.35376622827165 2824
150.55 0.22950819672131148 18.0 -48.39 3011
159.05 0.2459016393442623 14.617825828440914 -51.77217417155909 3181
163.45 0.2459016393442623 12.478701982227392 -53.91129801777261 3269
168.8 0.26229508196721313 9.703148259545962 -56.68685174045404 3376
178.35 0.26229508196721313 9.562664797438785 -56.827335202561216 3567
195.6 0.26229508196721313 7.247553478377441 -59.14244652162256 3912
203.1 0.32786885245901637 1.4384498882876642 -64.95155011171234 4062
223.3 1.0 0.0 -66.39 4466
