% fevals/dim | frac | F - F_opt (-66.39) | best fitness | fevals
0.05 0.11475409836065574 399.2761284089512 332.8861284089512 1
2.9 0.13114754098360656 263.2877761230828 196.8977761230828 58
9.9 0.13114754098360656 253.99873962844572 187.60873962844573 198
16.2 0.14754098360655737 243.96664648564638 177.5766464856464 324
26.6 0.14754098360655737 228.8138414986002 162.4238414986002 532
30.5 0.14754098360655737 195.6837950287512 129.29379502875122 610
44.35 0.14754098360655737 190.3424554735296 123.95245547352961 887
50.55 0.14754098360655737 184.3634057741646 117.97340577416459 1011
59.5 0.14754098360655737 181.40101251109002 115.01101251109002 1190
63.15 0.14754098360655737 163.95291110385156 97.56291110385156 1263
67.05 0.16393442622950818 138.27133334077388 71.88133334077388 1341
87.05 0.16393442622950818 138.07655819219033 71.68655819219033 1741
90.45 0.16393442622950818 131.00836561601392 64.61836561601392 1809
94.35 0.16393442622950818 119.78211363250904 53.39211363250904 1887
102.15 0.16393442622950818 111.9778760486146 45.5878760486146 2043
116.85 0.16393442622950818 108.50526396710623 42.11526396710623 2337
117.75 0.16393442622950818 107.93767593270641 41.54767593270641 2355
124.95 0.18032786885245902 99.66367205875893 33.27367205875893 2499
133.8 0.18032786885245902 91.25532574629074 24.865325746290736 2676
146.6 0.18032786885245902 75.34921353463774 8.95921353463774 2932
150.5 0.18032786885245902 72.25463091166276 5.864630911662758 3010
161.1 0.18032786885245902 69.52032718803244 3.130327188032439 3222
186.3 0.19672131147540983 63.05874735308875 -3.3312526469112527 3726
199.35 0.19672131147540983 59.48026818121701 -6.909731818782987 3987
210.85 0.19672131147540983 57.83828036424221 -8.551719635757792 4217
214.8 0.19672131147540983 54.2706741735141 -12.119325826485898 4296
222.25 0.19672131147540983 50.958000549369764 -15.431999450630236 4445
226.95 0.19672131147540983 47.52378182660752 -18.866218173392483 4539
233.75 0.19672131147540983 45.55166119687881 -20.83833880312119 4675
245.75 0.19672131147540983 43.71791711051663 -22.67208288948337 4915
249.95 0.19672131147540983 42.695543757614765 -23.694456242385236 4999
253.55 0.19672131147540983 41.38219564142651 -25.007804358573487 5071
261.05 0.21311475409836064 38.6608843537765 -27.729115646223498 5221
265.55 0.21311475409836064 32.668594820869956 -33.721405179130045 5311
287.1 0.21311475409836064 32.09969117896824 -34.29030882103176 5742
291.0 0.21311475409836064 25.55262276739755 -40.83737723260245 5820
314.4 0.21311475409836064 25.22427296222849 -41.16572703777151 6288
329.7 0.22950819672131148 23.986340169157806 -42.403659830842194 6594
334.9 0.22950819672131148 18.563963370133223 -47.82603662986678 6698
348.4 0.22950819672131148 17.62054698210885 -48.76945301789115 6968
359.5 0.2459016393442623 15.11182456888286 -51.27817543111714 7190
374.75 0.2459016393442623 10.534873480722396 -55.855126519277604 7495
389.5 0.2459016393442623 10.11798031893911 -56.27201968106089 7790
421.65 0.26229508196721313 9.406035589037714 -56.98396441096229 8433
437.7 0.26229508196721313 7.782258849848986 -58.607741150151014 8754
