% fevals/dim | frac | F - F_opt (-66.39) | best fitness | fevals
0.05 0.11475409836065574 399.2761284089512 332.8861284089512 1
1.0 0.13114754098360656 270.37317377927974 203.98317377927975 20
8.7 0.13114754098360656 264.08885316264855 197.69885316264856 174
11.55 0.13114754098360656 259.77350349778555 193.38350349778557 231
15.25 0.13114754098360656 254.50700983416965 188.11700983416966 305
17.25 0.14754098360655737 250.31341954213002 183.92341954213003 345
22.0 0.14754098360655737 211.2173780828274 144.8273780828274 440
27.7 0.14754098360655737 202.837439708749 136.44743970874902 554
31.5 0.14754098360655737 191.2327112945842 124.84271129458419 630
42.4 0.14754098360655737 175.26462477885812 108.87462477885812 848
47.0 0.16393442622950818 157.6961205866047 91.3061205866047 940
52.05 0.16393442622950818 152.84890201009986 86.45890201009986 1041
54.9 0.16393442622950818 147.8157573652525 81.4257573652525 1098
59.85 0.16393442622950818 142.25784567849234 75.86784567849234 1197
62.7 0.16393442622950818 123.37563238274757 56.98563238274757 1254
65.55 0.16393442622950818 110.52279086859834 44.132790868598335 1311
66.3 0.16393442622950818 109.65295587918763 43.26295587918763 1326
71.25 0.16393442622950818 106.2621506619413 39.872150661941305 1425
73.85 0.16393442622950818 102.14888101779675 35.75888101779675 1477
74.85 0.18032786885245902 90.62822834897152 24.238228348971518 1497
82.65 0.18032786885245902 79.3428956222002 12.952895622200202 1653
93.75 0.18032786885245902 73.7011548537728 7.3111548537728055 1875
100.9 0.18032786885245902 64.17723555804092 -2.212764441959081 2018
109.65 0.19672131147540983 53.31491535837371 -13.07508464162629 2193
116.85 0.19672131147540983 52.07351475971106 -14.31648524028894 2337
125.4 0.19672131147540983 48.71369647342728 -17.676303526572724 2508
129.7 0.21311475409836064 35.804449807023275 -30.585550192976726 2594
135.4 0.21311475409836064 33.804449807023275 -32.585550192976726 2708
139.0 0.21311475409836064 30.746214561587358 -35.64378543841264 2780
140.9 0.22950819672131148 24.06801513780634 -42.32198486219366 2818
146.6 0.22950819672131148 21.732293668716217 -44.657706331283784 2932
152.3 0.22950819672131148 20.603455777031527 -45.78654422296847 3046
158.6 0.2459016393442623 14.907538724021407 -51.482461275978594 3172
164.3 0.2459016393442623 13.469088835733743 -52.92091116426626 3286
183.65 0.26229508196721313 8.442876653506005 -57.947123346493996 3673
195.05 0.2786885245901639 5.806225754775646 -60.583774245224355 3901
206.45 0.2786885245901639 4.677387863090956 -61.712612136909044 4129
225.3 0.2786885245901639 4.617688052521061 -61.77231194747894 4506
230.45 0.2786885245901639 4.381530682238704 -62.008469317761296 4609
234.5 0.29508196721311475 2.548549971406267 -63.841450028593734 4690
251.45 0.32786885245901637 1.27427498570313 -65.11572501429687 5029
