% fevals/dim | frac | F - F_opt (-39.43) | best fitness | fevals
0.05 0.19672131147540983 52.775889662616656 13.345889662616656 1
0.5 0.19672131147540983 45.47350140270279 6.043501402702788 10
17.65 0.21311475409836064 36.44904153857008 -2.980958461429921 353
30.6 0.21311475409836064 35.928577123860705 -3.5014228761392943 612
44.9 0.21311475409836064 35.3217164786365 -4.1082835213634965 898
48.9 0.21311475409836064 27.16012787634219 -12.269872123657809 978
55.0 0.21311475409836064 26.002754628098838 -13.427245371901162 1100
76.2 0.22950819672131148 24.053285469226406 -15.376714530773594 1524
94.55 0.22950819672131148 22.012344567352578 -17.41765543264742 1891
97.8 0.22950819672131148 19.049495393210577 -20.380504606789422 1956
103.9 0.22950819672131148 15.979546003627206 -23.450453996372794 2078
158.8 0.2459016393442623 15.109704422119822 -24.320295577880177 3176
207.6 0.2459016393442623 14.706288352189382 -24.723711647810617 4152
216.65 0.2459016393442623 13.827951329467911 -25.60204867053209 4333
225.45 0.2459016393442623 10.804061398796982 -28.625938601203018 4509
274.25 0.2459016393442623 10.36633255142889 -29.06366744857111 5485
286.45 0.26229508196721313 7.230400201505802 -32.1995997984942 5729
341.35 0.26229508196721313 6.825927843528568 -32.60407215647143 6827
349.45 0.2786885245901639 6.221899232253122 -33.20810076774688 6989
416.55 0.2786885245901639 5.756876513928226 -33.67312348607177 8331
449.3 0.2786885245901639 5.640464948144562 -33.78953505185544 8986
453.15 0.2786885245901639 5.503572304582484 -33.926427695417516 9063
465.35 0.2786885245901639 5.1988303591455605 -34.23116964085444 9307
475.05 0.2786885245901639 5.117731613185285 -34.312268386814715 9501
