% fevals/dim | frac | F - F_opt (-34.75) | best fitness | fevals
0.05 0.09836065573770492 704.0696690671978 669.3196690671978 1
2.5 0.09836065573770492 681.3181454152264 646.5681454152264 50
6.95 0.09836065573770492 646.460317167198 611.710317167198 139
26.7 0.09836065573770492 634.5209648675219 599.7709648675219 534
36.4 0.11475409836065574 586.387046129528 551.637046129528 728
44.4 0.11475409836065574 559.0758816245149 524.3258816245149 888
57.8 0.11475409836065574 531.1908005658923 496.44080056589235 1156
61.8 0.11475409836065574 454.3076215438776 419.5576215438776 1236
64.35 0.11475409836065574 442.26882937420925 407.51882937420925 1287
83.95 0.13114754098360656 393.5245459521555 358.7745459521555 1679
92.65 0.13114754098360656 357.49236811638684 322.74236811638684 1853
110.7 0.13114754098360656 321.17747416757146 286.42747416757146 2214
141.45 0.13114754098360656 299.3971643665989 264.6471643665989 2829
173.7 0.13114754098360656 293.07264079602544 258.32264079602544 3474
181.7 0.13114754098360656 268.18770900070007 233.43770900070007 3634
220.05 0.13114754098360656 265.0201642527595 230.2701642527595 4401
243.2 0.14754098360655737 207.35420949086597 172.60420949086597 4864
344.85 0.14754098360655737 201.3976706419615 166.6476706419615 6897
392.55 0.14754098360655737 196.3044157324739 161.5544157324739 7851
462.7 0.14754098360655737 168.15639334163058 133.40639334163058 9254
