% fevals/dim | frac | F - F_opt (99.8) | best fitness | fevals
0.05 0.18032786885245902 80.41794728876845 180.21794728876844 1
0.05 0.18032786885245902 80.41794728876845 180.21794728876844 1
3.9 0.18032786885245902 76.5954165167724 176.3954165167724 78
6.45 0.18032786885245902 74.43874400520157 174.23874400520157 129
12.0 0.18032786885245902 74.18709811899807 173.98709811899806 240
17.25 0.18032786885245902 70.16169606423024 169.96169606423024 345
33.75 0.18032786885245902 68.86363411890689 168.66363411890688 675
41.2 0.18032786885245902 68.42309019538429 168.2230901953843 824
43.25 0.18032786885245902 65.82879204010383 165.62879204010383 865
46.7 0.18032786885245902 65.49579145487321 165.2957914548732 934
49.85 0.18032786885245902 63.65240618570549 163.45240618570548 997
51.25 0.19672131147540983 60.36535595071864 160.16535595071863 1025
60.55 0.19672131147540983 56.137672824761935 155.93767282476193 1211
73.05 0.19672131147540983 56.109857475286404 155.9098574752864 1461
88.15 0.19672131147540983 54.078147140478976 153.87814714047897 1763
90.35 0.19672131147540983 52.68971731020751 152.4897173102075 1807
113.75 0.19672131147540983 49.092059238516484 148.89205923851648 2275
120.6 0.19672131147540983 47.5580770641222 147.3580770641222 2412
125.6 0.19672131147540983 44.65530712807903 144.45530712807903 2512
148.75 0.21311475409836064 35.87879446627882 135.67879446627882 2975
170.65 0.21311475409836064 35.485359320970886 135.28535932097088 3413
186.85 0.21311475409836064 34.07578549990116 133.87578549990116 3737
188.15 0.21311475409836064 32.23546207169228 132.03546207169228 3763
192.15 0.21311475409836064 32.02578504442907 131.82578504442907 3843
197.5 0.21311475409836064 29.58770654213329 129.3877065421333 3950
213.15 0.21311475409836064 25.39249345065322 125.19249345065322 4263
233.75 0.22950819672131148 23.502171659227614 123.30217165922761 4675
264.05 0.22950819672131148 23.215589947066917 123.01558994706691 5281
277.15 0.22950819672131148 22.48929427379555 122.28929427379555 5543
286.1 0.22950819672131148 21.108200189762954 120.90820018976295 5722
291.75 0.22950819672131148 20.34248602356277 120.14248602356277 5835
297.0 0.22950819672131148 17.246322795937218 117.04632279593721 5940
367.0 0.22950819672131148 16.48868912644457 116.28868912644457 7340
396.55 0.22950819672131148 16.451657444656348 116.25165744465635 7931
399.05 0.2459016393442623 14.266150742133675 114.06615074213367 7981
466.65 0.2459016393442623 13.792694576792456 113.59269457679245 9333
499.75 0.2459016393442623 12.686552642376213 112.48655264237621 9995
