% fevals/dim | frac | F - F_opt (-48.6) | best fitness | fevals
0.05 0.18032786885245902 73.01293272394747 24.41293272394747 1
0.95 0.18032786885245902 72.02401046496077 23.424010464960766 19
7.0 0.18032786885245902 71.97109782308236 23.37109782308236 140
16.25 0.18032786885245902 71.6808144259093 23.080814425909303 325
19.5 0.18032786885245902 69.00004733454182 20.400047334541817 390
24.25 0.18032786885245902 63.4647624453122 14.864762445312202 485
38.0 0.19672131147540983 56.66482585778123 8.06482585778123 760
46.9 0.19672131147540983 55.795288459872154 7.1952884598721525 938
49.4 0.19672131147540983 53.94677366898598 5.346773668985982 988
53.6 0.19672131147540983 46.0005292252708 -2.5994707747291983 1072
56.25 0.21311475409836064 33.43295824683888 -15.167041753161122 1125
62.8 0.21311475409836064 31.52519634018648 -17.074803659813522 1256
65.45 0.21311475409836064 26.42966856112962 -22.17033143887038 1309
85.4 0.21311475409836064 25.474292381262327 -23.125707618737675 1708
87.8 0.22950819672131148 22.362429931173015 -26.237570068826987 1756
98.95 0.22950819672131148 19.977817721836754 -28.622182278163248 1979
109.55 0.22950819672131148 19.63062569247066 -28.969374307529343 2191
117.3 0.22950819672131148 19.38828949872671 -29.21171050127329 2346
125.65 0.22950819672131148 19.387911005873686 -29.212088994126315 2513
135.05 0.22950819672131148 19.169609073916394 -29.430390926083607 2701
138.85 0.22950819672131148 18.412104277180983 -30.187895722819018 2777
141.95 0.22950819672131148 18.338852221895216 -30.261147778104785 2839
143.45 0.22950819672131148 17.300985445865898 -31.299014554134104 2869
159.45 0.22950819672131148 17.142270174357726 -31.457729825642275 3189
163.55 0.22950819672131148 16.962196574175874 -31.637803425824128 3271
166.2 0.22950819672131148 15.980233349726404 -32.6197666502736 3324
170.9 0.2459016393442623 15.787188580047555 -32.812811419952446 3418
172.7 0.2459016393442623 14.29956675619971 -34.30043324380029 3454
186.85 0.2459016393442623 13.929814699670878 -34.67018530032912 3737
198.85 0.2459016393442623 13.355230759096642 -35.24476924090336 3977
203.1 0.2459016393442623 13.186545572787253 -35.41345442721275 4062
215.2 0.2459016393442623 12.846014788346018 -35.75398521165398 4304
219.35 0.2459016393442623 12.63378846477218 -35.96621153522782 4387
235.55 0.2459016393442623 12.376554724630019 -36.22344527536998 4711
238.35 0.2459016393442623 12.169254077457119 -36.43074592254288 4767
