% fevals/dim | frac | F - F_opt (-20.33) | best fitness | fevals
0.05 0.0 2520617.3761358913 2520597.046135891 1
2.1 0.03278688524590164 4548.17184960806 4527.84184960806 42
5.25 0.04918032786885246 3527.122637629569 3506.792637629569 105
13.4 0.04918032786885246 3114.842497795352 3094.512497795352 268
18.55 0.13114754098360656 393.3500440551276 373.02004405512764 371
22.25 0.13114754098360656 265.4993811376428 245.1693811376428 445
56.0 0.14754098360655737 213.54135513569463 193.21135513569465 1120
77.65 0.14754098360655737 162.07521068794034 141.74521068794036 1553
109.75 0.14754098360655737 159.9654588140295 139.6354588140295 2195
134.0 0.16393442622950818 147.4014764245813 127.07147642458129 2680
