% fevals/dim | frac | F - F_opt (32.7) | best fitness | fevals
0.05 0.18032786885245902 87.29032794448968 119.99032794448968 1
0.55 0.18032786885245902 71.26305872571524 103.96305872571524 11
3.5 0.18032786885245902 63.212174489005676 95.91217448900568 70
7.2 0.19672131147540983 42.78324855849529 75.48324855849529 144
16.05 0.21311475409836064 32.66298411260722 65.36298411260722 321
25.95 0.22950819672131148 21.11325671861161 53.81325671861161 519
31.25 0.22950819672131148 20.33628723454283 53.03628723454283 625
44.5 0.22950819672131148 16.96810126840036 49.66810126840036 890
58.9 0.22950819672131148 16.117524043179316 48.81752404317932 1178
78.95 0.22950819672131148 15.93025338993445 48.63025338993445 1579
81.75 0.2459016393442623 15.605391032538861 48.305391032538864 1635
84.25 0.2459016393442623 15.497075040935712 48.197075040935715 1685
92.35 0.2459016393442623 10.51693929354262 43.21693929354262 1847
172.2 0.26229508196721313 8.117845113406474 40.81784511340648 3444
177.5 0.26229508196721313 8.08808823437436 40.788088234374364 3550
183.7 0.26229508196721313 7.905765345779109 40.60576534577911 3674
196.95 0.2786885245901639 5.957064009872951 38.657064009872954 3939
254.8 0.2786885245901639 5.662566100849389 38.36256610084939 5096
266.45 0.2786885245901639 5.1287076722033405 37.82870767220334 5329
272.7 0.2786885245901639 4.138406094367461 36.838406094367464 5454
288.7 0.2786885245901639 4.05881156539354 36.75881156539354 5774
296.65 0.29508196721311475 3.948332585979074 36.64833258597908 5933
299.85 0.29508196721311475 3.634492509471535 36.33449250947154 5997
304.6 0.29508196721311475 3.3779066567795226 36.077906656779525 6092
333.5 0.29508196721311475 3.374908442805605 36.07490844280561 6670
340.5 0.29508196721311475 2.924247909794545 35.62424790979455 6810
351.1 0.29508196721311475 2.5780845858294654 35.27808458582947 7022
356.4 0.29508196721311475 2.5694946195420556 35.26949461954206 7128
362.75 0.29508196721311475 2.5691810431952504 35.26918104319525 7255
369.5 0.3114754098360656 2.4985072149031424 35.198507214903145 7390
372.0 0.3114754098360656 2.439979648860046 35.13997964886005 7440
376.5 0.3114754098360656 2.242078433364668 34.94207843336467 7530
380.5 0.3114754098360656 2.165116186629348 34.86511618662935 7610
381.65 0.3114754098360656 1.8752319871145247 34.57523198711453 7633
394.7 0.3114754098360656 1.8702659432157205 34.57026594321572 7894
400.3 0.3114754098360656 1.586088452684038 34.28608845268404 8006
421.1 0.32786885245901637 1.4681106598059728 34.168110659805976 8422
429.65 0.32786885245901637 1.282113605967055 33.98211360596706 8593
432.3 0.3442622950819672 0.7033757375879404 33.40337573758794 8646
446.55 0.36065573770491804 0.5609142817784587 33.26091428177846 8931
