% fevals/dim | frac | F - F_opt (-34.75) | best fitness | fevals
0.05 0.09836065573770492 704.0696690671978 669.3196690671978 1
2.5 0.09836065573770492 681.3181454152264 646.5681454152264 50
10.7 0.11475409836065574 628.1832767879778 593.4332767879778 214
15.8 0.11475409836065574 478.8227293519507 444.0727293519507 316
18.0 0.11475409836065574 467.52657308668375 432.77657308668375 360
29.85 0.11475409836065574 464.060728909275 429.310728909275 597
41.15 0.11475409836065574 428.7337665789388 393.9837665789388 823
48.35 0.11475409836065574 408.35228023718605 373.60228023718605 967
51.1 0.11475409836065574 403.49532115071986 368.74532115071986 1022
55.35 0.13114754098360656 390.47385805703243 355.72385805703243 1107
61.3 0.13114754098360656 299.958158865746 265.208158865746 1226
66.1 0.13114754098360656 285.46184549737063 250.71184549737063 1322
72.15 0.13114754098360656 283.6180657229089 248.8680657229089 1443
97.65 0.13114754098360656 257.4787701959004 222.72877019590038 1953
114.75 0.13114754098360656 256.9332338276622 222.1832338276622 2295
121.65 0.13114754098360656 256.3609460428014 221.6109460428014 2433
167.05 0.14754098360655737 250.4362069981857 215.6862069981857 3341
170.45 0.14754098360655737 249.926247124175 215.176247124175 3409
176.35 0.14754098360655737 249.37049264196872 214.62049264196872 3527
187.75 0.14754098360655737 234.9894507023849 200.2394507023849 3755
205.9 0.14754098360655737 234.59581307529808 199.84581307529808 4118
214.95 0.14754098360655737 196.34082199752092 161.59082199752092 4299
290.95 0.14754098360655737 194.87620252986764 160.12620252986764 5819
421.2 0.16393442622950818 153.43731362054675 118.68731362054675 8424
