% fevals/dim | frac | F - F_opt (40.66) | best fitness | fevals
0.05 0.09836065573770492 813.9802044710219 854.6402044710219 1
0.65 0.09836065573770492 725.8580167203747 766.5180167203747 13
3.25 0.09836065573770492 725.310520632444 765.9705206324439 65
5.85 0.09836065573770492 707.7477364463615 748.4077364463615 117
8.45 0.11475409836065574 626.731359719038 667.391359719038 169
11.35 0.13114754098360656 392.0169023357647 432.6769023357647 227
36.05 0.13114754098360656 358.62282301894345 399.2828230189434 721
38.65 0.13114754098360656 293.0624444540889 333.7224444540889 773
54.25 0.13114754098360656 286.42268225702423 327.0826822570242 1085
67.25 0.13114754098360656 257.81417914211863 298.4741791421186 1345
89.35 0.13114754098360656 255.67324752711758 296.3332475271176 1787
94.55 0.13114754098360656 254.40082311642934 295.06082311642933 1891
99.7 0.14754098360655737 247.8546605523546 288.5146605523546 1994
102.35 0.14754098360655737 237.08312721265722 277.7431272126572 2047
112.7 0.14754098360655737 230.30833077380308 270.9683307738031 2254
117.55 0.14754098360655737 220.10310066116412 260.7631006611641 2351
120.15 0.14754098360655737 213.9639130809631 254.6239130809631 2403
123.95 0.14754098360655737 195.16605692169037 235.82605692169037 2479
134.35 0.14754098360655737 185.5571834429254 226.2171834429254 2687
157.75 0.14754098360655737 185.4219104767283 226.0819104767283 3155
186.7 0.14754098360655737 184.43136770868932 225.09136770868932 3734
190.95 0.14754098360655737 175.31611143395662 215.97611143395662 3819
220.5 0.14754098360655737 175.18083846775954 215.84083846775954 4410
228.45 0.14754098360655737 174.89368089390183 215.55368089390183 4569
231.5 0.14754098360655737 172.9781689343244 213.6381689343244 4630
239.05 0.14754098360655737 172.54031009514028 213.20031009514028 4781
