% fevals/dim | frac | F - F_opt (-20.33) | best fitness | fevals
0.05 0.0 2520617.3761358913 2520597.046135891 1
2.1 0.03278688524590164 4548.17184960806 4527.84184960806 42
4.75 0.06557377049180328 1958.745185450843 1938.4151854508432 95
13.0 0.11475409836065574 544.3976875855141 524.067687585514 260
17.7 0.11475409836065574 466.68443022785453 446.35443022785455 354
20.8 0.11475409836065574 442.89708384461005 422.56708384461007 416
36.4 0.13114754098360656 275.9466683728054 255.6166683728054 728
49.45 0.14754098360655737 250.3016251874419 229.97162518744193 989
53.6 0.14754098360655737 235.24887262737707 214.91887262737708 1072
114.7 0.14754098360655737 201.41645198798363 181.08645198798365 2294
187.35 0.14754098360655737 170.8034435684413 150.47344356844133 3747
240.75 0.16393442622950818 158.2595911715739 137.92959117157392 4815
