% fevals/dim | frac | F - F_opt (-34.75) | best fitness | fevals
0.05 0.09836065573770492 704.0696690671978 669.3196690671978 1
2.5 0.09836065573770492 681.3181454152264 646.5681454152264 50
11.85 0.11475409836065574 539.5812832181126 504.8312832181126 237
16.35 0.11475409836065574 513.213100662151 478.46310066215096 327
20.25 0.11475409836065574 503.3526751948714 468.6026751948714 405
26.4 0.11475409836065574 459.7349352851084 424.9849352851084 528
31.0 0.13114754098360656 358.7701837296262 324.0201837296262 620
49.45 0.13114754098360656 354.0581751687427 319.3081751687427 989
51.95 0.13114754098360656 319.12325820729825 284.37325820729825 1039
68.95 0.13114754098360656 281.7285801198688 246.9785801198688 1379
107.65 0.13114754098360656 272.48647282907535 237.73647282907535 2153
114.8 0.14754098360655737 250.9266663152423 216.1766663152423 2296
138.5 0.14754098360655737 228.9880585539537 194.2380585539537 2770
255.65 0.14754098360655737 217.5891348190923 182.8391348190923 5113
315.75 0.14754098360655737 177.90328344528484 143.15328344528484 6315
