% fevals/dim | frac | F - F_opt (-20.33) | best fitness | fevals
0.05 0.0 2520617.3761358913 2520597.046135891 1
2.1 0.03278688524590164 4548.17184960806 4527.84184960806 42
5.3 0.08196721311475409 1125.1272904665561 1104.7972904665562 106
7.3 0.11475409836065574 423.1394754592061 402.8094754592061 146
12.15 0.13114754098360656 269.9977931055437 249.6677931055437 243
43.8 0.14754098360655737 234.30438507760397 213.97438507760398 876
78.2 0.14754098360655737 174.30723717695292 153.97723717695294 1564
119.05 0.16393442622950818 127.9458015484123 107.6158015484123 2381
129.2 0.16393442622950818 108.41458303485811 88.08458303485811 2584
