% fevals/dim | frac | F - F_opt (-136.76) | best fitness | fevals
0.05 0.0 18319.617419137103 18182.857419137104 1
0.05 0.0 18319.617419137103 18182.857419137104 1
4.8 0.0 13080.937808230325 12944.177808230324 96
9.55 0.0 10654.681636338493 10517.921636338493 191
30.8 0.03278688524590164 5041.833295991425 4905.073295991425 616
46.2 0.04918032786885246 2673.749251315583 2536.989251315583 924
49.8 0.06557377049180328 2282.08681206244 2145.32681206244 996
60.65 0.09836065573770492 633.1056333310497 496.3456333310497 1213
86.95 0.13114754098360656 389.04179279566443 252.28179279566444 1739
105.05 0.14754098360655737 227.1804799934223 90.4204799934223 2101
112.4 0.14754098360655737 199.04944924362982 62.28944924362983 2248
117.55 0.16393442622950818 151.59288937761295 14.832889377612958 2351
122.4 0.26229508196721313 6.768753838142317 -129.99124616185767 2448
143.6 0.26229508196721313 6.751127766074262 -130.00887223392573 2872
148.2 0.2786885245901639 4.835982486278795 -131.9240175137212 2964
155.6 0.29508196721311475 3.752812455661484 -133.0071875443385 3112
159.15 0.29508196721311475 3.5222706757323294 -133.23772932426766 3183
201.4 0.29508196721311475 3.511556064571238 -133.24844393542875 4028
225.2 0.29508196721311475 3.4939689558424334 -133.26603104415756 4504
239.65 0.29508196721311475 3.3634710344597636 -133.39652896554023 4793
269.9 0.29508196721311475 3.114087749616573 -133.64591225038342 5398
293.65 0.29508196721311475 2.903215760121583 -133.8567842398784 5873
317.5 0.29508196721311475 2.790557581099222 -133.96944241890077 6350
365.65 0.29508196721311475 2.6880662914231834 -134.0719337085768 7313
405.75 0.29508196721311475 2.5789615607099847 -134.18103843929 8115
422.45 0.29508196721311475 2.527340590474637 -134.23265940952535 8449
427.2 0.3114754098360656 2.3609689441945534 -134.39903105580544 8544
431.7 0.3114754098360656 2.3142072917509893 -134.445792708249 8634
