% fevals/dim | frac | F - F_opt (32.7) | best fitness | fevals
0.05 0.18032786885245902 87.29032794448968 119.99032794448968 1
4.9 0.21311475409836064 39.20570050430962 71.90570050430962 98
10.45 0.21311475409836064 38.18624327862484 70.88624327862485 209
23.4 0.21311475409836064 35.81760443050733 68.51760443050733 468
28.65 0.21311475409836064 27.8286744290252 60.5286744290252 573
33.8 0.22950819672131148 23.625100373892472 56.325100373892475 676
38.95 0.22950819672131148 21.015594985382656 53.71559498538266 779
45.05 0.2459016393442623 12.158014570955629 44.85801457095563 901
84.1 0.2459016393442623 11.642935357899958 44.34293535789996 1682
91.4 0.26229508196721313 9.810454271213317 42.51045427121332 1828
113.3 0.26229508196721313 8.732757023660135 41.43275702366014 2266
115.75 0.26229508196721313 8.617369759860097 41.3173697598601 2315
148.2 0.26229508196721313 7.998011910737304 40.69801191073731 2964
151.55 0.2786885245901639 5.80598177971541 38.50598177971541 3031
197.3 0.2786885245901639 5.720939219874587 38.42093921987459 3946
207.6 0.2786885245901639 5.436802438397493 38.136802438397496 4152
228.9 0.2786885245901639 5.373268072669376 38.07326807266938 4578
237.1 0.2786885245901639 4.939163402628196 37.6391634026282 4742
245.15 0.2786885245901639 4.795220868657708 37.49522086865771 4903
249.65 0.2786885245901639 4.668418062763493 37.368418062763496 4993
262.3 0.2786885245901639 4.329846983787462 37.029846983787465 5246
271.65 0.2786885245901639 4.083613065393621 36.783613065393624 5433
285.25 0.29508196721311475 3.9089706288854487 36.60897062888545 5705
289.2 0.29508196721311475 3.835479180317776 36.53547918031778 5784
299.45 0.29508196721311475 3.731335139898576 36.43133513989858 5989
307.85 0.29508196721311475 3.7085540199687372 36.40855401996874 6157
309.8 0.29508196721311475 3.366893743200457 36.06689374320046 6196
321.45 0.29508196721311475 3.015128718477115 35.71512871847712 6429
342.35 0.29508196721311475 3.0116887861137798 35.71168878611378 6847
362.65 0.29508196721311475 3.002420680390422 35.702420680390425 7253
369.8 0.29508196721311475 2.984047139776223 35.684047139776226 7396
373.25 0.29508196721311475 2.922959053865334 35.62295905386534 7465
380.45 0.29508196721311475 2.6955739032154966 35.3955739032155 7609
394.65 0.29508196721311475 2.5213372644621117 35.221337264462115 7893
399.0 0.3114754098360656 2.467368084516224 35.16736808451623 7980
411.0 0.3114754098360656 2.3061337643088535 35.006133764308856 8220
450.85 0.3114754098360656 2.3040562563877387 35.00405625638774 9017
455.65 0.3114754098360656 1.9658095327000709 34.665809532700074 9113
476.6 0.3114754098360656 1.8678239658878724 34.567823965887875 9532
