% fevals/dim | frac | F - F_opt (99.8) | best fitness | fevals
0.05 0.18032786885245902 80.41794728876845 180.21794728876844 1
0.05 0.18032786885245902 80.41794728876845 180.21794728876844 1
9.25 0.18032786885245902 75.36836175769189 175.16836175769188 185
14.35 0.18032786885245902 70.8853372414735 170.6853372414735 287
23.8 0.18032786885245902 69.27358931101635 169.07358931101635 476
33.35 0.18032786885245902 63.36595182170585 163.16595182170585 667
51.8 0.19672131147540983 62.17078618990412 161.97078618990412 1036
67.45 0.19672131147540983 55.42573187737334 155.22573187737333 1349
80.3 0.19672131147540983 42.61131407149581 142.4113140714958 1606
100.95 0.21311475409836064 37.05720758198545 136.85720758198545 2019
120.6 0.21311475409836064 26.52935962764461 126.3293596276446 2412
158.9 0.22950819672131148 24.571252825783986 124.37125282578398 3178
166.45 0.22950819672131148 22.586297810621275 122.38629781062127 3329
178.85 0.22950819672131148 22.55500202109438 122.35500202109438 3577
190.3 0.22950819672131148 21.60967367916301 121.409673679163 3806
199.2 0.22950819672131148 21.605011505683493 121.40501150568349 3984
203.8 0.22950819672131148 21.41834479709219 121.21834479709219 4076
210.6 0.22950819672131148 20.168257865951873 119.96825786595187 4212
233.9 0.22950819672131148 18.81131679019957 118.61131679019957 4678
255.65 0.22950819672131148 17.898291783123085 117.69829178312308 5113
272.0 0.22950819672131148 17.83054452813944 117.63054452813944 5440
279.0 0.22950819672131148 17.330518667125872 117.13051866712587 5580
291.4 0.22950819672131148 17.1934145258532 116.9934145258532 5828
296.6 0.22950819672131148 16.644598661756675 116.44459866175667 5932
