% fevals/dim | frac | F - F_opt (-136.76) | best fitness | fevals
0.05 0.0 18319.617419137103 18182.857419137104 1
0.05 0.0 18319.617419137103 18182.857419137104 1
5.9 0.01639344262295082 9450.518788657464 9313.758788657464 118
45.75 0.01639344262295082 8343.07813038832 8206.31813038832 915
61.65 0.01639344262295082 6582.745826080452 6445.985826080452 1233
74.1 0.03278688524590164 6072.284663081779 5935.524663081779 1482
77.95 0.06557377049180328 2053.8429450631047 1917.0829450631047 1559
87.25 0.08196721311475409 1429.8251265224087 1293.0651265224087 1745
117.6 0.13114754098360656 287.0957429199519 150.33574291995188 2352
166.2 0.2786885245901639 5.230495255777953 -131.52950474422204 3324
199.7 0.2786885245901639 4.433074438443157 -132.32692556155683 3994
207.95 0.29508196721311475 3.5715993724786017 -133.1884006275214 4159
322.15 0.29508196721311475 3.533221304082957 -133.22677869591703 6443
332.9 0.29508196721311475 3.5209186931692216 -133.23908130683077 6658
344.6 0.29508196721311475 3.476647838014628 -133.28335216198536 6892
348.85 0.29508196721311475 3.0866487879762303 -133.67335121202376 6977
478.45 0.29508196721311475 2.812254778477296 -133.9477452215227 9569
494.75 0.29508196721311475 2.7606524083366537 -133.99934759166334 9895
