% fevals/dim | frac | F - F_opt (40.66) | best fitness | fevals
0.05 0.09836065573770492 813.9802044710219 854.6402044710219 1
0.65 0.09836065573770492 725.8580167203747 766.5180167203747 13
8.3 0.09836065573770492 631.6422169879062 672.3022169879061 166
15.75 0.11475409836065574 576.3522457830342 617.0122457830341 315
18.4 0.11475409836065574 539.0519738606022 579.7119738606021 368
28.3 0.11475409836065574 538.6219548247095 579.2819548247095 566
30.2 0.11475409836065574 502.49396330765876 543.1539633076587 604
34.8 0.11475409836065574 459.0208553126853 499.68085531268525 696
43.8 0.11475409836065574 422.92614293998315 463.5861429399831 876
61.05 0.13114754098360656 391.51924195125946 432.1792419512594 1221
76.35 0.13114754098360656 356.17323890687396 396.83323890687393 1527
90.5 0.13114754098360656 332.48805714367154 373.1480571436715 1810
98.85 0.13114754098360656 328.7006734136013 369.36067341360126 1977
117.35 0.13114754098360656 304.31151119733465 344.9715111973346 2347
125.2 0.13114754098360656 302.29701539638916 342.9570153963891 2504
139.5 0.13114754098360656 298.4994047254655 339.1594047254655 2790
146.0 0.13114754098360656 284.192521463626 324.852521463626 2920
150.6 0.13114754098360656 274.73510874784256 315.3951087478425 3012
156.35 0.13114754098360656 261.53774493160654 302.1977449316065 3127
174.35 0.13114754098360656 261.3247629136397 301.98476291363966 3487
190.35 0.13114754098360656 258.60568348431354 299.2656834843135 3807
206.55 0.13114754098360656 258.25585342307954 298.9158534230795 4131
211.6 0.14754098360655737 245.43309008868002 286.09309008868 4232
218.05 0.14754098360655737 242.48410839545622 283.1441083954562 4361
234.5 0.14754098360655737 227.91630321333705 268.57630321333704 4690
240.25 0.14754098360655737 223.56302212601966 264.22302212601966 4805
267.05 0.14754098360655737 223.4752500542862 264.1352500542862 5341
275.15 0.14754098360655737 215.93668689032606 256.59668689032605 5503
280.6 0.14754098360655737 208.97177560031804 249.63177560031804 5612
297.55 0.14754098360655737 194.8424565827065 235.5024565827065 5951
307.95 0.14754098360655737 194.65840931828726 235.31840931828725 6159
342.25 0.14754098360655737 188.75715808020863 229.41715808020862 6845
368.4 0.14754098360655737 184.23459692576546 224.89459692576546 7368
378.3 0.14754098360655737 179.266564058852 219.926564058852 7566
389.55 0.14754098360655737 179.11744799138347 219.77744799138347 7791
395.55 0.14754098360655737 172.6556275444932 213.3156275444932 7911
401.05 0.14754098360655737 168.49786372686629 209.15786372686628 8021
435.55 0.14754098360655737 167.02094265946926 207.68094265946925 8711
463.15 0.14754098360655737 166.88448635093795 207.54448635093794 9263
470.25 0.14754098360655737 166.35180412083628 207.01180412083627 9405
477.0 0.14754098360655737 166.00921996190763 206.66921996190763 9540
482.75 0.14754098360655737 165.85733535424703 206.51733535424702 9655
485.1 0.14754098360655737 164.74272845931333 205.40272845931332 9702
494.25 0.14754098360655737 164.38041428685 205.04041428685 9885
