% fevals/dim | frac | F - F_opt (-66.39) | best fitness | fevals
0.05 0.11475409836065574 399.2761284089512 332.8861284089512 1
1.0 0.13114754098360656 270.37317377927974 203.98317377927975 20
4.25 0.14754098360655737 244.47714788437628 178.0871478843763 85
11.85 0.14754098360655737 232.79370195883547 166.40370195883548 237
14.35 0.14754098360655737 230.48724668378821 164.09724668378823 287
15.05 0.14754098360655737 196.54987810930368 130.1598781093037 301
19.3 0.14754098360655737 186.1688249583117 119.77882495831169 386
24.3 0.14754098360655737 179.04716460926113 112.65716460926113 486
31.95 0.16393442622950818 131.42669139871185 65.03669139871185 639
34.5 0.16393442622950818 124.4569241114364 58.06692411143639 690
39.6 0.16393442622950818 115.85371809253834 49.46371809253834 792
47.3 0.16393442622950818 100.9781001375151 34.5881001375151 946
52.0 0.18032786885245902 87.75232462705839 21.362324627058385 1040
55.85 0.18032786885245902 80.01263234122452 13.622632341224516 1117
59.8 0.18032786885245902 69.9238850399379 3.5338850399379 1196
70.05 0.18032786885245902 67.38978489256998 0.999784892569977 1401
72.55 0.19672131147540983 50.31800703110768 -16.071992968892317 1451
86.0 0.21311475409836064 36.644952490325636 -29.745047509674365 1720
93.05 0.21311475409836064 34.38476733006132 -32.00523266993868 1861
98.5 0.21311475409836064 29.348575663633547 -37.041424336366454 1970
112.25 0.21311475409836064 28.931859148674256 -37.458140851325744 2245
117.45 0.22950819672131148 22.572484675235046 -43.817515324764955 2349
119.2 0.22950819672131148 21.694862944495412 -44.69513705550459 2384
120.95 0.2459016393442623 14.600556320269405 -51.789443679730596 2419
130.95 0.2459016393442623 14.364398949987049 -52.02560105001295 2619
146.75 0.2459016393442623 10.65451846257929 -55.73548153742071 2935
149.25 0.26229508196721313 6.861828271847045 -59.528171728152955 2985
182.15 0.26229508196721313 6.854916818208636 -59.535083181791364 3643
185.65 0.2786885245901639 5.231140079019916 -61.158859920980085 3713
192.15 0.29508196721311475 3.7926901907322517 -62.59730980926775 3843
