% fevals/dim | frac | F - F_opt (-568.88) | best fitness | fevals
0.05 0.0 10716399.223101042 10715830.343101041 1
1.0 0.0 3010694.5205927994 3010125.6405927995 20
6.3 0.0 1158370.7104293848 1157801.830429385 126
26.2 0.0 1031833.1199368779 1031264.2399368779 524
32.6 0.0 949560.9347513274 948992.0547513274 652
36.25 0.0 940274.0605233223 939705.1805233223 725
38.0 0.0 917438.6374294469 916869.7574294469 760
43.4 0.0 531963.5203799994 531394.6403799994 868
50.35 0.0 450649.41730909626 450080.53730909625 1007
57.15 0.0 446263.0304011185 445694.1504011185 1143
58.7 0.0 428319.2800695223 427750.4000695223 1174
64.45 0.0 386143.2115296377 385574.3315296377 1289
71.55 0.0 339432.32752243086 338863.44752243086 1431
79.0 0.0 330629.99782373843 330061.11782373843 1580
82.05 0.0 320155.56144194456 319586.68144194456 1641
91.95 0.0 317853.5881592948 317284.7081592948 1839
101.5 0.0 316867.4119407109 316298.5319407109 2030
105.35 0.0 310912.02037592564 310343.14037592564 2107
120.4 0.0 307818.9717468776 307250.0917468776 2408
123.55 0.0 303701.61929638626 303132.73929638625 2471
127.25 0.0 291315.530941945 290746.650941945 2545
137.25 0.0 291211.34467130044 290642.46467130043 2745
140.9 0.0 290609.93612334883 290041.0561233488 2818
155.5 0.0 290590.3215529472 290021.4415529472 3110
158.75 0.0 289822.04303833435 289253.16303833434 3175
170.1 0.0 289450.4016871224 288881.5216871224 3402
181.05 0.0 289426.90484833776 288858.02484833775 3621
197.4 0.0 289391.5245481 288822.6445481 3948
202.95 0.0 289358.1317849301 288789.2517849301 4059
205.35 0.0 289356.41807174875 288787.53807174874 4107
210.25 0.0 289219.4714082176 288650.5914082176 4205
214.45 0.0 288731.8505126075 288162.9705126075 4289
224.55 0.0 288729.31228251103 288160.432282511 4491
231.85 0.0 288673.2519306224 288104.3719306224 4637
236.6 0.0 288662.6613704113 288093.7813704113 4732
247.1 0.0 288615.64726341405 288046.76726341405 4942
255.35 0.0 288587.50879237545 288018.62879237544 5107
259.4 0.0 288555.8251689818 287986.9451689818 5188
287.7 0.0 288549.2941251389 287980.4141251389 5754
289.85 0.0 288532.0922077415 287963.2122077415 5797
307.65 0.0 288529.737352797 287960.857352797 6153
329.6 0.0 288528.51384034986 287959.63384034985 6592
