% fevals/dim | frac | F - F_opt (-462.09) | best fitness | fevals
0.05 0.09836065573770492 912.4201901789254 450.3301901789254 1
1.55 0.09836065573770492 884.7275518341432 422.63755183414327 31
9.85 0.09836065573770492 719.0300761918542 256.9400761918542 197
14.0 0.11475409836065574 569.6069890693147 107.51698906931477 280
22.5 0.11475409836065574 517.6281058197915 55.5381058197915 450
26.0 0.11475409836065574 482.5379888392757 20.44798883927575 520
29.2 0.11475409836065574 459.75842029480236 -2.331579705197612 584
37.5 0.11475409836065574 412.91163747188193 -49.17836252811804 750
49.2 0.11475409836065574 410.06083129237027 -52.02916870762971 984
58.25 0.13114754098360656 378.7004748233219 -83.38952517667809 1165
62.4 0.13114754098360656 334.7766727261595 -127.31332727384046 1248
78.25 0.13114754098360656 318.85879133428364 -143.23120866571634 1565
81.9 0.13114754098360656 254.03558396931726 -208.05441603068272 1638
115.1 0.14754098360655737 246.27117813632174 -215.81882186367824 2302
123.4 0.14754098360655737 230.23371360622133 -231.85628639377865 2468
131.7 0.14754098360655737 219.09409524810792 -242.99590475189206 2634
145.4 0.14754098360655737 191.99904610560571 -270.09095389439426 2908
185.95 0.14754098360655737 190.04990588761467 -272.0400941123853 3719
206.7 0.14754098360655737 181.67916278700687 -280.4108372129931 4134
212.15 0.14754098360655737 175.4822696384071 -286.60773036159287 4243
244.1 0.14754098360655737 171.3406687590507 -290.7493312409493 4882
259.4 0.14754098360655737 171.2554643169629 -290.8345356830371 5188
264.85 0.14754098360655737 167.08638755034752 -295.00361244965245 5297
273.0 0.14754098360655737 162.60634165211917 -299.4836583478808 5460
287.4 0.14754098360655737 160.961064774994 -301.128935225006 5748
307.35 0.14754098360655737 159.72393275856808 -302.3660672414319 6147
319.55 0.14754098360655737 158.6579910102003 -303.43200898979967 6391
323.5 0.16393442622950818 158.43780142810527 -303.6521985718947 6470
372.3 0.16393442622950818 157.78743607680832 -304.30256392319166 7446
380.6 0.16393442622950818 157.37185967973744 -304.71814032026253 7612
