% fevals/dim | frac | F - F_opt (-66.39) | best fitness | fevals
0.05 0.11475409836065574 399.2761284089512 332.8861284089512 1
1.0 0.13114754098360656 270.37317377927974 203.98317377927975 20
4.25 0.14754098360655737 246.31493592743243 179.92493592743244 85
14.35 0.14754098360655737 238.4466870707099 172.05668707070993 287
16.75 0.14754098360655737 208.9043905358215 142.51439053582152 335
18.45 0.14754098360655737 208.03187560483735 141.64187560483737 369
20.05 0.14754098360655737 205.7896687327708 139.3996687327708 401
25.05 0.14754098360655737 169.3825356475387 102.9925356475387 501
31.5 0.14754098360655737 167.31210235897447 100.92210235897447 630
35.05 0.16393442622950818 158.12998517874092 91.73998517874092 701
39.45 0.16393442622950818 147.2053649339547 80.81536493395471 789
41.95 0.16393442622950818 142.37243469538294 75.98243469538293 839
44.45 0.16393442622950818 130.74319457704843 64.35319457704843 889
49.45 0.16393442622950818 124.44944467834898 58.05944467834898 989
50.05 0.16393442622950818 104.70187687045177 38.31187687045177 1001
52.55 0.16393442622950818 101.11020810210455 34.72020810210455 1051
57.25 0.18032786885245902 75.67492838852633 9.284928388526325 1145
74.75 0.18032786885245902 68.95529181595876 2.5652918159587585 1495
77.25 0.18032786885245902 68.20645190770466 1.8164519077046606 1545
83.35 0.19672131147540983 51.22393539395067 -15.166064606049332 1667
103.0 0.19672131147540983 50.83476740888156 -15.55523259111844 2060
113.75 0.19672131147540983 47.093688379745956 -19.296311620254045 2275
119.75 0.19672131147540983 44.823098089493634 -21.566901910506367 2395
121.9 0.19672131147540983 42.15957691259724 -24.230423087402762 2438
132.25 0.21311475409836064 38.6139445901106 -27.776055409889402 2645
132.65 0.21311475409836064 35.80171280071961 -30.588287199280387 2653
145.15 0.21311475409836064 33.02629369819408 -33.36370630180592 2903
150.65 0.21311475409836064 32.21763356912267 -34.17236643087733 3013
154.85 0.21311475409836064 28.175478810556477 -38.21452118944352 3097
158.15 0.22950819672131148 24.959957785753282 -41.43004221424672 3163
160.65 0.22950819672131148 23.168747024198098 -43.2212529758019 3213
164.15 0.22950819672131148 18.918120596863645 -47.471879403136356 3283
187.35 0.2459016393442623 13.816743845555791 -52.57325615444421 3747
192.35 0.2459016393442623 11.983763134723361 -54.40623686527664 3847
231.0 0.2459016393442623 11.293375131326329 -55.09662486867367 4620
238.65 0.2459016393442623 11.129200228741801 -55.2607997712582 4773
248.9 0.2459016393442623 10.300286584964738 -56.08971341503526 4978
250.15 0.26229508196721313 9.854925243038664 -56.535074756961336 5003
259.45 0.26229508196721313 9.669598392137608 -56.72040160786239 5189
262.45 0.26229508196721313 8.231148503849951 -58.15885149615005 5249
