% fevals/dim | frac | F - F_opt (-39.43) | best fitness | fevals
0.05 0.19672131147540983 52.775889662616656 13.345889662616656 1
0.5 0.19672131147540983 45.47350140270279 6.043501402702788 10
5.65 0.19672131147540983 40.31734258557773 0.887342585577727 113
8.2 0.21311475409836064 37.43487473539126 -1.9951252646087383 164
12.35 0.21311475409836064 29.129692277908394 -10.300307722091606 247
23.1 0.22950819672131148 24.033809083663414 -15.396190916336586 462
25.75 0.22950819672131148 20.134184542971926 -19.295815457028073 515
32.45 0.22950819672131148 18.59670127273546 -20.83329872726454 649
54.4 0.22950819672131148 18.39786728399718 -21.03213271600282 1088
57.05 0.22950819672131148 15.962527739344043 -23.467472260655956 1141
69.3 0.2459016393442623 14.642953957435779 -24.78704604256422 1386
77.6 0.2459016393442623 13.292920842259623 -26.137079157740377 1552
86.3 0.2459016393442623 13.242203433074366 -26.187796566925634 1726
89.15 0.26229508196721313 9.136099177247317 -30.293900822752683 1783
132.6 0.26229508196721313 9.0715584662778 -30.3584415337222 2652
135.9 0.26229508196721313 8.60816081674809 -30.82183918325191 2718
142.6 0.26229508196721313 8.231688610518148 -31.19831138948185 2852
147.45 0.26229508196721313 7.934601999277511 -31.49539800072249 2949
156.0 0.26229508196721313 7.617625967015115 -31.812374032984884 3120
158.0 0.26229508196721313 6.489681928196802 -32.9403180718032 3160
207.05 0.2786885245901639 5.214713081987284 -34.215286918012715 4141
239.3 0.2786885245901639 4.885553202686133 -34.54444679731387 4786
250.35 0.2786885245901639 4.646669621379296 -34.783330378620704 5007
254.65 0.2786885245901639 4.151778531776976 -35.27822146822302 5093
261.35 0.29508196721311475 3.791294578611236 -35.638705421388764 5227
268.05 0.29508196721311475 3.6379159061770565 -35.79208409382294 5361
278.1 0.29508196721311475 3.384250735610479 -36.04574926438952 5562
315.05 0.29508196721311475 2.756999357251516 -36.673000642748484 6301
335.15 0.29508196721311475 2.746622355918589 -36.68337764408141 6703
338.4 0.3114754098360656 2.4682131935282285 -36.96178680647177 6768
350.85 0.3114754098360656 2.386151621361549 -37.04384837863845 7017
357.55 0.3114754098360656 2.075807490059546 -37.354192509940454 7151
376.4 0.3114754098360656 2.0637854859440807 -37.36621451405592 7528
424.85 0.3114754098360656 1.9465321841168475 -37.48346781588315 8497
432.95 0.3114754098360656 1.9015921590187759 -37.528407840981224 8659
436.3 0.3114754098360656 1.8054284528224258 -37.624571547177574 8726
462.9 0.3114754098360656 1.6489686814712528 -37.78103131852875 9258
478.9 0.3114754098360656 1.6287352484819593 -37.80126475151804 9578
481.6 0.32786885245901637 1.5786280958461134 -37.851371904153886 9632
