% fevals/dim | frac | F - F_opt (-66.39) | best fitness | fevals
0.05 0.11475409836065574 399.2761284089512 332.8861284089512 1
5.85 0.14754098360655737 204.3811245994284 137.99112459942842 117
10.4 0.14754098360655737 194.0260549039978 127.63605490399779 208
30.6 0.16393442622950818 146.13811916183346 79.74811916183346 612
60.5 0.16393442622950818 117.89010087243422 51.50010087243422 1210
69.35 0.18032786885245902 92.01168800825538 25.621688008255376 1387
107.85 0.18032786885245902 84.58395900994896 18.193959009948955 2157
124.55 0.18032786885245902 83.18698638828978 16.79698638828978 2491
143.6 0.18032786885245902 73.39934821031653 7.009348210316531 2872
158.75 0.19672131147540983 54.175357535989214 -12.214642464010787 3175
165.6 0.19672131147540983 46.873740883686324 -19.516259116313677 3312
179.25 0.21311475409836064 27.61550853545358 -38.77449146454642 3585
200.85 0.22950819672131148 16.028836392134686 -50.361163607865315 4017
234.2 0.2459016393442623 13.0 -53.39 4684
263.8 1.0 0.0 -66.39 5276
