% fevals/dim | frac | F - F_opt (32.7) | best fitness | fevals
0.05 0.18032786885245902 87.29032794448968 119.99032794448968 1
0.55 0.18032786885245902 71.26305872571524 103.96305872571524 11
4.1 0.19672131147540983 57.69336181216072 90.39336181216072 82
6.95 0.21311475409836064 33.66493849626259 66.3649384962626 139
9.2 0.21311475409836064 30.018462947451496 62.7184629474515 184
13.0 0.21311475409836064 26.79668038694482 59.496680386944824 260
17.3 0.22950819672131148 24.12604409244154 56.82604409244154 346
20.65 0.22950819672131148 23.510070467792474 56.21007046779248 413
22.7 0.22950819672131148 22.876025154995055 55.57602515499506 454
26.5 0.22950819672131148 22.54017496904099 55.24017496904099 530
30.8 0.22950819672131148 17.879617414913398 50.5796174149134 616
39.05 0.22950819672131148 16.320912121951466 49.02091212195147 781
42.1 0.2459016393442623 14.261674987946854 46.96167498794686 842
44.45 0.2459016393442623 11.907247715607667 44.60724771560767 889
56.85 0.2459016393442623 11.69645010476384 44.396450104763844 1137
61.75 0.2459016393442623 11.137507765730867 43.83750776573087 1235
66.55 0.2459016393442623 10.813910455305255 43.51391045530526 1331
70.2 0.2459016393442623 10.041610047506602 42.741610047506605 1404
75.6 0.26229508196721313 9.915182693133097 42.6151826931331 1512
78.85 0.26229508196721313 9.298740818746815 41.99874081874682 1577
81.55 0.26229508196721313 7.776828631506767 40.47682863150677 1631
93.3 0.26229508196721313 7.720361164773713 40.420361164773716 1866
96.4 0.26229508196721313 7.695649544406891 40.39564954440689 1928
103.15 0.2786885245901639 6.24523151463341 38.94523151463341 2063
130.15 0.2786885245901639 6.193481182794734 38.89348118279474 2603
134.0 0.2786885245901639 5.650098667192587 38.35009866719259 2680
139.4 0.29508196721311475 3.86535767884439 36.56535767884439 2788
166.4 0.29508196721311475 3.544360944185577 36.24436094418558 3328
169.1 0.29508196721311475 3.313997767668205 36.01399776766821 3382
177.2 0.29508196721311475 3.114151101426714 35.81415110142672 3544
211.0 0.29508196721311475 2.995969875482487 35.69596987548249 4220
215.75 0.29508196721311475 2.892487950400003 35.592487950400006 4315
220.4 0.29508196721311475 2.7313445326558607 35.431344532655864 4408
223.3 0.29508196721311475 2.6215533740067585 35.32155337400676 4466
228.5 0.3114754098360656 2.3039325126601824 35.003932512660185 4570
234.65 0.3114754098360656 2.162667932462959 34.86266793246296 4693
244.65 0.3114754098360656 2.0868245676444204 34.78682456764442 4893
250.05 0.3114754098360656 2.018994090591285 34.71899409059129 5001
258.75 0.3114754098360656 1.8164227285743877 34.51642272857439 5175
271.65 0.3114754098360656 1.7194693030269832 34.419469303026986 5433
274.0 0.32786885245901637 1.5821978056902921 34.282197805690295 5480
332.2 0.32786885245901637 1.5740538499910954 34.2740538499911 6644
362.05 0.32786885245901637 1.4475094876317485 34.14750948763175 7241
368.3 0.32786885245901637 1.3801772039391835 34.080177203939186 7366
