% fevals/dim | frac | F - F_opt (99.8) | best fitness | fevals
0.05 0.18032786885245902 80.41794728876845 180.21794728876844 1
0.05 0.18032786885245902 80.41794728876845 180.21794728876844 1
4.4 0.18032786885245902 77.23512303521757 177.03512303521757 88
11.85 0.18032786885245902 73.70918533710348 173.50918533710347 237
23.05 0.18032786885245902 72.58027533435116 172.38027533435115 461
27.05 0.18032786885245902 70.83330993424131 170.6333099342413 541
42.35 0.18032786885245902 70.37681613281428 170.17681613281428 847
48.45 0.18032786885245902 67.10007699257962 166.9000769925796 969
51.75 0.18032786885245902 63.90433255751704 163.70433255751703 1035
66.9 0.19672131147540983 61.36893722366149 161.1689372236615 1338
73.9 0.19672131147540983 55.618664980041515 155.4186649800415 1478
81.85 0.19672131147540983 47.23006234120119 147.0300623412012 1637
94.15 0.19672131147540983 45.498408191578434 145.29840819157843 1883
111.75 0.19672131147540983 45.412517664245186 145.21251766424518 2235
160.05 0.19672131147540983 44.3268520738596 144.1268520738596 3201
164.65 0.19672131147540983 43.18279026913548 142.98279026913548 3293
169.0 0.19672131147540983 42.02954705348584 141.82954705348584 3380
171.7 0.19672131147540983 41.870993628615835 141.67099362861583 3434
180.85 0.19672131147540983 40.9723270901125 140.7723270901125 3617
188.95 0.21311475409836064 38.314820778622604 138.1148207786226 3779
199.45 0.21311475409836064 37.858750550973596 137.6587505509736 3989
227.75 0.21311475409836064 33.03893981394306 132.83893981394306 4555
247.65 0.21311475409836064 31.871985616944258 131.67198561694426 4953
253.7 0.21311475409836064 28.86059623202867 128.66059623202867 5074
256.4 0.21311475409836064 27.46251213359423 127.26251213359423 5128
300.55 0.21311475409836064 27.41697270354203 127.21697270354203 6011
311.55 0.22950819672131148 24.446747598150466 124.24674759815046 6231
316.95 0.22950819672131148 23.53617926574627 123.33617926574627 6339
322.15 0.22950819672131148 21.30142010891815 121.10142010891815 6443
333.15 0.22950819672131148 21.055294110722926 120.85529411072292 6663
381.55 0.22950819672131148 20.694743221817262 120.49474322181726 7631
395.25 0.22950819672131148 19.51293916753798 119.31293916753798 7905
420.9 0.22950819672131148 18.71580690221549 118.51580690221549 8418
440.35 0.22950819672131148 18.165898671344053 117.96589867134405 8807
485.55 0.22950819672131148 18.147640654919826 117.94764065491982 9711
486.25 0.22950819672131148 17.91356115223485 117.71356115223485 9725
