% fevals/dim | frac | F - F_opt (-39.43) | best fitness | fevals
0.05 0.19672131147540983 52.775889662616656 13.345889662616656 1
0.5 0.19672131147540983 45.47350140270279 6.043501402702788 10
4.3 0.21311475409836064 36.919036201600015 -2.5109637983999846 86
9.7 0.21311475409836064 27.154743196398716 -12.275256803601284 194
19.85 0.22950819672131148 22.37795526545116 -17.05204473454884 397
26.25 0.2459016393442623 15.675820724251434 -23.754179275748566 525
30.4 0.2459016393442623 15.034715942083942 -24.395284057916058 608
34.4 0.2459016393442623 13.041336500970985 -26.388663499029015 688
54.15 0.2459016393442623 11.042151585748101 -28.3878484142519 1083
57.65 0.2459016393442623 10.010468745107158 -29.419531254892842 1153
73.65 0.26229508196721313 9.836401699042565 -29.593598300957435 1473
81.7 0.26229508196721313 8.849958194357775 -30.580041805642225 1634
87.25 0.26229508196721313 7.307049287075145 -32.122950712924855 1745
108.3 0.26229508196721313 6.3509589723840065 -33.07904102761599 2166
122.25 0.2786885245901639 5.7842130694538625 -33.64578693054614 2445
159.05 0.2786885245901639 5.749117225830496 -33.680882774169504 3181
161.7 0.2786885245901639 5.462672898789307 -33.96732710121069 3234
170.0 0.2786885245901639 5.222675512008998 -34.207324487991 3400
176.6 0.2786885245901639 4.565728978560294 -34.864271021439706 3532
180.0 0.2786885245901639 4.260879526136584 -35.169120473863416 3600
182.4 0.29508196721311475 3.912624912089349 -35.51737508791065 3648
196.0 0.29508196721311475 3.0751643673609763 -36.35483563263902 3920
213.95 0.29508196721311475 3.026648909560727 -36.40335109043927 4279
228.15 0.29508196721311475 2.7968548360086274 -36.63314516399137 4563
257.35 0.29508196721311475 2.5614451909708578 -36.86855480902914 5147
265.85 0.29508196721311475 2.553945073812102 -36.8760549261879 5317
273.85 0.3114754098360656 2.34061446621579 -37.08938553378421 5477
277.45 0.3114754098360656 2.3110358076439965 -37.118964192356 5549
290.1 0.3114754098360656 2.2549274460543103 -37.17507255394569 5802
297.55 0.3114754098360656 2.2188144312989593 -37.21118556870104 5951
304.35 0.3114754098360656 2.037885992174367 -37.39211400782563 6087
314.55 0.3114754098360656 1.9748539531700118 -37.45514604682999 6291
321.8 0.3114754098360656 1.7053298410459519 -37.72467015895405 6436
328.35 0.3114754098360656 1.6585575156069794 -37.77144248439302 6567
351.6 0.32786885245901637 1.5557872873451544 -37.874212712654845 7032
362.4 0.32786885245901637 1.498588226498974 -37.931411773501026 7248
364.95 0.32786885245901637 1.4214566202036565 -38.00854337979634 7299
378.9 0.32786885245901637 1.3213601192205857 -38.108639880779414 7578
395.9 0.32786885245901637 1.1472665288980934 -38.282733471101906 7918
403.95 0.32786885245901637 1.1322141331036946 -38.297785866896305 8079
407.35 0.3442622950819672 0.9141628765528225 -38.51583712344718 8147
