% fevals/dim | frac | F - F_opt (-99.25) | best fitness | fevals
1.05 0.19672131147540983 53.256743991291906 -45.993256008708094 21
11.8 0.21311475409836064 38.3074742219136 -60.9425257780864 236
109.95 0.21311475409836064 37.256867981289346 -61.993132018710654 2199
248.6 0.21311475409836064 32.299028702932645 -66.95097129706735 4972
256.55 0.21311475409836064 32.034607568724056 -67.21539243127594 5131
275.15 0.21311475409836064 31.501258716828744 -67.74874128317126 5503
304.05 0.21311475409836064 30.10994311289575 -69.14005688710425 6081
321.65 0.22950819672131148 23.668344652416806 -75.5816553475832 6433
433.9 0.22950819672131148 23.029913647347712 -76.22008635265229 8678
