17.25 0.09836065573770492 715.7524908332502 676.4524908332503 345
37.2 0.09836065573770492 706.6788768346704 667.3788768346705 744
49.4 0.09836065573770492 690.4304935196793 651.1304935196794 988
114.65 0.11475409836065574 598.9518202855361 559.6518202855361 2293
132.7 0.11475409836065574 505.08076613321094 465.78076613321093 2654
152.7 0.11475409836065574 503.83181019546606 464.53181019546605 3054
167.1 0.11475409836065574 477.9121840845769 438.6121840845769 3342
195.6 0.11475409836065574 473.2820174896241 433.98201748962407 3912
213.35 0.11475409836065574 434.34500674147483 395.0450067414748 4267
224.0 0.11475409836065574 411.79135917467937 372.49135917467936 4480
241.0 0.13114754098360656 392.50646493672775 353.20646493672774 4820
305.4 0.13114754098360656 388.15009881018796 348.85009881018794 6108
313.0 0.13114754098360656 363.1038868000245 323.8038868000245 6260
375.3 0.13114754098360656 337.75103622188374 298.4510362218837 7506
441.95 0.13114754098360656 328.1700543751077 288.8700543751077 8839
455.4 0.13114754098360656 319.5778678047317 280.27786780473167 9108
493.25 0.13114754098360656 314.0012218511728 274.70122185117276 9865
