% fevals/dim | frac | F - F_opt (-222.98) | best fitness | fevals
2.0 0.06557377049180328 2192.7522392748565 1969.7722392748565 40
6.7 0.06557377049180328 1967.3590705026422 1744.3790705026422 134
18.1 0.06557377049180328 1661.1478114975184 1438.1678114975184 362
27.35 0.06557377049180328 1633.927449384814 1410.947449384814 547
30.05 0.08196721311475409 1539.739014469133 1316.759014469133 601
43.55 0.08196721311475409 1517.4439985593708 1294.4639985593708 871
51.4 0.08196721311475409 1485.3231146711212 1262.3431146711212 1028
55.15 0.08196721311475409 1397.0677721424036 1174.0877721424035 1103
76.65 0.08196721311475409 1390.3217039734166 1167.3417039734165 1533
82.2 0.08196721311475409 1385.5672456913408 1162.5872456913407 1644
87.35 0.08196721311475409 1219.2775212197355 996.2975212197355 1747
116.15 0.08196721311475409 1170.0354337867282 947.0554337867281 2323
131.2 0.08196721311475409 1075.6721907437518 852.6921907437518 2624
271.75 0.09836065573770492 980.5766003350672 757.5966003350671 5435
440.0 0.09836065573770492 961.7595475361793 738.7795475361793 8800
449.8 0.09836065573770492 954.3957258040537 731.4157258040536 8996
