26.9 0.11475409836065574 575.3669106665632 536.0669106665632 538
30.15 0.11475409836065574 559.3411290504561 520.0411290504561 603
36.9 0.11475409836065574 494.6077966596199 455.3077966596199 738
50.15 0.11475409836065574 408.97718068313077 369.67718068313076 1003
60.0 0.11475409836065574 406.54952334148925 367.24952334148924 1200
66.2 0.13114754098360656 376.4253138416864 337.12531384168636 1324
80.1 0.13114754098360656 362.59396180733535 323.29396180733534 1602
93.3 0.13114754098360656 354.2478044353006 314.9478044353006 1866
108.6 0.13114754098360656 344.62097465710366 305.32097465710365 2172
113.6 0.13114754098360656 344.18104128311126 304.88104128311124 2272
117.7 0.13114754098360656 325.595785463066 286.295785463066 2354
153.5 0.13114754098360656 314.7117695652795 275.4117695652795 3070
166.85 0.13114754098360656 306.04989884888164 266.7498988488816 3337
206.45 0.13114754098360656 301.074416867042 261.77441686704196 4129
219.8 0.13114754098360656 295.2559607861793 255.95596078617928 4396
225.45 0.13114754098360656 288.85128209928916 249.55128209928915 4509
235.9 0.13114754098360656 285.25605129026275 245.95605129026274 4718
255.05 0.13114754098360656 280.10837969361114 240.80837969361113 5101
263.6 0.13114754098360656 279.48903352415584 240.18903352415583 5272
305.2 0.13114754098360656 268.5674659060267 229.2674659060267 6104
341.45 0.13114754098360656 265.7158838805954 226.4158838805954 6829
342.4 0.13114754098360656 264.6952869069442 225.3952869069442 6848
350.75 0.13114754098360656 264.0675302273728 224.7675302273728 7015
383.55 0.13114754098360656 259.5501102594878 220.25011025948777 7671
384.55 0.13114754098360656 254.18941159297185 214.88941159297184 7691
399.15 0.13114754098360656 252.68682981219337 213.38682981219335 7983
437.7 0.14754098360655737 249.65611590671676 210.35611590671675 8754
440.3 0.14754098360655737 246.06182411665117 206.76182411665116 8806
457.65 0.14754098360655737 236.7380430020408 197.43804300204079 9153
