15.85 0.09836065573770492 674.6299905167898 635.3299905167898 317
21.75 0.09836065573770492 668.152505267452 628.8525052674521 435
30.0 0.11475409836065574 590.4642564350586 551.1642564350586 600
34.1 0.11475409836065574 567.2573302953625 527.9573302953626 682
38.45 0.11475409836065574 550.8633377495842 511.56333774958415 769
45.05 0.11475409836065574 542.2645152262874 502.96451522628735 901
49.4 0.11475409836065574 529.6292449275443 490.32924492754427 988
53.75 0.11475409836065574 489.2339786141206 449.9339786141206 1075
70.3 0.11475409836065574 478.87260868690487 439.57260868690486 1406
73.45 0.11475409836065574 448.16825666749367 408.86825666749365 1469
82.4 0.11475409836065574 439.13265394151114 399.8326539415111 1648
110.55 0.11475409836065574 425.0604926560409 385.76049265604087 2211
118.8 0.11475409836065574 421.5191553392292 382.2191553392292 2376
130.1 0.11475409836065574 420.20993415489977 380.90993415489976 2602
142.85 0.11475409836065574 404.5996438640755 365.2996438640755 2857
160.7 0.13114754098360656 395.2544194555554 355.9544194555554 3214
173.65 0.13114754098360656 387.0209561366638 347.7209561366638 3473
181.95 0.13114754098360656 384.54018355155733 345.2401835515573 3639
207.35 0.13114754098360656 381.3542303669832 342.0542303669832 4147
217.0 0.13114754098360656 379.6407313471817 340.3407313471817 4340
230.3 0.13114754098360656 363.00393509120147 323.70393509120146 4606
259.2 0.13114754098360656 347.8448459892886 308.5448459892886 5184
350.1 0.13114754098360656 347.3719681620487 308.0719681620487 7002
352.55 0.13114754098360656 345.1525791295983 305.85257912959827 7051
366.8 0.13114754098360656 335.715672169595 296.415672169595 7336
396.9 0.13114754098360656 333.4018458884861 294.1018458884861 7938
421.85 0.13114754098360656 326.77684019294395 287.47684019294394 8437
