% fevals/dim | frac | F - F_opt (-99.25) | best fitness | fevals
1.05 0.19672131147540983 53.256743991291906 -45.993256008708094 21
4.3 0.21311475409836064 33.16572791875781 -66.08427208124219 86
9.8 0.21311475409836064 32.125938105972836 -67.12406189402716 196
12.0 0.22950819672131148 23.529988740752728 -75.72001125924727 240
17.85 0.22950819672131148 19.955274087675804 -79.2947259123242 357
27.6 0.22950819672131148 16.822976404258696 -82.4270235957413 552
38.4 0.22950819672131148 16.183464651014816 -83.06653534898518 768
39.45 0.2459016393442623 12.759177314065326 -86.49082268593467 789
45.75 0.2459016393442623 12.506322556902518 -86.74367744309748 915
51.15 0.2459016393442623 11.380034596594484 -87.86996540340552 1023
57.9 0.2459016393442623 11.188182008075273 -88.06181799192473 1158
60.8 0.26229508196721313 9.328601598973961 -89.92139840102604 1216
92.85 0.26229508196721313 9.068978044671155 -90.18102195532884 1857
95.7 0.26229508196721313 8.956428249755135 -90.29357175024487 1914
96.5 0.26229508196721313 8.348534967796297 -90.9014650322037 1930
100.65 0.26229508196721313 7.578394359107449 -91.67160564089255 2013
125.6 0.26229508196721313 7.2144763147288415 -92.03552368527116 2512
133.25 0.26229508196721313 7.056017079062826 -92.19398292093717 2665
159.5 0.26229508196721313 6.864723079608453 -92.38527692039155 3190
175.05 0.2786885245901639 6.143126241761891 -93.10687375823811 3501
187.3 0.2786885245901639 6.044858637947058 -93.20514136205294 3746
222.65 0.2786885245901639 5.625162970158215 -93.62483702984179 4453
227.9 0.2786885245901639 5.4028575239099155 -93.84714247609008 4558
264.15 0.2786885245901639 5.15179887070488 -94.09820112929512 5283
300.3 0.2786885245901639 4.916914336826977 -94.33308566317302 6006
323.95 0.2786885245901639 4.64127181710046 -94.60872818289954 6479
342.4 0.2786885245901639 4.555147355016317 -94.69485264498368 6848
389.95 0.2786885245901639 4.438586901528126 -94.81141309847187 7799
402.95 0.2786885245901639 4.159413372523531 -95.09058662747647 8059
448.8 0.2786885245901639 4.053145515836903 -95.1968544841631 8976
