13.3 0.11475409836065574 606.8267376737444 567.5267376737445 266
25.75 0.11475409836065574 580.7960895140407 541.4960895140407 515
27.35 0.11475409836065574 556.2464597305407 516.9464597305407 547
33.6 0.11475409836065574 462.07073706259223 422.7707370625922 672
48.8 0.11475409836065574 445.4904266203798 406.1904266203798 976
52.35 0.11475409836065574 412.7104043325468 373.41040433254676 1047
56.75 0.13114754098360656 385.42770128311565 346.12770128311564 1135
64.35 0.13114754098360656 380.1297272953074 340.8297272953074 1287
71.75 0.13114754098360656 375.7427826905479 336.4427826905479 1435
74.8 0.13114754098360656 336.6568893470351 297.35688934703506 1496
87.0 0.13114754098360656 321.73951465232346 282.43951465232345 1740
106.55 0.13114754098360656 319.5674384502833 280.2674384502833 2131
113.6 0.13114754098360656 306.6740469826252 267.3740469826252 2272
114.95 0.13114754098360656 290.532354980719 251.23235498071898 2299
148.7 0.13114754098360656 286.24533074782096 246.94533074782095 2974
166.2 0.13114754098360656 274.63595046685316 235.33595046685315 3324
168.9 0.13114754098360656 271.3872326909326 232.08723269093258 3378
182.9 0.13114754098360656 254.73969944932173 215.43969944932172 3658
187.3 0.13114754098360656 253.8367028975901 214.5367028975901 3746
212.9 0.14754098360655737 238.7460364177458 199.4460364177458 4258
226.15 0.14754098360655737 237.8964989020227 198.5964989020227 4523
231.9 0.14754098360655737 236.78443886240768 197.48443886240767 4638
255.2 0.14754098360655737 233.60766149447113 194.30766149447112 5104
277.95 0.14754098360655737 231.76887869162243 192.46887869162242 5559
283.15 0.14754098360655737 230.78192140297529 191.48192140297527 5663
297.0 0.14754098360655737 221.4162509739504 182.1162509739504 5940
322.45 0.14754098360655737 219.0800826859599 179.78008268595988 6449
349.1 0.14754098360655737 217.44784312299174 178.14784312299173 6982
