7.05 0.0 3219345.083789658 3219293.1737896577 141
11.6 0.0 2307677.0630665245 2307625.1530665243 232
14.7 0.0 1148487.8128578598 1148435.9028578599 294
42.4 0.0 1136451.614253343 1136399.7042533432 848
53.0 0.0 999185.4953265119 999133.5853265119 1060
71.75 0.0 741235.6188922497 741183.7088922496 1435
105.1 0.0 453128.9185764243 453077.0085764243 2102
111.0 0.0 276184.0303532878 276132.12035328784 2220
155.6 0.0 204758.12092576563 204706.21092576563 3112
301.85 0.0 177281.02106529044 177229.11106529043 6037
373.0 0.0 161658.22079720208 161606.31079720208 7460
407.05 0.0 101069.05070127461 101017.1407012746 8141
