% fevals/dim | frac | F - F_opt (-222.98) | best fitness | fevals
2.0 0.06557377049180328 2192.7522392748565 1969.7722392748565 40
8.15 0.06557377049180328 2151.7187001920383 1928.7387001920383 163
15.85 0.08196721311475409 1539.2463202431181 1316.2663202431181 317
34.3 0.08196721311475409 1474.4139053162382 1251.4339053162382 686
56.45 0.08196721311475409 1428.3320215839271 1205.3520215839271 1129
78.8 0.08196721311475409 1340.6426087781194 1117.6626087781194 1576
82.8 0.08196721311475409 1251.315145338369 1028.3351453383689 1656
88.75 0.08196721311475409 1126.152004567204 903.1720045672039 1775
107.4 0.08196721311475409 1122.4250237504464 899.4450237504464 2148
116.05 0.08196721311475409 1070.6212539709215 847.6412539709215 2321
119.5 0.08196721311475409 1044.0018533494 821.0218533494001 2390
128.35 0.09836065573770492 999.890274091414 776.910274091414 2567
131.8 0.09836065573770492 980.4749414656781 757.494941465678 2636
137.8 0.09836065573770492 979.9941115231142 757.0141115231141 2756
147.5 0.09836065573770492 900.7829096974225 677.8029096974225 2950
165.65 0.09836065573770492 898.687806295576 675.707806295576 3313
190.25 0.09836065573770492 829.8143688990565 606.8343688990565 3805
203.6 0.09836065573770492 718.1483348052409 495.1683348052409 4072
214.2 0.09836065573770492 717.5301424192488 494.5501424192488 4284
245.05 0.09836065573770492 688.6806642817555 465.7006642817555 4901
252.8 0.11475409836065574 542.2985807691645 319.31858076916444 5056
281.85 0.11475409836065574 464.43606000652363 241.45606000652364 5637
