% fevals/dim | frac | F - F_opt (40.66) | best fitness | fevals
1.95 0.09836065573770492 734.9366354714255 775.5966354714254 39
6.55 0.11475409836065574 624.1612132416119 664.8212132416119 131
11.0 0.13114754098360656 397.8126201442319 438.4726201442319 220
43.1 0.13114754098360656 378.07229581042577 418.73229581042574 862
46.95 0.13114754098360656 353.82943470127293 394.4894347012729 939
60.85 0.13114754098360656 352.1645431509162 392.82454315091616 1217
64.15 0.13114754098360656 342.14964857498217 382.80964857498213 1283
69.95 0.13114754098360656 315.22400414499816 355.88400414499813 1399
84.65 0.13114754098360656 312.37088744328287 353.03088744328284 1693
85.9 0.13114754098360656 290.3561319092546 331.01613190925457 1718
93.6 0.13114754098360656 289.9606520386384 330.62065203863835 1872
103.55 0.14754098360655737 248.9968750457651 289.6568750457651 2071
115.45 0.14754098360655737 243.95479304620275 284.61479304620275 2309
130.75 0.14754098360655737 242.17802008030978 282.8380200803098 2615
152.05 0.14754098360655737 241.7873901860547 282.4473901860547 3041
159.4 0.14754098360655737 235.10724906514903 275.76724906514903 3188
165.5 0.14754098360655737 225.67991014989272 266.3399101498927 3310
187.1 0.14754098360655737 219.72263163444572 260.3826316344457 3742
198.1 0.14754098360655737 213.86746521495542 254.5274652149554 3962
211.3 0.14754098360655737 209.13492823154954 249.79492823154953 4226
212.6 0.14754098360655737 206.3760306634088 247.0360306634088 4252
222.6 0.14754098360655737 201.1522560048301 241.8122560048301 4452
230.05 0.14754098360655737 191.08849740619223 231.74849740619223 4601
268.8 0.14754098360655737 190.04766579855072 230.70766579855072 5376
275.65 0.14754098360655737 187.85407394456172 228.51407394456172 5513
280.35 0.14754098360655737 184.1045246044527 224.7645246044527 5607
290.3 0.14754098360655737 181.3287232656364 221.9887232656364 5806
294.9 0.14754098360655737 178.08940914473078 218.74940914473078 5898
322.5 0.14754098360655737 176.07947094079077 216.73947094079077 6450
324.15 0.14754098360655737 175.75303462709246 216.41303462709246 6483
330.2 0.14754098360655737 175.62200015407802 216.28200015407802 6604
334.4 0.14754098360655737 173.08405586520325 213.74405586520325 6688
341.7 0.14754098360655737 169.54005171016888 210.20005171016888 6834
361.4 0.14754098360655737 167.8287251882333 208.4887251882333 7228
366.35 0.14754098360655737 167.40629464817852 208.0662946481785 7327
376.75 0.14754098360655737 165.08001811122392 205.74001811122392 7535
