18.45 0.0 15084.01765744832 14938.43765744832 369
28.2 0.01639344262295082 7789.738587367675 7644.158587367675 564
64.85 0.03278688524590164 6306.708965423576 6161.128965423576 1297
73.4 0.04918032786885246 3290.6814836896933 3145.1014836896934 1468
85.2 0.04918032786885246 3279.326873326563 3133.746873326563 1704
94.35 0.06557377049180328 1699.3945615548387 1553.8145615548387 1887
101.1 0.08196721311475409 1082.659604276701 937.0796042767009 2022
109.05 0.09836065573770492 974.2701895971529 828.6901895971529 2181
113.9 0.09836065573770492 792.9425605241843 647.3625605241842 2278
121.5 0.14754098360655737 165.534051157188 19.95405115718799 2430
153.7 0.14754098360655737 164.30217017132023 18.722170171320215 3074
164.5 0.21311475409836064 27.54808992196145 -118.03191007803856 3290
167.0 0.2459016393442623 12.715414424051488 -132.86458557594852 3340
180.8 0.2786885245901639 4.479222369864772 -141.10077763013524 3616
196.85 0.2786885245901639 4.144312648256857 -141.43568735174316 3937
210.1 0.29508196721311475 3.775352268254153 -141.80464773174586 4202
221.1 0.29508196721311475 3.5515350667225505 -142.02846493327746 4422
334.3 0.29508196721311475 3.3903672362941393 -142.18963276370587 6686
375.8 0.29508196721311475 3.384337414590533 -142.19566258540948 7516
379.15 0.29508196721311475 3.302354403364461 -142.27764559663555 7583
384.0 0.29508196721311475 3.142871040913775 -142.43712895908624 7680
406.5 0.29508196721311475 3.1218857947744425 -142.45811420522557 8130
412.5 0.29508196721311475 3.1005040878936825 -142.47949591210633 8250
422.2 0.29508196721311475 3.037931070903511 -142.5420689290965 8444
451.85 0.29508196721311475 2.9488639482025008 -142.6311360517975 9037
469.65 0.29508196721311475 2.927418531296098 -142.65258146870391 9393
476.05 0.29508196721311475 2.900239847632463 -142.67976015236755 9521
479.4 0.29508196721311475 2.8923926608356965 -142.68760733916432 9588
488.6 0.29508196721311475 2.8593149375663813 -142.72068506243363 9772
493.2 0.29508196721311475 2.6726531666610356 -142.90734683333898 9864
