% fevals/dim | frac | F - F_opt (3.82) | best fitness | fevals
2.15 0.09836065573770492 655.4598646292638 659.2798646292639 43
10.05 0.11475409836065574 401.8731729307881 405.6931729307881 201
22.6 0.14754098360655737 227.8987738264456 231.71877382644558 452
49.05 0.14754098360655737 189.52465723368596 193.34465723368595 981
60.85 0.16393442622950818 157.7901962438023 161.6101962438023 1217
84.6 0.16393442622950818 147.84435197970154 151.66435197970154 1692
94.3 0.16393442622950818 113.36134604928539 117.18134604928538 1886
100.6 0.18032786885245902 96.72221376321076 100.54221376321075 2012
156.95 0.18032786885245902 83.6036420003016 87.4236420003016 3139
193.7 0.19672131147540983 55.97119614992512 59.79119614992512 3874
281.05 0.19672131147540983 49.307457553523356 53.12745755352336 5621
286.2 0.19672131147540983 48.431291941042645 52.251291941042645 5724
306.8 0.19672131147540983 46.291369816489116 50.111369816489116 6136
384.05 0.19672131147540983 45.427056497694274 49.247056497694274 7681
397.1 0.19672131147540983 43.811903670489976 47.631903670489976 7942
403.35 0.21311475409836064 38.76311610515153 42.58311610515153 8067
421.9 0.21311475409836064 32.73116246251766 36.55116246251766 8438
