% fevals/dim | frac | F - F_opt (3.82) | best fitness | fevals
2.15 0.09836065573770492 655.4598646292638 659.2798646292639 43
2.8 0.09836065573770492 638.393116745315 642.213116745315 56
7.15 0.11475409836065574 576.2371992428497 580.0571992428497 143
10.15 0.13114754098360656 342.4356440612671 346.2556440612671 203
12.8 0.14754098360655737 233.0890286654682 236.90902866546818 256
23.7 0.14754098360655737 211.34021826090753 215.16021826090753 474
34.85 0.14754098360655737 204.00644335422453 207.82644335422452 697
41.55 0.14754098360655737 200.84535063263004 204.66535063263004 831
44.65 0.16393442622950818 158.39465867296028 162.21465867296027 893
45.5 0.16393442622950818 142.9454203551666 146.76542035516658 910
49.1 0.16393442622950818 105.27501855069787 109.09501855069786 982
65.5 0.16393442622950818 103.48165769970231 107.3016576997023 1310
66.7 0.18032786885245902 87.05507581655841 90.87507581655841 1334
84.05 0.18032786885245902 72.29675101495705 76.11675101495705 1681
90.25 0.19672131147540983 60.892931921041956 64.71293192104196 1805
95.55 0.19672131147540983 58.06550024312122 61.88550024312122 1911
127.6 0.19672131147540983 55.52170244912641 59.34170244912641 2552
136.65 0.19672131147540983 50.67687903895077 54.49687903895077 2733
142.95 0.19672131147540983 44.75256801797423 48.57256801797423 2859
157.1 0.19672131147540983 41.64979551955856 45.46979551955856 3142
168.45 0.21311475409836064 33.01367647445087 36.83367647445087 3369
256.7 0.21311475409836064 31.956737358119042 35.77673735811904 5134
322.15 0.21311475409836064 29.381114821708458 33.20111482170846 6443
340.0 0.21311475409836064 29.007097310222356 32.827097310222356 6800
342.1 0.22950819672131148 25.02891240085289 28.84891240085289 6842
355.0 0.22950819672131148 22.464607488584733 26.284607488584733 7100
375.0 0.22950819672131148 21.36743300935362 25.18743300935362 7500
378.1 0.22950819672131148 20.939282258143987 24.759282258143987 7562
454.05 0.22950819672131148 19.305030591713585 23.125030591713585 9081
478.85 0.22950819672131148 18.1575002940915 21.9775002940915 9577
