11.05 0.0 12391.05086711819 12245.47086711819 221
14.95 0.03278688524590164 4391.880593847563 4246.3005938475635 299
46.25 0.04918032786885246 2965.658440781857 2820.078440781857 925
48.75 0.06557377049180328 2224.5311005422577 2078.951100542258 975
55.3 0.08196721311475409 1553.8989585744846 1408.3189585744847 1106
59.3 0.11475409836065574 627.7063040454705 482.1263040454704 1186
64.8 0.11475409836065574 613.7446729912718 468.1646729912718 1296
66.1 0.13114754098360656 389.4687351840003 243.8887351840003 1322
72.4 0.16393442622950818 111.97011058164304 -33.60988941835697 1448
80.65 0.21311475409836064 32.38809318152181 -113.1919068184782 1613
95.7 0.2786885245901639 4.3133935538913875 -141.26660644610863 1914
109.45 0.2786885245901639 4.240889316080626 -141.3391106839194 2189
112.2 0.29508196721311475 3.7531871488259583 -141.82681285117405 2244
144.45 0.29508196721311475 3.312858722293214 -142.2671412777068 2889
168.95 0.29508196721311475 3.2647761672471347 -142.31522383275288 3379
177.2 0.29508196721311475 3.073516127147343 -142.50648387285267 3544
217.95 0.29508196721311475 2.9733462194411686 -142.60665378055884 4359
239.55 0.29508196721311475 2.911751397798099 -142.6682486022019 4791
242.3 0.29508196721311475 2.8454763589716947 -142.73452364102832 4846
256.55 0.29508196721311475 2.8180919966756903 -142.76190800332432 5131
267.45 0.29508196721311475 2.673495046007133 -142.90650495399288 5349
270.45 0.29508196721311475 2.6072200071807288 -142.97277999281928 5409
