% fevals/dim | frac | F - F_opt (32.7) | best fitness | fevals
1.25 0.19672131147540983 45.819057181870875 78.51905718187088 25
4.55 0.21311475409836064 36.79542813644916 69.49542813644916 91
8.3 0.21311475409836064 33.5313627105117 66.2313627105117 166
13.05 0.22950819672131148 24.443918143691477 57.14391814369148 261
18.75 0.22950819672131148 16.019390914537695 48.7193909145377 375
29.9 0.2459016393442623 14.560841562035478 47.26084156203548 598
31.95 0.2459016393442623 12.765441717277994 45.465441717278 639
42.35 0.2459016393442623 10.927134206220472 43.627134206220475 847
46.9 0.26229508196721313 9.973804897592096 42.6738048975921 938
62.9 0.26229508196721313 8.877471912069296 41.5774719120693 1258
74.8 0.26229508196721313 7.789777696996389 40.48977769699639 1496
86.3 0.26229508196721313 7.254293198616864 39.95429319861687 1726
109.85 0.26229508196721313 7.160311418009314 39.86031141800932 2197
121.65 0.26229508196721313 6.935168444644425 39.63516844464443 2433
124.05 0.26229508196721313 6.740743748662084 39.440743748662086 2481
126.65 0.2786885245901639 5.4520677057922455 38.15206770579225 2533
148.7 0.2786885245901639 5.305422842567765 38.00542284256777 2974
150.95 0.2786885245901639 5.125192158608328 37.82519215860833 3019
154.1 0.2786885245901639 5.047535865011568 37.74753586501157 3082
168.1 0.2786885245901639 4.379635572466604 37.07963557246661 3362
180.75 0.2786885245901639 4.26867665689074 36.96867665689074 3615
206.75 0.2786885245901639 4.13558254562183 36.83558254562183 4135
221.25 0.29508196721311475 3.9736745959800572 36.67367459598006 4425
230.0 0.29508196721311475 3.8782389930975256 36.57823899309753 4600
234.55 0.29508196721311475 3.836677518836183 36.536677518836186 4691
242.05 0.29508196721311475 3.8073945203799724 36.507394520379975 4841
251.8 0.29508196721311475 3.7327725685472046 36.43277256854721 5036
254.1 0.29508196721311475 3.6449149167512402 36.34491491675124 5082
259.3 0.29508196721311475 3.4848729003063283 36.18487290030633 5186
267.05 0.29508196721311475 3.360283701803077 36.06028370180308 5341
272.35 0.29508196721311475 3.2430284981593687 35.94302849815937 5447
327.7 0.29508196721311475 3.242526088549681 35.942526088549684 6554
