% fevals/dim | frac | F - F_opt (-222.98) | best fitness | fevals
2.0 0.06557377049180328 2192.7522392748565 1969.7722392748565 40
7.3 0.06557377049180328 1949.6989068225455 1726.7189068225455 146
12.75 0.06557377049180328 1832.589611222141 1609.609611222141 255
25.0 0.06557377049180328 1764.4552405069476 1541.4752405069476 500
25.85 0.06557377049180328 1656.3129920371382 1433.3329920371382 517
30.25 0.06557377049180328 1598.0895870694283 1375.1095870694282 605
32.65 0.08196721311475409 1377.5646542105628 1154.5846542105628 653
50.4 0.08196721311475409 1343.5355248494907 1120.5555248494907 1008
53.25 0.08196721311475409 1252.284438577979 1029.304438577979 1065
57.5 0.08196721311475409 1225.7993478027593 1002.8193478027592 1150
65.05 0.08196721311475409 1205.7298619818278 982.7498619818277 1301
66.6 0.08196721311475409 1164.7345368785368 941.7545368785368 1332
69.45 0.08196721311475409 1123.2313281959764 900.2513281959764 1389
71.75 0.08196721311475409 1033.3398532603244 810.3598532603244 1435
90.6 0.08196721311475409 1019.9531402795993 796.9731402795993 1812
92.35 0.09836065573770492 900.1075102399257 677.1275102399256 1847
98.05 0.09836065573770492 821.0896758340193 598.1096758340193 1961
130.8 0.11475409836065574 627.2470916622891 404.2670916622891 2616
139.35 0.11475409836065574 610.8080661780228 387.8280661780228 2787
149.0 0.11475409836065574 597.4926284914667 374.51262849146667 2980
186.25 0.11475409836065574 548.3392980071387 325.3592980071387 3725
219.75 0.11475409836065574 453.93786865907435 230.95786865907436 4395
248.25 0.11475409836065574 448.68982264654375 225.70982264654376 4965
299.55 0.11475409836065574 409.5739565169537 186.59395651695368 5991
314.45 0.13114754098360656 393.26346459956306 170.28346459956308 6289
389.8 0.13114754098360656 385.13105048612925 162.15105048612926 7796
392.3 0.13114754098360656 360.3448966248176 137.3648966248176 7846
394.85 0.13114754098360656 281.29816943381803 58.31816943381804 7897
454.55 0.13114754098360656 277.9584197174834 54.97841971748343 9091
