% fevals/dim | frac | F - F_opt (40.66) | best fitness | fevals
1.95 0.09836065573770492 734.9366354714255 775.5966354714254 39
3.8 0.11475409836065574 618.2932253537418 658.9532253537418 76
8.25 0.11475409836065574 489.8371372856302 530.4971372856302 165
23.05 0.11475409836065574 429.9113859291285 470.5713859291285 461
33.3 0.11475409836065574 427.7450988200344 468.40509882003437 666
36.7 0.11475409836065574 424.58813476064984 465.2481347606498 734
38.75 0.11475409836065574 399.9551452828101 440.6151452828101 775
42.55 0.11475409836065574 398.4123151428555 439.0723151428555 851
47.15 0.13114754098360656 386.4384087502102 427.0984087502102 943
49.45 0.13114754098360656 352.77653568622407 393.43653568622403 989
52.4 0.13114754098360656 336.57126203498444 377.2312620349844 1048
55.85 0.13114754098360656 326.3011617826962 366.9611617826962 1117
58.8 0.13114754098360656 316.3049586365021 356.96495863650205 1176
61.75 0.13114754098360656 314.700665439304 355.36066543930394 1235
64.85 0.13114754098360656 310.2050664529638 350.8650664529638 1297
67.65 0.13114754098360656 310.15316409527065 350.8131640952706 1353
70.75 0.13114754098360656 307.9490996300161 348.6090996300161 1415
73.95 0.13114754098360656 298.2539846135959 338.91398461359586 1479
79.5 0.13114754098360656 281.1626452901721 321.8226452901721 1590
85.5 0.13114754098360656 277.50852629682674 318.1685262968267 1710
97.2 0.13114754098360656 264.9819403626591 305.64194036265906 1944
97.6 0.13114754098360656 254.97378484810005 295.63378484810005 1952
112.6 0.14754098360655737 230.0168203363357 270.6768203363357 2252
120.1 0.14754098360655737 229.97677646105112 270.6367764610511 2402
150.95 0.14754098360655737 221.85825343784003 262.51825343784003 3019
158.75 0.14754098360655737 215.2463673579524 255.9063673579524 3175
170.85 0.14754098360655737 211.27376739590346 251.93376739590346 3417
173.2 0.14754098360655737 199.65187252924468 240.31187252924468 3464
192.65 0.14754098360655737 199.44142361919097 240.10142361919097 3853
204.45 0.14754098360655737 195.57290917198586 236.23290917198585 4089
209.65 0.14754098360655737 194.10577336149942 234.7657733614994 4193
217.45 0.14754098360655737 185.09056668102303 225.75056668102303 4349
226.3 0.14754098360655737 184.95529371482593 225.61529371482592 4526
259.8 0.14754098360655737 184.46395070332633 225.12395070332633 5196
279.4 0.14754098360655737 184.31324943799996 224.97324943799995 5588
281.0 0.14754098360655737 184.16136483033935 224.82136483033935 5620
286.2 0.14754098360655737 184.02609186414222 224.6860918641422 5724
