% fevals/dim | frac | F - F_opt (-99.25) | best fitness | fevals
1.05 0.19672131147540983 53.256743991291906 -45.993256008708094 21
5.15 0.19672131147540983 44.34234129384177 -54.90765870615823 103
7.95 0.21311475409836064 38.23929387674007 -61.01070612325993 159
11.2 0.21311475409836064 35.264913216358366 -63.985086783641634 224
16.8 0.22950819672131148 24.40500276842731 -74.84499723157269 336
20.95 0.22950819672131148 18.395468254858272 -80.85453174514173 419
28.35 0.2459016393442623 14.947503158061053 -84.30249684193895 567
38.2 0.2459016393442623 14.567978066126528 -84.68202193387347 764
54.2 0.2459016393442623 11.928118468657658 -87.32188153134234 1084
58.35 0.2459016393442623 10.513247285692316 -88.73675271430768 1167
64.35 0.26229508196721313 9.720607644382497 -89.5293923556175 1287
66.95 0.26229508196721313 8.620149357709636 -90.62985064229036 1339
70.65 0.26229508196721313 8.33530921916558 -90.91469078083442 1413
77.2 0.26229508196721313 7.534897330537177 -91.71510266946282 1544
84.0 0.26229508196721313 7.065392368024192 -92.18460763197581 1680
104.35 0.2786885245901639 6.1748514877577065 -93.0751485122423 2087
125.25 0.2786885245901639 5.548509528548863 -93.70149047145114 2505
134.0 0.2786885245901639 4.729854291776164 -94.52014570822384 2680
141.5 0.2786885245901639 4.416784382390034 -94.83321561760997 2830
178.65 0.29508196721311475 3.7683622953190934 -95.4816377046809 3573
231.45 0.29508196721311475 3.6661607831639884 -95.58383921683601 4629
264.0 0.29508196721311475 3.2227211079559765 -96.02727889204402 5280
290.2 0.29508196721311475 3.179829290762868 -96.07017070923713 5804
309.5 0.29508196721311475 3.0575935164938244 -96.19240648350618 6190
316.2 0.29508196721311475 2.9424351915253197 -96.30756480847468 6324
318.15 0.29508196721311475 2.9034059566881893 -96.34659404331181 6363
348.05 0.29508196721311475 2.903025961124314 -96.34697403887569 6961
354.05 0.29508196721311475 2.8895440249485915 -96.36045597505141 7081
363.25 0.29508196721311475 2.87792604730555 -96.37207395269445 7265
364.4 0.29508196721311475 2.8484120646231617 -96.40158793537684 7288
373.45 0.29508196721311475 2.769634761944374 -96.48036523805563 7469
416.35 0.29508196721311475 2.6689145595282753 -96.58108544047172 8327
426.9 0.3114754098360656 2.4467902645282322 -96.80320973547177 8538
448.6 0.3114754098360656 2.4456732285467098 -96.80432677145329 8972
449.55 0.3114754098360656 2.3034204882565774 -96.94657951174342 8991
460.9 0.3114754098360656 2.12881227477979 -97.12118772522021 9218
487.05 0.3114754098360656 2.1250550853212644 -97.12494491467874 9741
