% fevals/dim | frac | F - F_opt (-222.98) | best fitness | fevals
2.0 0.06557377049180328 2192.7522392748565 1969.7722392748565 40
9.6 0.06557377049180328 1895.926062388491 1672.9460623884909 192
22.6 0.06557377049180328 1718.2007509481875 1495.2207509481875 452
30.25 0.08196721311475409 1557.8823036592366 1334.9023036592366 605
35.2 0.08196721311475409 1500.4102557939832 1277.4302557939832 704
35.95 0.08196721311475409 1380.8577769754522 1157.8777769754522 719
63.05 0.09836065573770492 951.9445906711105 728.9645906711105 1261
103.1 0.09836065573770492 901.6973947835463 678.7173947835463 2062
127.55 0.09836065573770492 898.4234493946825 675.4434493946825 2551
129.65 0.09836065573770492 872.0197213202174 649.0397213202174 2593
143.15 0.09836065573770492 862.9133509006529 639.9333509006528 2863
151.3 0.09836065573770492 801.3385814185042 578.3585814185042 3026
155.75 0.09836065573770492 716.662970242473 493.68297024247295 3115
175.5 0.09836065573770492 665.673663614786 442.69366361478603 3510
212.35 0.11475409836065574 554.9902878044684 332.01028780446836 4247
225.7 0.11475409836065574 532.3766745420804 309.3966745420804 4514
311.55 0.11475409836065574 498.25476105894484 275.2747610589448 6231
339.55 0.11475409836065574 495.4772401225065 272.49724012250647 6791
389.6 0.11475409836065574 484.212767934957 261.232767934957 7792
393.5 0.11475409836065574 447.4609477086695 224.4809477086695 7870
405.15 0.11475409836065574 407.96202299409174 184.98202299409175 8103
440.75 0.13114754098360656 393.965843192224 170.985843192224 8815
447.8 0.13114754098360656 329.19035137191946 106.21035137191947 8956
