% fevals/dim | frac | F - F_opt (47.39) | best fitness | fevals
5.45 0.2459016393442623 13.821339124931349 61.21133912493135 109
17.5 0.2459016393442623 12.5693158546011 59.9593158546011 350
23.1 0.2459016393442623 12.002687274213208 59.39268727421321 462
24.45 0.26229508196721313 9.524771890362004 56.914771890362005 489
35.0 0.26229508196721313 7.745438412357238 55.13543841235724 700
103.8 0.26229508196721313 6.472813229057657 53.86281322905766 2076
186.75 0.2786885245901639 6.305978664047139 53.69597866404714 3735
198.5 0.2786885245901639 5.213293970113831 52.60329397011383 3970
322.3 0.2786885245901639 5.188387988362564 52.578387988362564 6446
380.15 0.2786885245901639 5.1809025156177455 52.570902515617746 7603
394.15 0.2786885245901639 4.728649013739592 52.11864901373959 7883
405.25 0.2786885245901639 4.367047650594202 51.7570476505942 8105
438.6 0.2786885245901639 4.118786822562569 51.50878682256257 8772
490.45 0.2786885245901639 4.047523412037961 51.43752341203796 9809
499.7 0.2786885245901639 3.993832149005044 51.383832149005045 9994
