5.7 0.0 11215.290660244124 11069.710660244124 114
17.5 0.01639344262295082 8037.626501922642 7892.046501922642 350
20.7 0.01639344262295082 6399.002011313655 6253.422011313655 414
24.4 0.03278688524590164 5301.9319540867755 5156.351954086776 488
27.55 0.03278688524590164 4940.6244153295465 4795.044415329547 551
31.0 0.04918032786885246 3192.171858182607 3046.591858182607 620
35.0 0.04918032786885246 2587.627094394628 2442.047094394628 700
36.4 0.06557377049180328 1785.3030094364597 1639.7230094364597 728
39.35 0.06557377049180328 1649.450031671697 1503.870031671697 787
41.35 0.09836065573770492 767.0038590044451 621.423859004445 827
44.55 0.11475409836065574 477.08598557738014 331.5059855773801 891
47.85 0.11475409836065574 412.23759220514046 266.6575922051404 957
53.5 0.13114754098360656 330.91424994154545 185.33424994154544 1070
58.65 0.22950819672131148 23.163174213267567 -122.41682578673245 1173
65.55 0.22950819672131148 22.59060225556695 -122.98939774443306 1311
69.3 0.2786885245901639 4.189514228077712 -141.3904857719223 1386
87.0 0.2786885245901639 4.1271250682813445 -141.45287493171867 1740
95.85 0.2786885245901639 3.9857540472845017 -141.5942459527155 1917
129.3 0.29508196721311475 3.8531525488564284 -141.72684745114358 2586
144.9 0.29508196721311475 3.6370237792160367 -141.94297622078398 2898
149.6 0.29508196721311475 3.5614986847389787 -142.01850131526103 2992
171.35 0.29508196721311475 3.3542090113456027 -142.2257909886544 3427
180.95 0.29508196721311475 3.2796999818143604 -142.30030001818565 3619
184.85 0.29508196721311475 3.185849014262743 -142.39415098573727 3697
211.0 0.29508196721311475 3.0934447918166086 -142.4865552081834 4220
226.4 0.29508196721311475 3.0140283849138143 -142.5659716150862 4528
244.1 0.29508196721311475 2.923358140924961 -142.65664185907505 4882
261.05 0.29508196721311475 2.87832559207763 -142.70167440792238 5221
274.95 0.29508196721311475 2.849434228880142 -142.73056577111987 5499
289.35 0.29508196721311475 2.8086557223687407 -142.77134427763127 5787
298.95 0.29508196721311475 2.729176813480848 -142.85082318651916 5979
322.1 0.29508196721311475 2.633814420331646 -142.94618557966837 6442
345.25 0.29508196721311475 2.5716671288408577 -143.00833287115915 6905
417.65 0.3114754098360656 2.339223246143092 -143.24077675385692 8353
460.95 0.3114754098360656 2.2684251799585695 -143.31157482004144 9219
