5.45 0.11475409836065574 579.5878347940918 544.8378347940918 109
14.8 0.11475409836065574 507.986738157717 473.236738157717 296
30.4 0.11475409836065574 504.2455429039137 469.4955429039137 608
37.75 0.11475409836065574 440.04551995863153 405.29551995863153 755
47.1 0.13114754098360656 373.16064686065044 338.41064686065044 942
57.35 0.13114754098360656 334.7893274784446 300.0393274784446 1147
67.6 0.13114754098360656 334.1296151453695 299.3796151453695 1352
70.1 0.13114754098360656 286.84225746202907 252.09225746202907 1402
107.8 0.13114754098360656 257.2099049501527 222.4599049501527 2156
112.65 0.13114754098360656 254.35654024042108 219.60654024042108 2253
145.0 0.14754098360655737 250.36997124882626 215.61997124882626 2900
185.0 0.14754098360655737 232.36415930708796 197.61415930708796 3700
277.15 0.14754098360655737 220.7597486560948 186.0097486560948 5543
319.35 0.14754098360655737 211.6614801166515 176.9114801166515 6387
367.9 0.14754098360655737 195.02505367121177 160.27505367121177 7358
433.7 0.14754098360655737 174.39634559908296 139.64634559908296 8674
452.25 0.14754098360655737 171.46285188458137 136.71285188458137 9045
