% fevals/dim | frac | F - F_opt (-222.98) | best fitness | fevals
2.0 0.06557377049180328 2192.7522392748565 1969.7722392748565 40
7.15 0.08196721311475409 1573.6679084231682 1350.6879084231682 143
24.35 0.08196721311475409 1464.9308169695412 1241.9508169695412 487
29.55 0.08196721311475409 1462.5084525426164 1239.5284525426164 591
32.3 0.08196721311475409 1388.6784855497142 1165.6984855497142 646
37.15 0.08196721311475409 1102.576058696485 879.596058696485 743
50.3 0.08196721311475409 1068.1113850951429 845.1313850951428 1006
64.45 0.08196721311475409 1064.4295219132316 841.4495219132316 1289
72.35 0.09836065573770492 996.7500342217539 773.7700342217539 1447
89.15 0.09836065573770492 908.0880658420173 685.1080658420173 1783
146.15 0.09836065573770492 883.0156466743723 660.0356466743723 2923
166.45 0.09836065573770492 817.8626039419579 594.8826039419579 3329
192.35 0.09836065573770492 806.205924595502 583.225924595502 3847
196.35 0.09836065573770492 790.2676019030889 567.2876019030889 3927
208.35 0.09836065573770492 771.3980498212571 548.4180498212571 4167
212.55 0.09836065573770492 750.6174279621175 527.6374279621175 4251
228.4 0.09836065573770492 732.0825775817219 509.1025775817219 4568
232.3 0.11475409836065574 614.8936252066022 391.9136252066022 4646
352.15 0.11475409836065574 613.4604402009152 390.48044020091515 7043
383.8 0.11475409836065574 611.6172378100623 388.6372378100623 7676
463.45 0.11475409836065574 580.9169168912358 357.9369168912358 9269
482.75 0.11475409836065574 568.9703979760133 345.99039797601324 9655
