3.35 0.2459016393442623 14.05271981922754 61.44271981922754 67
7.2 0.2459016393442623 11.734780420730104 59.124780420730104 144
9.9 0.26229508196721313 8.872203828050843 56.26220382805084 198
12.6 0.26229508196721313 8.136663430834837 55.52666343083484 252
26.8 0.26229508196721313 7.897917769163229 55.28791776916323 536
29.65 0.26229508196721313 7.873215752557805 55.263215752557805 593
34.05 0.2786885245901639 5.948346774791155 53.338346774791155 681
56.0 0.2786885245901639 4.845254645888041 52.23525464588804 1120
66.25 0.2786885245901639 4.573242088414112 51.96324208841411 1325
130.1 0.2786885245901639 4.226348333318427 51.61634833331843 2602
136.55 0.2786885245901639 4.189048057932872 51.57904805793287 2731
159.35 0.29508196721311475 3.4985748289053262 50.88857482890533 3187
175.9 0.29508196721311475 3.421862665960397 50.8118626659604 3518
209.95 0.29508196721311475 3.1086908474587034 50.498690847458704 4199
226.1 0.29508196721311475 2.8248748762226725 50.21487487622267 4522
245.05 0.29508196721311475 2.7431323635351177 50.13313236353512 4901
380.0 0.29508196721311475 2.732594207450397 50.1225942074504 7600
391.25 0.3114754098360656 2.3109458787326957 49.700945878732696 7825
439.05 0.3114754098360656 2.253926383753047 49.64392638375305 8781
