12.1 0.18032786885245902 65.79322816 40.54322816 242
26.05 0.19672131147540983 53.44602816 28.196028159999997 521
30.7 0.19672131147540983 42.15962816 16.909628159999997 614
40.0 0.21311475409836064 39.375628160000005 14.125628160000005 800
47.05 0.21311475409836064 33.870028160000004 8.620028160000004 941
51.35 0.21311475409836064 28.513228160000004 3.263228160000004 1027
58.1 0.21311475409836064 27.35642816 2.10642816 1162
60.9 0.21311475409836064 27.166028160000003 1.9160281600000033 1218
65.3 0.22950819672131148 24.634828159999998 -0.6151718400000021 1306
69.95 0.22950819672131148 24.22522816 -1.0247718399999997 1399
74.85 0.22950819672131148 21.153228160000005 -4.096771839999995 1497
81.6 0.22950819672131148 19.742028160000004 -5.507971839999996 1632
86.25 0.2459016393442623 15.686028160000003 -9.563971839999997 1725
90.9 0.2459016393442623 15.27002816 -9.97997184 1818
99.75 0.2459016393442623 14.866828160000003 -10.383171839999997 1995
103.0 0.2459016393442623 10.754828159999999 -14.495171840000001 2060
115.0 0.2459016393442623 10.08922816 -15.16077184 2300
134.55 0.26229508196721313 9.214028159999998 -16.035971840000002 2691
149.5 0.26229508196721313 9.07162816 -16.17837184 2990
155.2 0.26229508196721313 6.919628160000002 -18.330371839999998 3104
164.5 0.2786885245901639 6.239628160000002 -19.010371839999998 3290
188.15 0.2786885245901639 6.135628160000003 -19.114371839999997 3763
192.55 0.2786885245901639 6.10202816 -19.14797184 3851
211.4 0.2786885245901639 5.881228159999999 -19.36877184 4228
222.0 0.2786885245901639 5.71162816 -19.53837184 4440
228.1 0.2786885245901639 5.510028160000001 -19.73997184 4562
241.35 0.29508196721311475 3.959628160000001 -21.29037184 4827
248.9 0.29508196721311475 3.6940281599999985 -21.55597184 4978
255.3 0.29508196721311475 3.314828160000001 -21.93517184 5106
266.15 0.29508196721311475 3.3036281600000024 -21.946371839999998 5323
294.3 0.29508196721311475 3.1580281600000006 -22.09197184 5886
303.45 0.29508196721311475 2.6220281599999993 -22.62797184 6069
312.75 0.3114754098360656 2.3516281600000006 -22.89837184 6255
392.85 0.3114754098360656 2.23002816 -23.01997184 7857
399.05 0.3114754098360656 2.0892281599999976 -23.160771840000002 7981
