14.0 0.18032786885245902 70.3561725672721 21.756172567272095 280
18.65 0.18032786885245902 65.82749220538881 17.227492205388806 373
57.1 0.19672131147540983 50.086654005082295 1.4866540050822934 1142
84.65 0.19672131147540983 44.31395216982746 -4.286047830172542 1693
102.4 0.19672131147540983 42.25082737617832 -6.34917262382168 2048
110.95 0.21311475409836064 35.94954692094413 -12.650453079055872 2219
126.85 0.21311475409836064 29.511899729238827 -19.088100270761174 2537
152.1 0.21311475409836064 28.466841185740577 -20.133158814259424 3042
157.45 0.22950819672131148 17.779349601841925 -30.820650398158076 3149
276.8 0.22950819672131148 16.552026697919736 -32.047973302080266 5536
345.35 0.2459016393442623 15.688134525878866 -32.911865474121136 6907
360.55 0.2459016393442623 15.214771524145156 -33.385228475854845 7211
370.7 0.2459016393442623 15.125375352475864 -33.47462464752414 7414
380.0 0.2459016393442623 14.082645164589202 -34.5173548354108 7600
389.6 0.2459016393442623 13.832546639428621 -34.76745336057138 7792
397.75 0.2459016393442623 13.67904872196602 -34.92095127803398 7955
402.7 0.2459016393442623 13.591118158323432 -35.00888184167657 8054
446.25 0.2459016393442623 13.417359277185149 -35.18264072281485 8925
460.2 0.2459016393442623 13.25906245095863 -35.34093754904137 9204
463.3 0.2459016393442623 13.17267681510858 -35.42732318489142 9266
474.15 0.2459016393442623 12.661093075754003 -35.938906924246 9483
486.95 0.2459016393442623 12.594352937999396 -36.005647062000605 9739
