% fevals/dim | frac | F - F_opt (40.66) | best fitness | fevals
1.95 0.09836065573770492 734.9366354714255 775.5966354714254 39
5.0 0.09836065573770492 699.8113923315465 740.4713923315464 100
10.2 0.11475409836065574 529.5428455236151 570.2028455236151 204
19.35 0.11475409836065574 455.1958484336242 495.85584843362415 387
33.5 0.11475409836065574 427.5633264897109 468.22332648971087 670
36.2 0.11475409836065574 415.8769226233919 456.5369226233919 724
36.65 0.11475409836065574 409.3483328107294 450.00833281072937 733
40.7 0.13114754098360656 396.4180175273814 437.07801752738135 814
45.2 0.13114754098360656 393.5831732541129 434.2431732541129 904
48.75 0.13114754098360656 390.48481516283823 431.1448151628382 975
50.05 0.13114754098360656 387.60267330078057 428.26267330078053 1001
53.4 0.13114754098360656 330.77587094720093 371.4358709472009 1068
61.9 0.13114754098360656 306.9241036137348 347.5841036137348 1238
86.9 0.13114754098360656 279.37075747557765 320.0307574755776 1738
108.05 0.13114754098360656 263.3865485044298 304.0465485044298 2161
114.15 0.13114754098360656 254.89256866079413 295.5525686607941 2283
142.85 0.14754098360655737 236.9071866771088 277.5671866771088 2857
148.95 0.14754098360655737 232.55223587082654 273.21223587082653 2979
185.7 0.14754098360655737 230.37127808180693 271.03127808180693 3714
192.9 0.14754098360655737 229.12289705644125 269.78289705644124 3858
199.5 0.14754098360655737 220.5505875583037 261.2105875583037 3990
213.85 0.14754098360655737 218.71518000609555 259.37518000609555 4277
238.65 0.14754098360655737 214.05094497855492 254.71094497855492 4773
254.4 0.14754098360655737 213.73062170654438 254.39062170654438 5088
264.95 0.14754098360655737 212.9528805643981 253.6128805643981 5299
271.05 0.14754098360655737 210.55273002486598 251.21273002486598 5421
284.9 0.14754098360655737 204.76379250460536 245.42379250460536 5698
290.75 0.14754098360655737 202.81923820328086 243.47923820328086 5815
324.65 0.14754098360655737 202.3676269040692 243.0276269040692 6493
339.8 0.14754098360655737 202.32907853411547 242.98907853411546 6796
349.05 0.14754098360655737 200.3305944383222 240.9905944383222 6981
355.15 0.14754098360655737 199.68855016149624 240.34855016149623 7103
