4.2 0.2459016393442623 12.455235411336083 59.845235411336084 84
14.1 0.2459016393442623 12.169531736017717 59.55953173601772 282
25.95 0.2459016393442623 11.69335991225087 59.08335991225087 519
50.05 0.2459016393442623 10.695408051770592 58.08540805177059 1001
61.3 0.26229508196721313 9.435455334128058 56.82545533412806 1226
117.5 0.26229508196721313 8.970652989008912 56.36065298900891 2350
143.1 0.26229508196721313 8.541648064200203 55.9316480642002 2862
198.4 0.26229508196721313 8.094333234478981 55.48433323447898 3968
212.1 0.26229508196721313 7.592825884731688 54.98282588473169 4242
249.85 0.26229508196721313 7.112248909661737 54.50224890966174 4997
254.7 0.26229508196721313 7.079635131567109 54.46963513156711 5094
328.45 0.26229508196721313 7.047439637517513 54.437439637517514 6569
333.85 0.26229508196721313 6.781981409643265 54.171981409643266 6677
375.55 0.26229508196721313 6.644378984920557 54.03437898492056 7511
389.4 0.26229508196721313 6.413803138962386 53.80380313896239 7788
399.45 0.26229508196721313 6.367857263322129 53.75785726332213 7989
409.55 0.2786885245901639 5.567532398646691 52.95753239864669 8191
437.45 0.2786885245901639 5.0721271909088586 52.46212719090886 8749
