20.0 0.13114754098360656 302.74043292006814 169.15043292006814 400
25.25 0.13114754098360656 294.4380146292714 160.84801462927138 505
29.5 0.13114754098360656 291.28977288541006 157.69977288541006 590
36.6 0.13114754098360656 276.245139066976 142.65513906697598 732
38.65 0.13114754098360656 261.03171252250354 127.44171252250354 773
41.25 0.14754098360655737 250.4684305354224 116.87843053542241 825
45.75 0.14754098360655737 241.8568741740914 108.26687417409138 915
57.95 0.14754098360655737 233.70646476218283 100.11646476218283 1159
60.0 0.14754098360655737 229.2660659479484 95.67606594794839 1200
70.65 0.14754098360655737 220.8503570121541 87.26035701215409 1413
75.95 0.14754098360655737 213.17450493781485 79.58450493781484 1519
124.2 0.14754098360655737 198.61524514277926 65.02524514277926 2484
209.0 0.14754098360655737 197.59860069519698 64.00860069519698 4180
240.1 0.14754098360655737 193.76685746937196 60.17685746937195 4802
437.4 0.14754098360655737 192.60999481483344 59.01999481483344 8748
471.75 0.14754098360655737 175.3021949814257 41.71219498142571 9435
