% fevals/dim | frac | F - F_opt (-222.98) | best fitness | fevals
2.0 0.06557377049180328 2192.7522392748565 1969.7722392748565 40
5.95 0.06557377049180328 1958.743624936948 1735.763624936948 119
12.05 0.06557377049180328 1772.5073064682229 1549.5273064682228 241
20.0 0.06557377049180328 1699.4696019267967 1476.4896019267967 400
32.85 0.06557377049180328 1622.50108865526 1399.52108865526 657
38.15 0.08196721311475409 1541.963257749469 1318.983257749469 763
47.25 0.08196721311475409 1475.8471151454419 1252.8671151454419 945
47.5 0.08196721311475409 1366.7353655949826 1143.7553655949825 950
53.2 0.08196721311475409 1288.637659459774 1065.657659459774 1064
60.5 0.08196721311475409 1251.5120914770173 1028.5320914770173 1210
79.2 0.08196721311475409 1221.1716206656824 998.1916206656824 1584
90.35 0.08196721311475409 1148.020135953573 925.0401359535729 1807
94.1 0.08196721311475409 1125.6030764121153 902.6230764121153 1882
101.15 0.08196721311475409 1007.2012356768714 784.2212356768714 2023
124.2 0.09836065573770492 975.385952065904 752.405952065904 2484
189.45 0.09836065573770492 960.0916092491233 737.1116092491233 3789
195.15 0.09836065573770492 917.3231567009927 694.3431567009927 3903
221.25 0.09836065573770492 874.8528268820148 651.8728268820148 4425
254.1 0.09836065573770492 871.1753559053878 648.1953559053878 5082
292.6 0.09836065573770492 867.692407224899 644.7124072248989 5852
296.65 0.09836065573770492 836.0145119017011 613.0345119017011 5933
319.95 0.09836065573770492 775.7953066547383 552.8153066547383 6399
341.9 0.09836065573770492 746.7364303768298 523.7564303768298 6838
357.9 0.09836065573770492 744.3233201543366 521.3433201543365 7158
395.05 0.09836065573770492 725.5087550190854 502.52875501908534 7901
422.05 0.09836065573770492 723.6993754580103 500.7193754580103 8441
429.45 0.11475409836065574 602.4213824868147 379.44138248681463 8589
