% fevals/dim | frac | F - F_opt (-34.75) | best fitness | fevals
3.0 0.11475409836065574 533.4905673038434 498.74056730384336 60
9.4 0.11475409836065574 460.9974919849141 426.2474919849141 188
20.0 0.11475409836065574 458.60693432891185 423.85693432891185 400
25.4 0.13114754098360656 368.631596307323 333.881596307323 508
26.65 0.13114754098360656 355.9109727148623 321.1609727148623 533
43.7 0.13114754098360656 336.5878480302081 301.8378480302081 874
49.15 0.13114754098360656 272.7100204586215 237.9600204586215 983
88.95 0.13114754098360656 255.25678114824933 220.50678114824933 1779
111.35 0.14754098360655737 249.62086141301313 214.87086141301313 2227
115.3 0.14754098360655737 248.32314075311155 213.57314075311155 2306
125.65 0.14754098360655737 227.55170592977552 192.80170592977552 2513
150.1 0.14754098360655737 189.41331469812692 154.66331469812692 3002
352.85 0.14754098360655737 181.4903824423745 146.7403824423745 7057
