% fevals/dim | frac | F - F_opt (-222.98) | best fitness | fevals
2.0 0.06557377049180328 2192.7522392748565 1969.7722392748565 40
12.2 0.06557377049180328 1887.1094484723972 1664.1294484723971 244
20.75 0.06557377049180328 1803.360682272877 1580.380682272877 415
46.6 0.06557377049180328 1630.109801109764 1407.129801109764 932
47.5 0.08196721311475409 1217.646472986935 994.6664729869349 950
58.0 0.08196721311475409 1166.2020651451858 943.2220651451858 1160
110.5 0.08196721311475409 1155.1501144869999 932.1701144869999 2210
126.25 0.08196721311475409 1148.006075278166 925.026075278166 2525
147.2 0.08196721311475409 1082.5368670653636 859.5568670653636 2944
164.65 0.08196721311475409 1025.2011314668177 802.2211314668177 3293
180.05 0.09836065573770492 936.8043884174247 713.8243884174246 3601
189.2 0.09836065573770492 916.3728885050125 693.3928885050125 3784
210.25 0.09836065573770492 903.012054274348 680.032054274348 4205
217.05 0.09836065573770492 860.1808267816635 637.2008267816635 4341
231.15 0.09836065573770492 851.0757966929862 628.0957966929861 4623
254.95 0.09836065573770492 817.6178509855495 594.6378509855494 5099
267.5 0.09836065573770492 727.4348429652409 504.4548429652409 5350
295.05 0.09836065573770492 659.4478360498226 436.4678360498226 5901
304.95 0.11475409836065574 603.016996165139 380.03699616513893 6099
395.25 0.11475409836065574 574.6717466649316 351.69174666493154 7905
410.7 0.11475409836065574 566.8069711336527 343.8269711336527 8214
441.95 0.11475409836065574 506.3085141572226 283.32851415722257 8839
452.05 0.11475409836065574 489.2602861986835 266.2802861986835 9041
474.75 0.11475409836065574 460.2422623341985 237.26226233419848 9495
