5.0 0.0 165068.17120030153 165099.02120030153 100
7.65 0.0 118419.21422453372 118450.06422453372 153
13.1 0.0 112415.41001963412 112446.26001963412 262
17.0 0.0 94060.34357828184 94091.19357828185 340
20.15 0.0 79148.03948115544 79178.88948115545 403
25.15 0.0 30131.645464286605 30162.495464286603 503
40.05 0.0 27388.505072244145 27419.355072244143 801
41.65 0.0 21251.810831259012 21282.66083125901 833
45.45 0.0 20551.457037348693 20582.30703734869 909
47.7 0.0 16740.986636076617 16771.836636076616 954
55.6 0.11475409836065574 618.5546474250517 649.4046474250517 1112
72.75 0.11475409836065574 486.1776449560774 517.0276449560774 1455
89.8 0.13114754098360656 345.8634041789135 376.71340417891355 1796
100.6 0.13114754098360656 303.4290536269596 334.27905362695964 2012
123.0 0.14754098360655737 232.58860771526295 263.43860771526295 2460
127.3 0.14754098360655737 214.7247533383568 245.5747533383568 2546
148.9 0.14754098360655737 214.28421974624794 245.13421974624794 2978
208.85 0.14754098360655737 213.61018400403867 244.46018400403867 4177
210.85 0.14754098360655737 212.756850250718 243.606850250718 4217
247.15 0.14754098360655737 191.18616984847097 222.03616984847096 4943
293.7 0.14754098360655737 159.5450917867745 190.3950917867745 5874
329.3 0.16393442622950818 133.73223141523616 164.58223141523615 6586
345.85 0.16393442622950818 129.31733114386518 160.16733114386517 6917
429.0 0.16393442622950818 120.10278549106908 150.95278549106908 8580
437.65 0.16393442622950818 119.90368401691222 150.75368401691222 8753
448.65 0.16393442622950818 118.76236624219041 149.6123662421904 8973
478.55 0.16393442622950818 114.13810398787126 144.98810398787126 9571
488.6 0.16393442622950818 107.97306792660913 138.82306792660913 9772
