12.05 0.19672131147540983 57.622028160000006 32.372028160000006 241
16.15 0.19672131147540983 42.698828160000005 17.448828160000005 323
19.3 0.21311475409836064 34.52282816 9.272828160000003 386
42.7 0.21311475409836064 25.638028159999998 0.3880281599999975 854
49.25 0.22950819672131148 24.654028160000003 -0.5959718399999971 985
52.4 0.22950819672131148 18.849228160000003 -6.400771839999997 1048
58.55 0.22950819672131148 16.985228160000005 -8.264771839999995 1171
68.0 0.2459016393442623 14.054028160000001 -11.195971839999999 1360
71.15 0.2459016393442623 10.96922816 -14.28077184 1423
87.15 0.26229508196721313 9.716428159999998 -15.533571840000002 1743
96.85 0.26229508196721313 8.772428160000004 -16.477571839999996 1937
102.65 0.26229508196721313 6.38842816 -18.86157184 2053
138.45 0.26229508196721313 6.364428159999999 -18.88557184 2769
143.8 0.2786885245901639 5.865228160000001 -19.38477184 2876
150.7 0.2786885245901639 5.230028159999996 -20.019971840000004 3014
152.75 0.2786885245901639 5.1500281600000015 -20.09997184 3055
156.55 0.2786885245901639 4.190028160000001 -21.05997184 3131
171.85 0.29508196721311475 2.9676281600000003 -22.28237184 3437
190.75 0.29508196721311475 2.6220281599999993 -22.62797184 3815
239.45 0.29508196721311475 2.58362816 -22.66637184 4789
244.7 0.3114754098360656 2.3516281600000006 -22.89837184 4894
268.4 0.3114754098360656 2.122828160000001 -23.12717184 5368
