3.6 0.2459016393442623 13.27139435626249 60.66139435626249 72
6.05 0.26229508196721313 8.666945687642396 56.0569456876424 121
24.0 0.26229508196721313 8.578775704796868 55.96877570479687 480
27.1 0.26229508196721313 6.55906933166996 53.94906933166996 542
40.3 0.2786885245901639 5.43238334517504 52.82238334517504 806
56.45 0.2786885245901639 4.7556050487927735 52.145605048792774 1129
119.6 0.29508196721311475 3.958625737763292 51.34862573776329 2392
124.25 0.29508196721311475 3.8825360614558875 51.27253606145589 2485
149.45 0.29508196721311475 3.2543144027174336 50.644314402717434 2989
171.35 0.29508196721311475 3.0982868872290013 50.488286887229 3427
270.45 0.29508196721311475 2.606052090694128 49.99605209069413 5409
