7.35 0.09836065573770492 644.5804569033343 609.8304569033343 147
10.35 0.11475409836065574 521.6176568737573 486.86765687375726 207
16.55 0.11475409836065574 491.2805287081238 456.5305287081238 331
20.05 0.11475409836065574 461.80581316690086 427.05581316690086 401
23.65 0.11475409836065574 437.57113074813515 402.82113074813515 473
27.2 0.13114754098360656 327.8180287638155 293.0680287638155 544
42.35 0.13114754098360656 314.22929285425346 279.47929285425346 847
47.1 0.14754098360655737 238.10322027713403 203.35322027713403 942
135.65 0.14754098360655737 233.14379185651967 198.39379185651967 2713
157.5 0.14754098360655737 232.09594268646148 197.34594268646148 3150
161.25 0.14754098360655737 228.35916864333853 193.60916864333853 3225
174.1 0.14754098360655737 176.06970714849427 141.31970714849427 3482
