% fevals/dim | frac | F - F_opt (-222.98) | best fitness | fevals
2.0 0.06557377049180328 2192.7522392748565 1969.7722392748565 40
14.25 0.06557377049180328 1973.6303667844825 1750.6503667844825 285
30.7 0.06557377049180328 1732.0454042992435 1509.0654042992435 614
36.4 0.06557377049180328 1681.4594096302978 1458.4794096302978 728
61.0 0.06557377049180328 1609.6547666408974 1386.6747666408974 1220
61.85 0.08196721311475409 1531.6838651310657 1308.7038651310656 1237
72.8 0.08196721311475409 1402.3002594176914 1179.3202594176914 1456
86.6 0.08196721311475409 1357.8194694682375 1134.8394694682374 1732
109.6 0.08196721311475409 1337.3770113621108 1114.3970113621108 2192
113.3 0.08196721311475409 1271.0727795144392 1048.0927795144391 2266
139.7 0.08196721311475409 1164.910633771576 941.9306337715759 2794
181.55 0.08196721311475409 1155.8404240909872 932.8604240909872 3631
185.6 0.08196721311475409 1153.8368461421217 930.8568461421216 3712
195.45 0.08196721311475409 1149.5968138700252 926.6168138700252 3909
220.65 0.08196721311475409 1101.5362323090706 878.5562323090705 4413
232.1 0.08196721311475409 1096.0915991824402 873.1115991824402 4642
263.85 0.08196721311475409 1042.745383366877 819.7653833668769 5277
279.2 0.09836065573770492 964.5574326882673 741.5774326882673 5584
318.75 0.09836065573770492 943.7939680333263 720.8139680333263 6375
357.3 0.09836065573770492 876.6813191973513 653.7013191973513 7146
