118
172
298
243
260
205
139
43
82
349
77
202
344
100
75
273
322
98
131
312
267
292
22
245
136
170
29
200
137
23
14
278
169
299
194
165
319
20
272
162
189
249
293
211
155
9
257
193
359
5
282
330
156
332
92
204
57
122
94
297
34
321
62
106
316
285
146
183
348
331
69
8
47
192
91
286
15
230
247
270
99
3
60
31
351
181
49
164
182
64
274
33
177
195
231
28
167
16
178
148
301
264
21
134
228
51
180
318
90
214
187
254
145
197
152
304
251
269
65
67
68
329
226
284
135
27
255
81
338
160
290
73
56
112
336
44
55
314
52
120
356
216
151
179
222
78
328
220
232
234
198
265
87
303
12
313
157
315
224
121
207
358
154
262
41
266
113
235
229
129
123
221
24
191
225
323
340
13
291
238
6
250
88
101
296
311
208
289
124
115
38
141
163
48
339
11
74
353
10
206
176
352
213
7
210
308
217
341
138
337
86
117
17
50
280
242
30
107
119
253
32
244
357
102
39
263
63
54
19
276
199
95
268
4
239
223
132
83
37
144
168
149
93
35
287
271
66
300
71
283
277
233
59
0
89
70
246
174
133
158
294
110
80
159
310
248
188
190
147
184
