% fevals/dim | frac | F - F_opt (-99.25) | best fitness | fevals
0.05 0.19672131147540983 54.46286567634892 -44.78713432365108 1
8.1 0.19672131147540983 49.94686631234628 -49.30313368765372 162
25.65 0.19672131147540983 40.97738114262964 -58.27261885737036 513
49.1 0.21311475409836064 32.35286348160558 -66.89713651839442 982
64.35 0.21311475409836064 29.750259892724372 -69.49974010727563 1287
77.85 0.22950819672131148 22.99350636350458 -76.25649363649542 1557
162.9 0.22950819672131148 19.94484968049801 -79.30515031950199 3258
178.15 0.22950819672131148 17.00719717227878 -82.24280282772122 3563
201.6 0.2459016393442623 15.005423788918648 -84.24457621108135 4032
271.1 0.2459016393442623 14.972798153956916 -84.27720184604308 5422
279.7 0.2459016393442623 12.919992802227853 -86.33000719777215 5594
300.65 0.2459016393442623 10.425825453230956 -88.82417454676904 6013
376.7 0.26229508196721313 8.048836255338188 -91.20116374466181 7534
452.95 0.26229508196721313 7.73325360318745 -91.51674639681255 9059
