% fevals/dim | frac | F - F_opt (92.94) | best fitness | fevals
0.05 0.06557377049180328 1756.5747510805509 1849.514751080551 1
3.45 0.09836065573770492 993.3777857027976 1086.3177857027977 69
7.1 0.09836065573770492 783.1230296526676 876.0630296526676 142
11.6 0.09836065573770492 713.6023185588283 806.5423185588284 232
18.5 0.09836065573770492 651.7031917885295 744.6431917885295 370
22.25 0.11475409836065574 600.8497603809521 693.7897603809522 445
30.65 0.11475409836065574 575.4390786059048 668.3790786059049 613
34.95 0.11475409836065574 414.2433505445991 507.1833505445991 699
37.95 0.13114754098360656 373.0012592239199 465.9412592239199 759
46.2 0.13114754098360656 363.3691203218718 456.3091203218718 924
58.05 0.13114754098360656 335.40030635193244 428.34030635193244 1161
73.05 0.13114754098360656 316.22133135174005 409.16133135174005 1461
75.25 0.13114754098360656 300.6000759277505 393.5400759277505 1505
81.65 0.14754098360655737 221.1979167617638 314.1379167617638 1633
111.8 0.14754098360655737 209.88322039176973 302.8232203917697 2236
126.45 0.14754098360655737 191.54767806145907 284.48767806145906 2529
168.05 0.14754098360655737 189.41137550190973 282.35137550190973 3361
179.15 0.14754098360655737 175.50338787995673 268.44338787995673 3583
194.3 0.14754098360655737 170.80366377719196 263.74366377719195 3886
202.4 0.16393442622950818 127.8498845233994 220.7898845233994 4048
229.9 0.16393442622950818 104.38522649884004 197.32522649884004 4598
301.15 0.16393442622950818 102.65310298464343 195.59310298464342 6023
313.8 0.16393442622950818 102.41305605297686 195.35305605297685 6276
353.65 0.16393442622950818 100.28588091291192 193.22588091291192 7073
358.2 0.18032786885245902 94.58945223887613 187.52945223887613 7164
377.5 0.18032786885245902 82.84129785108001 175.78129785108 7550
434.25 0.18032786885245902 81.53267701828662 174.47267701828662 8685
