% fevals/dim | frac | F - F_opt (-34.75) | best fitness | fevals
0.05 0.09836065573770492 704.0696690671978 669.3196690671978 1
0.05 0.09836065573770492 704.0696690671978 669.3196690671978 1
23.6 0.11475409836065574 598.9383836188431 564.1883836188431 472
32.6 0.11475409836065574 462.07579989256806 427.32579989256806 652
69.35 0.11475409836065574 401.2690339580017 366.5190339580017 1387
132.0 0.13114754098360656 390.61112140490206 355.86112140490206 2640
151.85 0.13114754098360656 383.6628609720202 348.9128609720202 3037
168.75 0.13114754098360656 380.61580874351574 345.86580874351574 3375
221.7 0.13114754098360656 372.2933763035578 337.5433763035578 4434
251.25 0.13114754098360656 358.6052968113512 323.8552968113512 5025
450.05 0.13114754098360656 357.20234809685553 322.45234809685553 9001
