% fevals/dim | frac | F - F_opt (-568.88) | best fitness | fevals
0.05 0.0 10716399.223101042 10715830.343101041 1
0.85 0.0 4108855.137074338 4108286.257074338 17
8.2 0.0 1892271.2314295606 1891702.3514295607 164
24.5 0.0 1194209.9661105743 1193641.0861105744 490
27.6 0.0 1102289.8747322862 1101720.9947322863 552
36.45 0.0 634469.5645844582 633900.6845844582 729
52.35 0.0 485089.229213891 484520.349213891 1047
56.75 0.0 472110.59498048195 471541.71498048195 1135
71.4 0.0 451124.10686909856 450555.22686909855 1428
100.8 0.0 429558.24630438193 428989.3663043819 2016
105.15 0.0 425514.7688713119 424945.8888713119 2103
115.4 0.0 407203.8261695526 406634.94616955257 2308
152.6 0.0 395883.22530574206 395314.34530574206 3052
166.4 0.0 372945.55654916016 372376.67654916015 3328
170.9 0.0 372789.313201634 372220.433201634 3418
179.0 0.0 353848.28496026725 353279.40496026725 3580
202.0 0.0 341489.53151001205 340920.65151001205 4040
203.4 0.0 335014.29672852356 334445.41672852356 4068
214.9 0.0 321303.86143014376 320734.98143014376 4298
231.65 0.0 319857.27978795976 319288.39978795976 4633
241.55 0.0 305012.0760468278 304443.19604682777 4831
254.75 0.0 304268.9910459672 303700.1110459672 5095
289.95 0.0 298954.9393725097 298386.0593725097 5799
316.1 0.0 293488.08886538807 292919.20886538806 6322
354.4 0.0 292912.21611942915 292343.33611942915 7088
376.9 0.0 292066.8008508189 291497.9208508189 7538
385.7 0.0 291155.49970135215 290586.61970135215 7714
388.15 0.0 290836.55754147423 290267.67754147423 7763
442.4 0.0 289946.6156596864 289377.7356596864 8848
455.5 0.0 289922.1906068795 289353.3106068795 9110
465.7 0.0 289728.3040079813 289159.4240079813 9314
478.4 0.0 289584.6072507938 289015.7272507938 9568
