% fevals/dim | frac | F - F_opt (92.94) | best fitness | fevals
0.05 0.06557377049180328 1756.5747510805509 1849.514751080551 1
2.0 0.08196721311475409 1171.2785682081717 1264.2185682081717 40
3.85 0.08196721311475409 1124.1632146612349 1217.103214661235 77
6.2 0.09836065573770492 944.3874180580194 1037.3274180580195 124
10.65 0.09836065573770492 918.4707285919571 1011.4107285919572 213
11.6 0.11475409836065574 593.7905254675836 686.7305254675837 232
14.6 0.13114754098360656 295.41211249037735 388.35211249037735 292
25.4 0.13114754098360656 286.3075709591347 379.2475709591347 508
40.35 0.14754098360655737 242.89771037467557 335.83771037467557 807
49.15 0.14754098360655737 182.24952142493112 275.1895214249311 983
62.65 0.14754098360655737 166.289761015407 259.229761015407 1253
71.8 0.16393442622950818 123.64689294339445 216.58689294339445 1436
103.5 0.16393442622950818 120.67518231507384 213.61518231507384 2070
110.65 0.16393442622950818 107.67575481973853 200.61575481973853 2213
111.8 0.18032786885245902 75.1230980770149 168.0630980770149 2236
135.8 0.18032786885245902 67.68431563901046 160.62431563901046 2716
141.2 0.18032786885245902 65.56568233872781 158.5056823387278 2824
149.3 0.19672131147540983 60.1885965999993 153.1285965999993 2986
209.4 0.19672131147540983 57.829223698865945 150.76922369886594 4188
217.5 0.19672131147540983 50.35231985413432 143.29231985413432 4350
239.1 0.19672131147540983 44.56177939623052 137.50177939623052 4782
303.5 0.21311475409836064 38.165077369251634 131.10507736925163 6070
308.9 0.21311475409836064 37.69328456006147 130.63328456006147 6178
328.9 0.21311475409836064 37.061454076733924 130.00145407673392 6578
333.05 0.21311475409836064 27.20922940377244 120.14922940377244 6661
430.25 0.21311475409836064 25.316461999596783 118.25646199959678 8605
455.8 0.22950819672131148 21.96610772388577 114.90610772388577 9116
