% fevals/dim | frac | F - F_opt (-34.75) | best fitness | fevals
0.05 0.09836065573770492 704.0696690671978 669.3196690671978 1
0.05 0.09836065573770492 704.0696690671978 669.3196690671978 1
6.7 0.09836065573770492 665.8851787649916 631.1351787649916 134
8.8 0.11475409836065574 563.0426990451627 528.2926990451627 176
15.4 0.11475409836065574 557.3147169657414 522.5647169657414 308
29.75 0.11475409836065574 532.8942394960566 498.14423949605657 595
32.95 0.11475409836065574 497.2392028178158 462.4892028178158 659
41.65 0.11475409836065574 479.1939928965086 444.4439928965086 833
44.8 0.11475409836065574 454.0022864717633 419.2522864717633 896
54.55 0.11475409836065574 418.08214275118144 383.33214275118144 1091
61.0 0.11475409836065574 417.22354784702503 382.47354784702503 1220
80.65 0.13114754098360656 366.73709934468235 331.98709934468235 1613
97.8 0.13114754098360656 323.60689094694794 288.85689094694794 1956
206.4 0.13114754098360656 315.9742277459047 281.2242277459047 4128
219.45 0.13114754098360656 299.15609033943315 264.40609033943315 4389
271.05 0.13114754098360656 286.6853079246423 251.9353079246423 5421
432.8 0.13114754098360656 276.9389601950915 242.1889601950915 8656
451.3 0.13114754098360656 271.1544875384479 236.40448753844788 9026
