% fevals/dim | frac | F - F_opt (-39.43) | best fitness | fevals
0.05 0.19672131147540983 52.775889662616656 13.345889662616656 1
3.15 0.19672131147540983 47.40881627454537 7.978816274545373 63
6.75 0.21311475409836064 26.538349720234216 -12.891650279765784 135
16.8 0.21311475409836064 25.65510674517175 -13.77489325482825 336
23.2 0.22950819672131148 19.801446041781077 -19.628553958218923 464
43.2 0.22950819672131148 19.41805758849113 -20.01194241150887 864
46.65 0.22950819672131148 17.69044468124045 -21.73955531875955 933
54.9 0.22950819672131148 17.33123329243265 -22.09876670756735 1098
61.6 0.22950819672131148 17.19422794072479 -22.23577205927521 1232
66.45 0.22950819672131148 17.125151132201943 -22.304848867798057 1329
72.15 0.22950819672131148 15.963486538463009 -23.46651346153699 1443
76.8 0.22950819672131148 15.90275723924442 -23.52724276075558 1536
82.2 0.2459016393442623 12.159976761422765 -27.270023238577235 1644
95.6 0.2459016393442623 10.644421147806966 -28.785578852193034 1912
131.6 0.2459016393442623 10.394576404838283 -29.035423595161717 2632
138.7 0.2459016393442623 10.384562528543661 -29.04543747145634 2774
146.15 0.26229508196721313 9.817913762240966 -29.612086237759033 2923
148.35 0.26229508196721313 9.712169037873853 -29.717830962126147 2967
165.1 0.26229508196721313 8.741173961898454 -30.688826038101546 3302
174.45 0.26229508196721313 8.550685777517245 -30.879314222482755 3489
184.0 0.26229508196721313 8.137642807089026 -31.292357192910973 3680
187.25 0.26229508196721313 8.017679704416167 -31.412320295583832 3745
190.6 0.26229508196721313 6.555796716083748 -32.87420328391625 3812
197.3 0.2786885245901639 6.076679160310853 -33.35332083968915 3946
207.35 0.2786885245901639 5.6853782720631685 -33.74462172793683 4147
261.55 0.2786885245901639 5.5792901715627465 -33.85070982843725 5231
272.0 0.2786885245901639 5.3701698560927085 -34.05983014390729 5440
278.7 0.2786885245901639 5.004395680355941 -34.42560431964406 5574
298.8 0.2786885245901639 4.983190431030657 -34.44680956896934 5976
318.9 0.2786885245901639 4.744362784927084 -34.685637215072916 6378
332.85 0.2786885245901639 4.660969877765716 -34.769030122234284 6657
346.25 0.2786885245901639 4.281740426045452 -35.14825957395455 6925
358.45 0.2786885245901639 3.9848334331769806 -35.44516656682302 7169
372.5 0.29508196721311475 3.7357161645507944 -35.694283835449205 7450
378.55 0.29508196721311475 3.155133150796246 -36.274866849203754 7571
382.55 0.29508196721311475 3.024558026307247 -36.40544197369275 7651
398.65 0.29508196721311475 3.0225019112750644 -36.407498088724935 7973
453.6 0.29508196721311475 3.021124665758485 -36.408875334241515 9072
477.45 0.29508196721311475 2.944063405843103 -36.4859365941569 9549
495.8 0.29508196721311475 2.6518276982752553 -36.778172301724744 9916
