% fevals/dim | frac | F - F_opt (-568.88) | best fitness | fevals
0.05 0.0 10716399.223101042 10715830.343101041 1
0.85 0.0 4108855.137074338 4108286.257074338 17
7.45 0.0 1731181.744377514 1730612.8643775142 149
12.3 0.0 1725348.6834758657 1724779.8034758659 246
20.15 0.0 939284.1168551217 938715.2368551217 403
23.45 0.0 536661.5524799945 536092.6724799945 469
94.3 0.0 407950.2144108304 407381.3344108304 1886
108.45 0.0 401112.9874098412 400544.1074098412 2169
122.65 0.0 385941.88527943776 385373.00527943776 2453
141.7 0.0 375492.8042562319 374923.92425623187 2834
147.0 0.0 360493.7185074643 359924.8385074643 2940
173.25 0.0 337002.8844633725 336434.0044633725 3465
185.05 0.0 329867.24547466834 329298.36547466833 3701
195.45 0.0 315168.179089824 314599.299089824 3909
219.8 0.0 314404.0504392176 313835.1704392176 4396
230.2 0.0 308033.58008909377 307464.70008909376 4604
245.1 0.0 300342.712485082 299773.832485082 4902
297.1 0.0 297097.7275729148 296528.8475729148 5942
302.3 0.0 296338.2702858565 295769.3902858565 6046
352.0 0.0 291836.3330007249 291267.4530007249 7040
358.0 0.0 291471.56609528314 290902.68609528313 7160
391.65 0.0 290127.12668970274 289558.24668970273 7833
450.1 0.0 289830.14032533404 289261.26032533403 9002
454.6 0.0 289460.45326852024 288891.57326852024 9092
496.55 0.0 289269.85522672586 288700.97522672586 9931
