% fevals/dim | frac | F - F_opt (-34.75) | best fitness | fevals
0.05 0.09836065573770492 704.0696690671978 669.3196690671978 1
0.05 0.09836065573770492 704.0696690671978 669.3196690671978 1
6.55 0.11475409836065574 628.1595237563224 593.4095237563224 131
10.6 0.11475409836065574 479.4594476251068 444.7094476251068 212
16.1 0.11475409836065574 478.32003814917203 443.57003814917203 322
22.75 0.11475409836065574 412.46168236342584 377.71168236342584 455
34.9 0.13114754098360656 373.71725018385416 338.96725018385416 698
48.5 0.13114754098360656 353.87097034994514 319.12097034994514 970
76.85 0.13114754098360656 331.9716046027928 297.2216046027928 1537
132.1 0.13114754098360656 327.83313965057016 293.08313965057016 2642
164.5 0.13114754098360656 320.34369699503 285.59369699503 3290
178.1 0.13114754098360656 309.608790928414 274.858790928414 3562
205.0 0.13114754098360656 302.1176043894353 267.3676043894353 4100
237.4 0.13114754098360656 280.46406320449586 245.71406320449586 4748
314.35 0.13114754098360656 265.4213271130752 230.67132711307522 6287
