% fevals/dim | frac | F - F_opt (-25.25) | best fitness | fevals
0.05 0.18032786885245902 71.97402816 46.72402816 1
0.05 0.18032786885245902 71.97402816 46.72402816 1
21.3 0.19672131147540983 62.62202816 37.37202816 426
37.7 0.19672131147540983 53.884428160000006 28.634428160000006 754
54.15 0.19672131147540983 44.260428160000004 19.010428160000004 1083
63.8 0.19672131147540983 40.19962816 14.949628160000003 1276
72.5 0.21311475409836064 29.436428160000006 4.1864281600000055 1450
82.1 0.21311475409836064 27.97082816 2.72082816 1642
94.1 0.22950819672131148 24.004428160000003 -1.2455718399999967 1882
106.75 0.22950819672131148 23.809228160000007 -1.440771839999993 2135
112.15 0.22950819672131148 20.903628160000004 -4.346371839999996 2243
121.6 0.2459016393442623 14.607628159999997 -10.642371840000003 2432
154.95 0.2459016393442623 13.545228160000002 -11.704771839999998 3099
156.85 0.2459016393442623 12.06362816 -13.18637184 3137
165.75 0.2459016393442623 11.993228160000003 -13.256771839999997 3315
175.6 0.2459016393442623 10.383628159999997 -14.866371840000003 3512
181.0 0.26229508196721313 6.623628160000003 -18.626371839999997 3620
269.25 0.26229508196721313 6.391628160000003 -18.858371839999997 5385
329.1 0.2786885245901639 5.913228160000003 -19.336771839999997 6582
350.25 0.2786885245901639 5.778828160000003 -19.471171839999997 7005
368.4 0.2786885245901639 5.71002816 -19.53997184 7368
383.1 0.2786885245901639 4.287628160000001 -20.96237184 7662
472.5 0.29508196721311475 3.67802816 -21.57197184 9450
477.15 0.29508196721311475 2.9676281600000003 -22.28237184 9543
