% fevals/dim | frac | F - F_opt (-568.88) | best fitness | fevals
0.05 0.0 10716399.223101042 10715830.343101041 1
0.85 0.0 4108855.137074338 4108286.257074338 17
5.6 0.0 3559581.606101937 3559012.7261019372 112
13.45 0.0 2409126.033813088 2408557.1538130883 269
18.2 0.0 2062967.6095773596 2062398.7295773597 364
20.75 0.0 1644921.3064012555 1644352.4264012557 415
24.6 0.0 486647.2930500545 486078.4130500545 492
62.6 0.0 469962.476189619 469393.596189619 1252
76.85 0.0 469390.83332297293 468821.9533229729 1537
81.6 0.0 465636.2036992561 465067.3236992561 1632
86.05 0.0 446145.9758571756 445577.0958571756 1721
90.8 0.0 439401.5059642604 438832.62596426037 1816
138.3 0.0 427977.4161066449 427408.5361066449 2766
162.35 0.0 421074.96295561915 420506.08295561915 3247
176.3 0.0 420356.6037872475 419787.7237872475 3526
186.1 0.0 391058.7674565739 390489.8874565739 3722
233.6 0.0 389472.021966383 388903.141966383 4672
281.1 0.0 389463.92638048204 388895.04638048203 5622
323.75 0.0 377360.204930973 376791.324930973 6475
