% fevals/dim | frac | F - F_opt (-568.88) | best fitness | fevals
0.05 0.0 10716399.223101042 10715830.343101041 1
0.85 0.0 4108855.137074338 4108286.257074338 17
8.45 0.0 2862785.931781212 2862217.051781212 169
11.8 0.0 1799824.6959178133 1799255.8159178135 236
21.7 0.0 1387237.2446885423 1386668.3646885424 434
32.65 0.0 1383980.585334813 1383411.705334813 653
36.2 0.0 1118041.4083543643 1117472.5283543644 724
50.9 0.0 1069524.0642924244 1068955.1842924245 1018
55.85 0.0 627677.8788665072 627108.9988665072 1117
70.65 0.0 501460.02015540976 500891.14015540975 1413
76.95 0.0 495490.5663021366 494921.6863021366 1539
106.9 0.0 473314.5965724483 472745.7165724483 2138
111.6 0.0 433394.487403355 432825.607403355 2232
116.55 0.0 405156.080837541 404587.200837541 2331
120.25 0.0 387823.96472713386 387255.08472713386 2405
130.15 0.0 354653.81314004713 354084.9331400471 2603
156.15 0.0 352175.44229558413 351606.5622955841 3123
189.55 0.0 337430.8964958029 336862.0164958029 3791
205.65 0.0 335401.06870189426 334832.18870189425 4113
208.0 0.0 333586.36402120464 333017.48402120464 4160
230.4 0.0 325043.13985867065 324474.25985867064 4608
245.05 0.0 319524.44513351587 318955.56513351586 4901
250.45 0.0 310772.1747384564 310203.2947384564 5009
255.4 0.0 310437.9645829146 309869.0845829146 5108
266.2 0.0 303656.5952905295 303087.7152905295 5324
289.15 0.0 302041.86820427194 301472.98820427194 5783
307.0 0.0 293969.75285578205 293400.87285578204 6140
355.45 0.0 293923.49338780175 293354.61338780174 7109
361.4 0.0 290576.8070478142 290007.9270478142 7228
393.95 0.0 289476.8098307572 288907.9298307572 7879
410.9 0.0 289413.9083921576 288845.0283921576 8218
443.45 0.0 289163.26234072016 288594.38234072016 8869
468.2 0.0 289117.9842350641 288549.1042350641 9364
