% fevals/dim | frac | F - F_opt (92.94) | best fitness | fevals
0.05 0.06557377049180328 1756.5747510805509 1849.514751080551 1
2.0 0.08196721311475409 1171.2785682081717 1264.2185682081717 40
7.0 0.11475409836065574 567.1053062974158 660.0453062974159 140
10.1 0.11475409836065574 423.02969542001387 515.9696954200139 202
21.25 0.11475409836065574 412.37850219484255 505.31850219484255 425
30.05 0.13114754098360656 256.63867847008623 349.57867847008623 601
59.1 0.14754098360655737 184.98217302282535 277.92217302282535 1182
69.0 0.16393442622950818 153.67351448255275 246.61351448255274 1380
71.5 0.16393442622950818 150.05241355747816 242.99241355747816 1430
86.05 0.16393442622950818 121.4015038294057 214.3415038294057 1721
90.45 0.16393442622950818 119.7175349556772 212.6575349556772 1809
93.25 0.16393442622950818 119.52976535295045 212.46976535295045 1865
112.65 0.16393442622950818 102.5370154522123 195.4770154522123 2253
131.9 0.16393442622950818 100.34303976793058 193.28303976793057 2638
135.3 0.18032786885245902 89.9794420101585 182.9194420101585 2706
137.45 0.18032786885245902 86.50681915878971 179.4468191587897 2749
141.2 0.18032786885245902 74.04724005693589 166.9872400569359 2824
150.8 0.18032786885245902 72.50185958613906 165.44185958613906 3016
174.9 0.18032786885245902 64.66146383579274 157.60146383579274 3498
187.3 0.19672131147540983 57.67498450915326 150.61498450915326 3746
200.4 0.19672131147540983 52.99932395189043 145.93932395189043 4008
215.75 0.19672131147540983 43.475566504577216 136.4155665045772 4315
242.25 0.19672131147540983 42.9207053973478 135.8607053973478 4845
261.95 0.21311475409836064 30.616488205378587 123.55648820537859 5239
299.6 0.21311475409836064 30.19205123155315 123.13205123155315 5992
393.9 0.21311475409836064 27.185569081031645 120.12556908103164 7878
496.2 0.22950819672131148 20.562779937033213 113.50277993703321 9924
