% fevals/dim | frac | F - F_opt (-34.75) | best fitness | fevals
0.05 0.09836065573770492 704.0696690671978 669.3196690671978 1
0.05 0.09836065573770492 704.0696690671978 669.3196690671978 1
12.55 0.11475409836065574 587.1113946187929 552.3613946187929 251
19.25 0.11475409836065574 542.9758777550792 508.2258777550792 385
23.75 0.11475409836065574 537.4182333729399 502.6682333729399 475
29.35 0.11475409836065574 414.29372601848735 379.54372601848735 587
43.75 0.13114754098360656 382.7971175066534 348.0471175066534 875
50.45 0.13114754098360656 357.81506149187226 323.06506149187226 1009
59.3 0.13114754098360656 353.164157231221 318.414157231221 1186
63.85 0.13114754098360656 303.41532505546934 268.66532505546934 1277
80.75 0.13114754098360656 286.87827874182847 252.12827874182847 1615
87.45 0.13114754098360656 270.5992598053091 235.8492598053091 1749
157.8 0.13114754098360656 264.916758235875 230.16675823587502 3156
182.05 0.13114754098360656 255.85222789569798 221.10222789569798 3641
237.25 0.14754098360655737 242.95457840319426 208.20457840319426 4745
282.75 0.14754098360655737 229.21531948767148 194.46531948767148 5655
301.25 0.14754098360655737 210.00320091769947 175.25320091769947 6025
306.2 0.14754098360655737 209.72069845085468 174.97069845085468 6124
441.2 0.14754098360655737 187.02481567118838 152.27481567118838 8824
