% fevals/dim | frac | F - F_opt (92.94) | best fitness | fevals
0.05 0.06557377049180328 1756.5747510805509 1849.514751080551 1
3.45 0.09836065573770492 993.3777857027976 1086.3177857027977 69
4.35 0.11475409836065574 527.284189781097 620.224189781097 87
25.3 0.11475409836065574 442.40173416696945 535.3417341669694 506
34.1 0.11475409836065574 429.8196912753188 522.7596912753188 682
41.65 0.11475409836065574 407.9679051763563 500.9079051763563 833
43.4 0.14754098360655737 194.02022183631658 286.9602218363166 868
54.05 0.16393442622950818 154.95502099711874 247.89502099711873 1081
64.7 0.16393442622950818 134.55031544543078 227.49031544543078 1294
71.8 0.16393442622950818 111.44617810584839 204.3861781058484 1436
75.35 0.16393442622950818 101.64089563737025 194.58089563737025 1507
103.75 0.18032786885245902 85.71324655494101 178.653246554941 2075
146.35 0.18032786885245902 74.6371848523464 167.5771848523464 2927
192.6 0.19672131147540983 51.99592330425233 144.93592330425233 3852
260.05 0.19672131147540983 49.94033696250901 142.880336962509 5201
288.0 0.21311475409836064 37.78131219419771 130.7213121941977 5760
304.75 0.21311475409836064 35.679999098684675 128.61999909868467 6095
358.5 0.21311475409836064 31.149328757094906 124.0893287570949 7170
421.55 0.21311475409836064 29.068720080645306 122.0087200806453 8431
