% fevals/dim | frac | F - F_opt (-25.25) | best fitness | fevals
0.05 0.18032786885245902 71.97402816 46.72402816 1
0.05 0.18032786885245902 71.97402816 46.72402816 1
10.25 0.18032786885245902 69.33242815999999 44.08242815999999 205
16.55 0.18032786885245902 67.76762816 42.51762816 331
20.3 0.19672131147540983 46.833228160000004 21.583228160000004 406
28.55 0.19672131147540983 46.015628160000006 20.765628160000006 571
40.5 0.19672131147540983 42.53562816 17.28562816 810
43.35 0.21311475409836064 31.212428159999998 5.962428159999998 867
53.3 0.22950819672131148 25.081228160000002 -0.168771839999998 1066
56.05 0.22950819672131148 19.70042816 -5.549571839999999 1121
69.8 0.22950819672131148 18.48122816 -6.768771839999999 1396
89.05 0.22950819672131148 17.16922816 -8.08077184 1781
94.7 0.22950819672131148 16.990028160000005 -8.259971839999995 1894
98.55 0.22950819672131148 16.370828160000002 -8.879171839999998 1971
100.2 0.2459016393442623 14.065228160000002 -11.184771839999998 2004
109.25 0.2459016393442623 13.145228159999998 -12.104771840000002 2185
111.2 0.2459016393442623 12.114828160000002 -13.135171839999998 2224
114.4 0.2459016393442623 11.52922816 -13.72077184 2288
121.7 0.2459016393442623 11.350028159999999 -13.899971840000001 2434
124.45 0.2459016393442623 10.590028160000001 -14.659971839999999 2489
131.25 0.26229508196721313 9.86842816 -15.38157184 2625
134.0 0.26229508196721313 9.25882816 -15.99117184 2680
152.85 0.26229508196721313 8.22522816 -17.02477184 3057
158.4 0.26229508196721313 8.185228160000001 -17.06477184 3168
170.45 0.26229508196721313 8.105228160000003 -17.144771839999997 3409
178.1 0.26229508196721313 6.703628160000001 -18.54637184 3562
194.6 0.2786885245901639 5.622028159999999 -19.62797184 3892
231.7 0.2786885245901639 5.12762816 -20.12237184 4634
241.35 0.2786885245901639 4.986828160000002 -20.26317184 4827
244.3 0.2786885245901639 4.3580281600000035 -20.891971839999997 4886
257.85 0.29508196721311475 3.393228160000003 -21.856771839999997 5157
453.1 0.29508196721311475 3.252428160000001 -21.99757184 9062
