% fevals/dim | frac | F - F_opt (32.7) | best fitness | fevals
0.05 0.18032786885245902 87.29032794448968 119.99032794448968 1
0.8 0.19672131147540983 62.99609270564089 95.6960927056409 16
5.7 0.19672131147540983 43.970101100158146 76.67010110015815 114
7.65 0.19672131147540983 42.80374160030344 75.50374160030344 153
12.0 0.21311475409836064 30.880555925971464 63.58055592597147 240
15.7 0.21311475409836064 29.789260746798433 62.489260746798436 314
23.0 0.21311475409836064 26.216647091598595 58.9166470915986 460
27.9 0.22950819672131148 24.79017025141514 57.490170251415144 558
30.4 0.22950819672131148 23.122455037315433 55.822455037315436 608
34.45 0.22950819672131148 20.988534408328164 53.68853440832817 689
41.3 0.22950819672131148 18.439322552704823 51.139322552704826 826
46.95 0.2459016393442623 12.263795740710087 44.96379574071009 939
74.0 0.2459016393442623 11.439875419073438 44.13987541907344 1480
85.5 0.2459016393442623 11.181655788905694 43.8816557889057 1710
90.0 0.2459016393442623 10.092512119701766 42.79251211970177 1800
94.85 0.2459016393442623 10.058130221545646 42.75813022154565 1897
97.4 0.26229508196721313 9.997040830045755 42.69704083004576 1948
108.95 0.26229508196721313 6.846909465817305 39.54690946581731 2179
123.75 0.26229508196721313 6.716522895168495 39.4165228951685 2475
134.85 0.26229508196721313 6.458732763383814 39.15873276338382 2697
164.2 0.2786885245901639 5.877884791076099 38.5778847910761 3284
182.7 0.2786885245901639 5.790727715687652 38.490727715687655 3654
187.1 0.2786885245901639 5.750958414925918 38.45095841492592 3742
210.2 0.2786885245901639 5.696488093754446 38.39648809375445 4204
216.7 0.2786885245901639 5.434792291779033 38.134792291779036 4334
220.6 0.2786885245901639 5.429210818424096 38.1292108184241 4412
230.8 0.2786885245901639 4.519220790394819 37.21922079039482 4616
256.7 0.2786885245901639 4.510594290309712 37.210594290309714 5134
271.85 0.2786885245901639 4.465286345589902 37.165286345589905 5437
276.15 0.2786885245901639 4.434103665006887 37.13410366500689 5523
294.0 0.2786885245901639 4.191617588768679 36.89161758876868 5880
308.85 0.29508196721311475 3.8190884672194088 36.51908846721941 6177
344.55 0.29508196721311475 3.7027459967672485 36.40274599676725 6891
372.45 0.29508196721311475 3.6443220814905075 36.34432208149051 7449
393.7 0.29508196721311475 3.6261567219677246 36.32615672196773 7874
398.35 0.29508196721311475 3.4172273091243497 36.11722730912435 7967
422.0 0.29508196721311475 3.4033196853340257 36.10331968533403 8440
428.55 0.29508196721311475 3.036410835142462 35.736410835142465 8571
485.75 0.29508196721311475 2.9007371611625388 35.60073716116254 9715
