% fevals/dim | frac | F - F_opt (-568.88) | best fitness | fevals
0.05 0.0 10716399.223101042 10715830.343101041 1
0.85 0.0 4108855.137074338 4108286.257074338 17
5.65 0.0 3918188.6875675265 3917619.8075675266 113
9.9 0.0 3917371.7923219204 3916802.9123219205 198
14.15 0.0 3859279.8890731293 3858711.0090731294 283
17.75 0.0 1542799.9572337347 1542231.0772337348 355
26.25 0.0 1519058.9242306587 1518490.0442306588 525
33.05 0.0 1260586.4687111797 1260017.5887111798 661
37.3 0.0 1152772.4481665113 1152203.5681665114 746
45.8 0.0 572354.6845427509 571785.8045427509 916
80.75 0.0 531208.9224640876 530640.0424640876 1615
85.0 0.0 530058.75113295 529489.87113295 1700
92.55 0.0 444504.7506881757 443935.8706881757 1851
105.3 0.0 441054.0175458665 440485.1375458665 2106
109.55 0.0 439987.22678930726 439418.34678930725 2191
122.3 0.0 408681.3200657359 408112.4400657359 2446
139.3 0.0 375125.9804115209 374557.1004115209 2786
143.55 0.0 375009.1978458856 374440.3178458856 2871
207.3 0.0 374895.88079047645 374327.00079047645 4146
232.8 0.0 326229.7090408654 325660.8290408654 4656
292.3 0.0 315872.1114444841 315303.2314444841 5846
305.05 0.0 315812.6680332288 315243.7880332288 6101
339.05 0.0 312215.9290552782 311647.0490552782 6781
470.8 0.0 308749.4749446471 308180.5949446471 9416
