% fevals/dim | frac | F - F_opt (-39.43) | best fitness | fevals
0.05 0.19672131147540983 52.775889662616656 13.345889662616656 1
3.15 0.19672131147540983 47.40881627454537 7.978816274545373 63
11.65 0.21311475409836064 34.61489800409807 -4.815101995901927 233
24.65 0.21311475409836064 32.97489569464904 -6.455104305350957 493
27.8 0.22950819672131148 24.701877727516482 -14.728122272483517 556
37.9 0.22950819672131148 19.651048295938658 -19.778951704061342 758
50.0 0.22950819672131148 19.323268779925993 -20.106731220074007 1000
55.8 0.22950819672131148 19.28322115907923 -20.14677884092077 1116
65.55 0.22950819672131148 18.232746708384965 -21.197253291615034 1311
75.5 0.22950819672131148 17.24545557763047 -22.18454442236953 1510
88.85 0.22950819672131148 16.719141344840846 -22.710858655159154 1777
93.95 0.2459016393442623 15.69759884396532 -23.73240115603468 1879
98.2 0.2459016393442623 15.174252563217689 -24.25574743678231 1964
107.35 0.2459016393442623 13.396437065020336 -26.033562934979663 2147
149.85 0.2459016393442623 13.21583829400743 -26.21416170599257 2997
162.45 0.2459016393442623 12.711552654911031 -26.71844734508897 3249
190.2 0.2459016393442623 12.303949945792574 -27.126050054207425 3804
251.7 0.2459016393442623 11.99455419879449 -27.43544580120551 5034
298.05 0.2459016393442623 11.84331197139668 -27.58668802860332 5961
343.3 0.2459016393442623 11.042687158597474 -28.387312841402526 6866
351.8 0.2459016393442623 10.697158571908197 -28.732841428091803 7036
436.8 0.2459016393442623 10.44807328280529 -28.98192671719471 8736
496.3 0.2459016393442623 10.37289074216254 -29.05710925783746 9926
