% fevals/dim | frac | F - F_opt (-34.75) | best fitness | fevals
0.05 0.09836065573770492 704.0696690671978 669.3196690671978 1
0.05 0.09836065573770492 704.0696690671978 669.3196690671978 1
17.95 0.09836065573770492 634.8205530352282 600.0705530352282 359
32.95 0.11475409836065574 496.92573116279334 462.17573116279334 659
74.75 0.11475409836065574 426.7871180608872 392.0371180608872 1495
122.7 0.11475409836065574 408.88638798763606 374.13638798763606 2454
138.2 0.13114754098360656 378.24795944510544 343.49795944510544 2764
183.65 0.13114754098360656 368.519457931221 333.769457931221 3673
218.75 0.13114754098360656 331.4460573740472 296.6960573740472 4375
254.85 0.13114754098360656 309.75317841899584 275.00317841899584 5097
278.15 0.13114754098360656 294.7048836258001 259.9548836258001 5563
288.45 0.13114754098360656 286.40362615468047 251.65362615468047 5769
369.85 0.13114754098360656 266.45685809242036 231.70685809242036 7397
391.4 0.13114754098360656 252.18573730432462 217.43573730432462 7828
481.35 0.14754098360655737 251.05364303855794 216.30364303855794 9627
496.75 0.14754098360655737 243.807431482217 209.057431482217 9935
