% fevals/dim | frac | F - F_opt (-39.43) | best fitness | fevals
0.05 0.19672131147540983 52.775889662616656 13.345889662616656 1
0.05 0.19672131147540983 52.775889662616656 13.345889662616656 1
5.0 0.19672131147540983 51.62021343151442 12.190213431514422 100
5.05 0.19672131147540983 44.8241697137872 5.3941697137872 101
9.6 0.19672131147540983 42.03004233780195 2.600042337801952 192
12.5 0.21311475409836064 32.9280541506265 -6.501945849373499 250
15.95 0.21311475409836064 26.794390985487375 -12.635609014512625 319
18.45 0.21311475409836064 25.814377518212382 -13.615622481787618 369
23.45 0.22950819672131148 22.903186400358507 -16.526813599641493 469
28.45 0.22950819672131148 18.462091238017216 -20.967908761982784 569
52.9 0.22950819672131148 16.48597413846027 -22.94402586153973 1058
61.05 0.22950819672131148 16.247331345936537 -23.182668654063463 1221
68.55 0.22950819672131148 16.142390130800745 -23.287609869199255 1371
95.4 0.2459016393442623 15.633219918407583 -23.796780081592416 1908
116.05 0.2459016393442623 15.475936442516605 -23.954063557483394 2321
135.95 0.2459016393442623 14.524672129974142 -24.905327870025857 2719
167.05 0.2459016393442623 14.015015901970749 -25.41498409802925 3341
192.05 0.2459016393442623 13.82754308046983 -25.60245691953017 3841
200.4 0.2459016393442623 13.451558344350694 -25.978441655649306 4008
212.9 0.2459016393442623 13.041408148169374 -26.388591851830626 4258
288.45 0.2459016393442623 12.661490130214482 -26.768509869785518 5769
367.2 0.2459016393442623 12.187291981764922 -27.242708018235078 7344
