% fevals/dim | frac | F - F_opt (-34.75) | best fitness | fevals
0.05 0.09836065573770492 704.0696690671978 669.3196690671978 1
0.05 0.09836065573770492 704.0696690671978 669.3196690671978 1
6.15 0.11475409836065574 499.1628668387933 464.4128668387933 123
20.35 0.11475409836065574 456.4874288174102 421.7374288174102 407
36.35 0.11475409836065574 434.81410045703194 400.06410045703194 727
46.95 0.11475409836065574 427.7949227998479 393.0449227998479 939
50.75 0.13114754098360656 375.63376813136705 340.88376813136705 1015
69.25 0.13114754098360656 343.3046154007707 308.5546154007707 1385
77.35 0.13114754098360656 322.5742601628132 287.8242601628132 1547
99.8 0.13114754098360656 296.8215592017108 262.0715592017108 1996
136.7 0.13114754098360656 284.0117917929973 249.26179179299731 2734
149.0 0.13114754098360656 282.955581632477 248.205581632477 2980
172.0 0.13114754098360656 266.9659823341077 232.2159823341077 3440
186.1 0.14754098360655737 200.3261658921724 165.5761658921724 3722
