% fevals/dim | frac | F - F_opt (-568.88) | best fitness | fevals
0.05 0.0 10716399.223101042 10715830.343101041 1
0.85 0.0 4108855.137074338 4108286.257074338 17
10.15 0.0 1623579.7273819256 1623010.8473819257 203
20.35 0.0 1621354.6502468518 1620785.770246852 407
43.5 0.0 1136855.9999461095 1136287.1199461096 870
48.6 0.0 1136477.208413983 1135908.328413983 972
56.0 0.0 856419.9426509144 855851.0626509144 1120
59.1 0.0 419146.73306716076 418577.85306716076 1182
89.7 0.0 374902.90659803094 374334.02659803093 1794
121.15 0.0 369829.88738011 369261.00738011 2423
172.15 0.0 359472.28978372866 358903.40978372865 3443
182.35 0.0 359302.5038926862 358733.6238926862 3647
205.7 0.0 349967.058593735 349398.178593735 4114
223.15 0.0 297783.7878248883 297214.9078248883 4463
233.35 0.0 297774.30849538057 297205.42849538056 4667
243.55 0.0 292954.16476714174 292385.28476714174 4871
258.85 0.0 292181.96690898755 291613.08690898755 5177
299.65 0.0 292036.5047031285 291467.6247031285 5993
304.75 0.0 291971.0569084342 291402.1769084342 6095
314.95 0.0 288996.65394888003 288427.77394888 6299
340.45 0.0 288988.7388254108 288419.8588254108 6809
422.05 0.0 288969.1242550091 288400.2442550091 8441
448.05 0.0 288939.73540297477 288370.85540297476 8961
452.9 0.0 288903.2150309117 288334.3350309117 9058
484.4 0.0 288665.83165789157 288096.95165789156 9688
493.45 0.0 288508.01568982034 287939.13568982034 9869
