% fevals/dim | frac | F - F_opt (-34.75) | best fitness | fevals
0.05 0.09836065573770492 704.0696690671978 669.3196690671978 1
0.05 0.09836065573770492 704.0696690671978 669.3196690671978 1
5.4 0.11475409836065574 576.38872708205 541.63872708205 108
11.5 0.11475409836065574 506.30971832972045 471.55971832972045 230
14.55 0.11475409836065574 431.5599541767034 396.8099541767034 291
17.6 0.11475409836065574 424.2252661511476 389.4752661511476 352
32.8 0.13114754098360656 386.81904421501474 352.06904421501474 656
45.05 0.13114754098360656 346.8127633118608 312.0627633118608 901
86.25 0.13114754098360656 312.9245069675164 278.1745069675164 1725
113.55 0.13114754098360656 309.2338701471076 274.4838701471076 2271
116.6 0.13114754098360656 262.27105213856663 227.52105213856663 2332
191.45 0.13114754098360656 259.1169564900368 224.36695649003678 3829
209.75 0.13114754098360656 257.3779809423209 222.6279809423209 4195
225.0 0.14754098360655737 244.47720983587138 209.72720983587138 4500
270.6 0.14754098360655737 242.94819449002713 208.19819449002713 5412
272.75 0.14754098360655737 222.43946017114666 187.68946017114666 5455
423.95 0.14754098360655737 219.20440061480116 184.45440061480116 8479
