% fevals/dim | frac | F - F_opt (-34.75) | best fitness | fevals
0.05 0.09836065573770492 704.0696690671978 669.3196690671978 1
0.05 0.09836065573770492 704.0696690671978 669.3196690671978 1
7.55 0.09836065573770492 648.6689505464697 613.9189505464697 151
13.6 0.11475409836065574 432.7799447005632 398.0299447005632 272
17.35 0.11475409836065574 428.37369603643344 393.62369603643344 347
40.25 0.13114754098360656 384.3783207327315 349.6283207327315 805
60.4 0.13114754098360656 357.0555546256048 322.3055546256048 1208
72.75 0.13114754098360656 341.86492997125094 307.11492997125094 1455
86.75 0.13114754098360656 326.1745392266731 291.4245392266731 1735
93.0 0.13114754098360656 321.5604274864437 286.8104274864437 1860
107.55 0.13114754098360656 320.5070466747477 285.7570466747477 2151
111.25 0.13114754098360656 313.0605383221498 278.3105383221498 2225
116.0 0.13114754098360656 310.73923429487274 275.98923429487274 2320
118.6 0.13114754098360656 303.01790081211607 268.26790081211607 2372
123.5 0.13114754098360656 301.8428846226123 267.0928846226123 2470
126.25 0.13114754098360656 266.1462548474075 231.39625484740748 2525
198.95 0.13114754098360656 262.02425570752155 227.27425570752155 3979
248.45 0.13114754098360656 257.6882385092411 222.9382385092411 4969
286.45 0.14754098360655737 250.52963818192308 215.77963818192308 5729
288.95 0.14754098360655737 219.90568596122444 185.15568596122444 5779
