% fevals/dim | frac | F - F_opt (-223.12) | best fitness | fevals
0.05 0.22950819672131148 22.10043326114112 -201.01956673885888 1
2.7 0.2786885245901639 4.527137529823307 -218.5928624701767 54
5.45 0.2786885245901639 4.133751626972668 -218.98624837302734 109
33.05 0.2786885245901639 4.124986524554345 -218.99501347544566 661
59.5 0.29508196721311475 3.808370532833294 -219.3116294671667 1190
83.6 0.29508196721311475 3.7024990290875053 -219.4175009709125 1672
152.65 0.29508196721311475 3.608449947409099 -219.5115500525909 3053
158.5 0.29508196721311475 3.4471330573667274 -219.67286694263328 3170
183.8 0.29508196721311475 3.3020281988073066 -219.8179718011927 3676
217.6 0.29508196721311475 3.190482128780843 -219.92951787121916 4352
462.05 0.29508196721311475 2.718798748617985 -220.40120125138202 9241
