% fevals/dim | frac | F - F_opt (92.94) | best fitness | fevals
0.05 0.06557377049180328 1756.5747510805509 1849.514751080551 1
2.0 0.08196721311475409 1171.2785682081717 1264.2185682081717 40
5.0 0.08196721311475409 1124.1435600160153 1217.0835600160153 100
6.8 0.08196721311475409 1025.942874032195 1118.882874032195 136
11.15 0.09836065573770492 960.2121396800271 1053.1521396800272 223
13.3 0.09836065573770492 858.0660838607714 951.0060838607715 266
19.15 0.11475409836065574 628.9236944876891 721.8636944876891 383
25.15 0.11475409836065574 508.05717037787605 600.997170377876 503
35.15 0.11475409836065574 484.4977434886585 577.4377434886585 703
38.15 0.11475409836065574 469.5111486531587 562.4511486531587 763
41.15 0.11475409836065574 466.3921657962654 559.3321657962654 823
43.15 0.13114754098360656 357.30146341299314 450.24146341299314 863
52.15 0.13114754098360656 332.9711319367258 425.9111319367258 1043
57.1 0.13114754098360656 271.158141010979 364.098141010979 1142
72.35 0.13114754098360656 263.5337357520337 356.4737357520337 1447
76.5 0.14754098360655737 246.18356832428344 339.12356832428344 1530
80.75 0.14754098360655737 233.37403492567898 326.314034925679 1615
83.55 0.14754098360655737 226.6727419554822 319.6127419554822 1671
86.9 0.14754098360655737 205.27310568044237 298.21310568044237 1738
91.15 0.14754098360655737 188.34526814685165 281.28526814685165 1823
93.6 0.14754098360655737 173.3094883139155 266.2494883139155 1872
96.6 0.16393442622950818 139.95799813781431 232.8979981378143 1932
107.9 0.16393442622950818 114.79071422472873 207.73071422472873 2158
122.9 0.16393442622950818 113.27103912497506 206.21103912497506 2458
129.35 0.18032786885245902 88.97478728256607 181.91478728256607 2587
155.1 0.18032786885245902 66.55530139007624 159.49530139007624 3102
164.1 0.18032786885245902 63.784141934039894 156.7241419340399 3282
188.1 0.19672131147540983 58.83089101087219 151.7708910108722 3762
198.0 0.19672131147540983 58.353003754213745 151.29300375421374 3960
206.1 0.19672131147540983 47.02781761659429 139.9678176165943 4122
251.1 0.19672131147540983 43.36585071952754 136.30585071952754 5022
263.9 0.21311475409836064 38.62088215617922 131.56088215617922 5278
264.8 0.21311475409836064 31.838426270507924 124.77842627050792 5296
329.9 0.21311475409836064 25.555285446351377 118.49528544635137 6598
362.9 0.22950819672131148 20.98986500980955 113.92986500980955 7258
368.9 0.22950819672131148 19.619696226915053 112.55969622691505 7378
389.9 0.22950819672131148 19.120649180652592 112.06064918065259 7798
