% fevals/dim | frac | F - F_opt (-568.88) | best fitness | fevals
0.05 0.0 10716399.223101042 10715830.343101041 1
0.85 0.0 4108855.137074338 4108286.257074338 17
4.7 0.0 3258790.768475313 3258221.8884753133 94
7.5 0.0 3258174.6130127306 3257605.7330127307 150
9.55 0.0 2137033.858071735 2136464.9780717352 191
14.75 0.0 1198272.9305818803 1197704.0505818804 295
39.95 0.0 617121.1610592534 616552.2810592534 799
53.95 0.0 605767.3541781702 605198.4741781702 1079
58.7 0.0 458366.64866849716 457797.76866849716 1174
61.7 0.0 353851.0942884585 353282.2142884585 1234
84.1 0.0 353849.22252870724 353280.34252870723 1682
99.85 0.0 326317.87343244674 325748.99343244673 1997
108.25 0.0 324223.4933371213 323654.6133371213 2165
133.45 0.0 322801.58359660034 322232.70359660033 2669
138.6 0.0 307724.9111402087 307156.0311402087 2772
145.65 0.0 296690.69119042845 296121.81119042845 2913
162.45 0.0 296057.17083404155 295488.29083404155 3249
168.05 0.0 294792.3215092584 294223.4415092584 3361
170.85 0.0 294785.81149092247 294216.93149092246 3417
181.3 0.0 289039.5961899605 288470.7161899605 3626
212.1 0.0 289007.05743676226 288438.17743676226 4242
220.5 0.0 288680.2573431699 288111.3773431699 4410
242.9 0.0 288665.43023079756 288096.55023079755 4858
266.1 0.0 288565.4160192372 287996.5360192372 5322
274.5 0.0 288551.29682764027 287982.41682764026 5490
346.25 0.0 288545.9276827001 287977.0476827001 6925
354.65 0.0 288476.00266438455 287907.12266438454 7093
363.05 0.0 288465.6540929533 287896.7740929533 7261
382.65 0.0 288461.72517850983 287892.84517850983 7653
497.45 0.0 288458.56324897223 287889.68324897223 9949
