% fevals/dim | frac | F - F_opt (32.7) | best fitness | fevals
0.05 0.18032786885245902 87.29032794448968 119.99032794448968 1
0.8 0.19672131147540983 62.99609270564089 95.6960927056409 16
4.1 0.21311475409836064 32.34770530279059 65.04770530279059 82
7.4 0.21311475409836064 29.854367536766745 62.55436753676675 148
10.7 0.21311475409836064 26.441033833485562 59.141033833485565 214
14.0 0.22950819672131148 18.146171471399583 50.846171471399586 280
17.3 0.2459016393442623 12.747409078058865 45.44740907805887 346
43.7 0.2459016393442623 12.116950468154812 44.816950468154815 874
117.6 0.2459016393442623 12.04175920482092 44.74175920482092 2352
119.6 0.2459016393442623 11.942635030663936 44.64263503066394 2392
125.4 0.26229508196721313 9.926119828786923 42.626119828786926 2508
143.45 0.26229508196721313 9.246005504716479 41.94600550471648 2869
150.05 0.26229508196721313 9.015137281466082 41.715137281466085 3001
173.15 0.26229508196721313 8.00221234229491 40.702212342294914 3463
176.45 0.26229508196721313 7.5826833547892605 40.28268335478926 3529
179.75 0.26229508196721313 7.11055526654512 39.81055526654512 3595
189.65 0.2786885245901639 5.950567478430543 38.650567478430546 3793
273.9 0.2786885245901639 5.332006843303333 38.032006843303336 5478
296.75 0.2786885245901639 5.1359744352090075 37.83597443520901 5935
300.05 0.2786885245901639 4.300224636991501 37.000224636991504 6001
341.3 0.29508196721311475 3.7560195980857074 36.45601959808571 6826
348.55 0.29508196721311475 3.158867803574978 35.85886780357498 6971
371.65 0.29508196721311475 2.523950636796833 35.223950636796836 7433
398.05 0.3114754098360656 2.084298079578957 34.78429807957896 7961
476.15 0.3114754098360656 1.9735018802944708 34.673501880294474 9523
480.65 0.3114754098360656 1.8303021369793342 34.53030213697934 9613
