% fevals/dim | frac | F - F_opt (-568.88) | best fitness | fevals
0.05 0.0 10716399.223101042 10715830.343101041 1
0.85 0.0 4108855.137074338 4108286.257074338 17
4.0 0.0 4072908.7488400466 4072339.8688400467 80
13.95 0.0 3470943.5744739403 3470374.6944739404 279
16.4 0.0 2713135.925896378 2712567.045896378 328
18.95 0.0 2687780.3617748558 2687211.481774856 379
20.25 0.0 2079571.8353230883 2079002.9553230884 405
24.95 0.0 1715116.545867127 1714547.665867127 499
30.65 0.0 1598615.5222377004 1598046.6422377005 613
35.35 0.0 886800.9282466534 886232.0482466534 707
38.2 0.0 841059.2393559392 840490.3593559392 764
41.05 0.0 734653.9385851074 734085.0585851074 821
53.45 0.0 649450.658502142 648881.7785021419 1069
58.7 0.0 621877.0734868504 621308.1934868504 1174
61.55 0.0 621821.5063289844 621252.6263289844 1231
70.1 0.0 591018.7354283701 590449.8554283701 1402
81.25 0.0 546707.9172392488 546139.0372392487 1625
93.35 0.0 494452.0052106127 493883.1252106127 1867
95.65 0.0 486749.386955747 486180.50695574697 1913
113.75 0.0 455765.0372399415 455196.1572399415 2275
118.7 0.0 424523.5748868245 423954.6948868245 2374
153.75 0.0 405399.78366078535 404830.90366078535 3075
163.0 0.0 387787.18742177624 387218.30742177623 3260
176.35 0.0 368696.2229159613 368127.3429159613 3527
179.9 0.0 362440.8059125258 361871.9259125258 3598
196.5 0.0 350806.43714680395 350237.55714680394 3930
210.75 0.0 341184.94830011495 340616.06830011494 4215
213.4 0.0 338492.3780028856 337923.4980028856 4268
253.35 0.0 337229.12456479506 336660.24456479505 5067
256.15 0.0 333930.0151030836 333361.1351030836 5123
269.35 0.0 327321.8769108605 326752.9969108605 5387
273.95 0.0 327188.6196143632 326619.7396143632 5479
276.8 0.0 318978.1951125916 318409.3151125916 5536
291.05 0.0 317735.3636526142 317166.4836526142 5821
331.85 0.0 314372.8056205454 313803.9256205454 6637
344.95 0.0 312075.1344826558 311506.2544826558 6899
350.65 0.0 311641.1362930054 311072.25629300537 7013
370.95 0.0 311573.1245678787 311004.2445678787 7419
375.65 0.0 311516.4959054966 310947.6159054966 7513
377.55 0.0 311246.3476918537 310677.4676918537 7551
393.4 0.0 310287.4106509685 309718.5306509685 7868
396.25 0.0 309942.2687155089 309373.3887155089 7925
421.9 0.0 309856.4008044546 309287.5208044546 8438
426.3 0.0 309436.80371806823 308867.9237180682 8526
446.25 0.0 309263.032768743 308694.152768743 8925
478.9 0.0 309192.1385274475 308623.25852744747 9578
