% fevals/dim | frac | F - F_opt (-568.88) | best fitness | fevals
0.05 0.0 10716399.223101042 10715830.343101041 1
0.85 0.0 4108855.137074338 4108286.257074338 17
9.7 0.0 2614666.224279931 2614097.344279931 194
10.75 0.0 1233539.968029842 1232971.0880298421 215
35.75 0.0 1202551.8052032203 1201982.9252032205 715
50.75 0.0 1202531.3476734895 1201962.4676734896 1015
55.75 0.0 1193112.2867212498 1192543.40672125 1115
65.8 0.0 592466.8328422836 591897.9528422836 1316
70.8 0.0 554188.4735747217 553619.5935747217 1416
75.8 0.0 554177.5570888941 553608.6770888941 1516
80.8 0.0 546447.924632799 545879.044632799 1616
85.8 0.0 540500.8466391901 539931.9666391901 1716
95.8 0.0 540475.7011612229 539906.8211612229 1916
100.8 0.0 539003.917682352 538435.037682352 2016
105.8 0.0 512705.70490139787 512136.82490139786 2116
111.65 0.0 355466.577535475 354897.697535475 2233
171.65 0.0 355320.4623500012 354751.5823500012 3433
241.65 0.0 351929.1332398689 351360.2532398689 4833
261.65 0.0 344472.3288570684 343903.4488570684 5233
281.65 0.0 344410.7847282017 343841.9047282017 5633
371.65 0.0 344297.4676727926 343728.5876727926 7433
423.2 0.0 336163.7157443691 335594.8357443691 8464
