% fevals/dim | frac | F - F_opt (-34.75) | best fitness | fevals
0.05 0.09836065573770492 704.0696690671978 669.3196690671978 1
0.05 0.09836065573770492 704.0696690671978 669.3196690671978 1
4.85 0.11475409836065574 594.5552545312887 559.8052545312887 97
19.85 0.11475409836065574 526.7753524893196 492.02535248931963 397
20.3 0.11475409836065574 404.1571275535004 369.4071275535004 406
27.8 0.13114754098360656 393.4817390733118 358.7317390733118 556
50.4 0.13114754098360656 367.9246865205522 333.1746865205522 1008
55.3 0.13114754098360656 307.7200390656713 272.9700390656713 1106
57.8 0.13114754098360656 291.69391194987645 256.94391194987645 1156
84.75 0.14754098360655737 230.03853063717486 195.28853063717486 1695
133.2 0.14754098360655737 205.41539337755813 170.66539337755813 2664
183.3 0.14754098360655737 202.66553919012648 167.91553919012648 3666
279.05 0.14754098360655737 186.63083480306386 151.88083480306386 5581
