% fevals/dim | frac | F - F_opt (-34.75) | best fitness | fevals
0.05 0.09836065573770492 704.0696690671978 669.3196690671978 1
0.05 0.09836065573770492 704.0696690671978 669.3196690671978 1
5.45 0.09836065573770492 655.4757004330442 620.7257004330442 109
8.4 0.09836065573770492 650.5613049488841 615.8113049488841 168
11.35 0.11475409836065574 596.2994102692453 561.5494102692453 227
17.1 0.11475409836065574 467.4919549261523 432.7419549261523 342
25.95 0.11475409836065574 435.5979535496865 400.8479535496865 519
43.65 0.11475409836065574 417.2562841281115 382.5062841281115 873
282.6 0.11475409836065574 416.0592570697819 381.3092570697819 5652
