% fevals/dim | frac | F - F_opt (32.7) | best fitness | fevals
0.05 0.18032786885245902 87.29032794448968 119.99032794448968 1
0.8 0.19672131147540983 62.99609270564089 95.6960927056409 16
3.75 0.19672131147540983 42.157670497176625 74.85767049717663 75
12.6 0.21311475409836064 29.206500894296703 61.906500894296705 252
15.55 0.22950819672131148 24.89755105530483 57.597551055304834 311
27.35 0.22950819672131148 23.839285455620377 56.53928545562038 547
32.35 0.22950819672131148 18.953705600295166 51.65370560029517 647
39.0 0.2459016393442623 13.961610083912724 46.66161008391273 780
41.95 0.2459016393442623 13.712093214919783 46.412093214919786 839
56.7 0.2459016393442623 12.199796992805652 44.899796992805655 1134
62.6 0.2459016393442623 11.72205409096324 44.42205409096324 1252
80.3 0.2459016393442623 11.074869674107198 43.7748696741072 1606
129.7 0.2459016393442623 11.008103622033197 43.7081036220332 2594
133.4 0.2459016393442623 10.978358760447946 43.67835876044795 2668
144.65 0.2459016393442623 10.868726871367699 43.5687268713677 2893
151.95 0.2459016393442623 10.855450011128454 43.55545001112846 3039
171.75 0.2459016393442623 10.843050397541298 43.5430503975413 3435
204.3 0.2459016393442623 10.652935605982414 43.35293560598242 4086
211.5 0.2459016393442623 10.178591766748525 42.87859176674853 4230
218.35 0.2459016393442623 10.123477477926627 42.82347747792663 4367
226.85 0.26229508196721313 9.95808260202206 42.65808260202206 4537
238.55 0.26229508196721313 9.481929494289254 42.18192949428926 4771
250.35 0.26229508196721313 9.17296042589328 41.87296042589328 5007
267.9 0.26229508196721313 8.999239727039537 41.69923972703954 5358
288.7 0.26229508196721313 8.35441644696256 41.05441644696256 5774
380.15 0.26229508196721313 8.335803734141535 41.03580373414154 7603
491.1 0.26229508196721313 8.239433225179596 40.9394332251796 9822
