% fevals/dim | frac | F - F_opt (-34.75) | best fitness | fevals
0.05 0.09836065573770492 704.0696690671978 669.3196690671978 1
0.05 0.09836065573770492 704.0696690671978 669.3196690671978 1
9.65 0.09836065573770492 703.3074956869971 668.5574956869971 193
14.05 0.11475409836065574 610.1995253183003 575.4495253183003 281
21.05 0.11475409836065574 444.4993798009957 409.7493798009957 421
51.75 0.13114754098360656 375.04719795924404 340.29719795924404 1035
73.2 0.13114754098360656 350.20850478049334 315.45850478049334 1464
86.35 0.13114754098360656 292.7179785348348 257.9679785348348 1727
93.95 0.13114754098360656 278.9516224296182 244.20162242961823 1879
133.7 0.13114754098360656 262.59460148997385 227.84460148997385 2674
193.45 0.14754098360655737 217.5188625031151 182.7688625031151 3869
257.7 0.14754098360655737 202.24646644878925 167.49646644878925 5154
472.8 0.14754098360655737 200.67787638161784 165.92787638161784 9456
