% fevals/dim | frac | F - F_opt (32.7) | best fitness | fevals
0.05 0.18032786885245902 87.29032794448968 119.99032794448968 1
3.85 0.19672131147540983 49.95597391558795 82.65597391558795 77
8.5 0.19672131147540983 45.809909433678925 78.50990943367893 170
12.85 0.21311475409836064 31.305486948324514 64.00548694832452 257
17.0 0.21311475409836064 28.696442768269414 61.39644276826942 340
21.65 0.21311475409836064 25.645497705905655 58.34549770590566 433
35.6 0.22950819672131148 23.334124835018883 56.034124835018886 712
43.9 0.22950819672131148 17.97047117300542 50.670471173005424 878
58.95 0.22950819672131148 17.92262427505201 50.62262427505201 1179
67.15 0.2459016393442623 15.296702647319982 47.996702647319985 1343
90.4 0.2459016393442623 15.12828724718716 47.82828724718716 1808
95.05 0.2459016393442623 12.808657993803443 45.508657993803446 1901
99.7 0.2459016393442623 12.45788959611334 45.15788959611334 1994
129.85 0.2459016393442623 12.306420988990688 45.00642098899069 2597
134.5 0.2459016393442623 12.203104789482403 44.903104789482406 2690
139.15 0.2459016393442623 10.095230154508272 42.795230154508275 2783
158.1 0.26229508196721313 8.789265314019516 41.48926531401952 3162
166.0 0.26229508196721313 8.554262793954436 41.25426279395444 3320
179.95 0.26229508196721313 8.119428645276102 40.819428645276105 3599
194.15 0.26229508196721313 7.856607211832269 40.55660721183227 3883
204.25 0.26229508196721313 6.988896400279515 39.68889640027952 4085
214.45 0.26229508196721313 6.806295245591933 39.506295245591936 4289
222.85 0.2786885245901639 6.275178968529154 38.97517896852916 4457
227.5 0.2786885245901639 6.268182386087304 38.96818238608731 4550
232.15 0.2786885245901639 6.189679988695595 38.8896799886956 4643
246.1 0.2786885245901639 5.965131763357562 38.665131763357564 4922
250.75 0.2786885245901639 5.9163314770505195 38.61633147705052 5015
275.45 0.2786885245901639 5.573364926386063 38.273364926386066 5509
282.25 0.2786885245901639 5.5649511305004395 38.26495113050044 5645
287.95 0.2786885245901639 5.561590634962606 38.26159063496261 5759
296.2 0.2786885245901639 5.171076691840497 37.8710766918405 5924
301.9 0.2786885245901639 4.770068068390337 37.47006806839034 6038
320.5 0.2786885245901639 4.4505314000181855 37.15053140001819 6410
353.05 0.2786885245901639 4.327572078535638 37.02757207853564 7061
376.45 0.2786885245901639 4.232397219610753 36.932397219610756 7529
404.9 0.29508196721311475 3.8719756825713816 36.571975682571384 8098
409.55 0.29508196721311475 3.562167006079193 36.262167006079196 8191
423.65 0.29508196721311475 3.2906673311673984 35.9906673311674 8473
433.2 0.29508196721311475 3.215115389764861 35.915115389764864 8664
440.1 0.29508196721311475 3.1218716706902967 35.8218716706903 8802
488.6 0.29508196721311475 2.860998910502339 35.56099891050234 9772
493.25 0.29508196721311475 2.671809058835123 35.371809058835126 9865
