% fevals/dim | frac | F - F_opt (32.7) | best fitness | fevals
0.05 0.18032786885245902 87.29032794448968 119.99032794448968 1
0.8 0.19672131147540983 62.99609270564089 95.6960927056409 16
3.5 0.19672131147540983 56.6237932288483 89.3237932288483 70
7.25 0.19672131147540983 49.74889270184913 82.44889270184913 145
8.9 0.21311475409836064 34.33680443039175 67.03680443039175 178
19.7 0.21311475409836064 34.257681167471546 66.95768116747155 394
22.8 0.21311475409836064 30.341225606615993 63.041225606615996 456
24.95 0.21311475409836064 29.263328324152283 61.963328324152286 499
33.05 0.21311475409836064 26.889270066243796 59.5892700662438 661
35.55 0.2459016393442623 14.521065339080977 47.22106533908098 711
44.8 0.2459016393442623 13.038075282316 45.738075282316004 896
52.9 0.2459016393442623 11.314515871900596 44.0145158719006 1058
67.95 0.26229508196721313 7.602487208527215 40.30248720852722 1359
81.45 0.26229508196721313 7.599523158435304 40.299523158435306 1629
98.8 0.26229508196721313 7.431789095257031 40.131789095257034 1976
124.65 0.26229508196721313 7.1725649599882 39.8725649599882 2493
135.1 0.2786885245901639 5.983443420105864 38.68344342010587 2702
145.9 0.2786885245901639 5.056058447710313 37.756058447710316 2918
164.8 0.2786885245901639 4.768889245097846 37.46888924509785 3296
181.2 0.2786885245901639 4.18537725987877 36.88537725987877 3624
189.3 0.29508196721311475 3.2671474777870557 35.96714747778706 3786
200.1 0.29508196721311475 3.1924941961367352 35.89249419613674 4002
219.0 0.29508196721311475 2.7451119612649464 35.44511196126495 4380
229.8 0.3114754098360656 2.141211502480104 34.84121150248011 4596
281.1 0.3114754098360656 1.7783186007199205 34.47831860071992 5622
308.1 0.32786885245901637 1.1704397866159582 33.87043978661596 6162
