% fevals/dim | frac | F - F_opt (-34.75) | best fitness | fevals
0.05 0.09836065573770492 704.0696690671978 669.3196690671978 1
0.05 0.09836065573770492 704.0696690671978 669.3196690671978 1
2.6 0.11475409836065574 505.4990882288669 470.7490882288669 52
30.1 0.11475409836065574 482.9120100785261 448.1620100785261 602
32.75 0.11475409836065574 448.1433182694092 413.3933182694092 655
37.75 0.13114754098360656 383.99554863000037 349.24554863000037 755
42.75 0.13114754098360656 370.9711654645091 336.2211654645091 855
49.1 0.13114754098360656 309.21994031897674 274.46994031897674 982
68.3 0.13114754098360656 292.659674749327 257.909674749327 1366
82.2 0.13114754098360656 274.52392540829334 239.77392540829334 1644
99.7 0.13114754098360656 273.96180046011676 239.21180046011676 1994
109.7 0.13114754098360656 260.7870244340234 226.0370244340234 2194
119.7 0.14754098360655737 245.98349160619364 211.23349160619364 2394
149.05 0.14754098360655737 240.41396344046936 205.66396344046936 2981
156.45 0.14754098360655737 213.28451769336124 178.53451769336124 3129
202.0 0.14754098360655737 209.00431955883846 174.25431955883846 4040
227.5 0.14754098360655737 206.84571028615028 172.09571028615028 4550
241.55 0.14754098360655737 196.56523550625332 161.81523550625332 4831
266.7 0.14754098360655737 187.54297486689669 152.79297486689669 5334
464.25 0.14754098360655737 182.26811472846873 147.51811472846873 9285
