% fevals/dim | frac | F - F_opt (-222.98) | best fitness | fevals
0.05 0.06557377049180328 2399.821683200123 2176.841683200123 1
3.4 0.06557377049180328 2188.902439937526 1965.9224399375262 68
7.45 0.06557377049180328 1781.6881105267182 1558.7081105267182 149
17.2 0.06557377049180328 1716.5269801245856 1493.5469801245856 344
30.85 0.08196721311475409 1578.3674428653057 1355.3874428653057 617
50.9 0.08196721311475409 1529.0817022080907 1306.1017022080907 1018
58.0 0.08196721311475409 1481.1881314582913 1258.2081314582913 1160
61.9 0.08196721311475409 1411.1561642679153 1188.1761642679153 1238
65.8 0.08196721311475409 1337.825877059445 1114.845877059445 1316
74.3 0.08196721311475409 1307.5842447056084 1084.6042447056084 1486
83.5 0.08196721311475409 1292.0095433644815 1069.0295433644815 1670
91.3 0.08196721311475409 1172.528867278139 949.5488672781389 1826
97.7 0.08196721311475409 1156.0685213674296 933.0885213674296 1954
101.6 0.08196721311475409 1095.7220128168472 872.7420128168471 2032
113.45 0.08196721311475409 1068.1632967442472 845.1832967442472 2269
117.35 0.09836065573770492 966.5260471399334 743.5460471399334 2347
129.05 0.09836065573770492 951.3143479911029 728.3343479911028 2581
138.1 0.09836065573770492 912.7549127185596 689.7749127185596 2762
142.65 0.09836065573770492 889.1233125095094 666.1433125095094 2853
144.65 0.09836065573770492 771.3632096252561 548.3832096252561 2893
175.85 0.09836065573770492 734.4482855725939 511.4682855725939 3517
183.65 0.09836065573770492 706.0272755858678 483.04727558586774 3673
249.95 0.09836065573770492 678.3933620428146 455.4133620428146 4999
269.35 0.09836065573770492 643.0322772536108 420.0522772536108 5387
285.05 0.11475409836065574 607.817437851941 384.837437851941 5701
292.85 0.11475409836065574 533.2410594419747 310.2610594419747 5857
353.4 0.11475409836065574 499.58101237639767 276.60101237639765 7068
369.0 0.11475409836065574 498.3837265081859 275.40372650818585 7380
390.25 0.11475409836065574 498.3523282128656 275.37232821286557 7805
413.65 0.11475409836065574 459.5007227943775 236.52072279437752 8273
495.55 0.11475409836065574 439.4334635515817 216.45346355158173 9911
