% fevals/dim | frac | F - F_opt (-25.25) | best fitness | fevals
0.05 0.18032786885245902 71.97402816 46.72402816 1
0.05 0.18032786885245902 71.97402816 46.72402816 1
10.5 0.19672131147540983 56.33402816 31.084028160000003 210
43.7 0.21311475409836064 38.183628160000005 12.933628160000005 874
69.2 0.21311475409836064 36.00442816 10.754428160000003 1384
94.7 0.21311475409836064 35.065228160000004 9.815228160000004 1894
108.1 0.22950819672131148 24.93402816 -0.31597183999999956 2162
126.55 0.22950819672131148 24.16762816 -1.0823718400000004 2531
128.7 0.22950819672131148 23.638028159999998 -1.6119718400000025 2574
137.2 0.22950819672131148 21.577228160000004 -3.672771839999996 2744
146.6 0.2459016393442623 14.274828159999998 -10.975171840000002 2932
189.1 0.2459016393442623 13.586828160000001 -11.663171839999999 3782
223.1 0.2459016393442623 11.716428160000001 -13.533571839999999 4462
257.8 0.2459016393442623 11.103628160000003 -14.146371839999997 5156
308.8 0.26229508196721313 7.383628160000001 -17.86637184 6176
