% fevals/dim | frac | F - F_opt (-222.98) | best fitness | fevals
0.05 0.06557377049180328 2399.821683200123 2176.841683200123 1
3.4 0.06557377049180328 2188.902439937526 1965.9224399375262 68
15.1 0.06557377049180328 2036.6685321857324 1813.6885321857324 302
24.3 0.06557377049180328 1948.2200582675443 1725.2400582675443 486
28.6 0.06557377049180328 1588.844936503841 1365.864936503841 572
49.4 0.08196721311475409 1377.6552471685814 1154.6752471685813 988
99.95 0.08196721311475409 1332.8087148292266 1109.8287148292266 1999
127.55 0.08196721311475409 1317.7495069950844 1094.7695069950844 2551
154.7 0.08196721311475409 1284.96486516782 1061.98486516782 3094
177.4 0.08196721311475409 1267.1537914248706 1044.1737914248706 3548
191.5 0.08196721311475409 1128.0943335025593 905.1143335025592 3830
252.45 0.08196721311475409 1066.0355201227383 843.0555201227382 5049
283.5 0.09836065573770492 941.2234590059442 718.2434590059441 5670
307.25 0.09836065573770492 913.0742552537552 690.0942552537551 6145
370.1 0.09836065573770492 785.6772575823245 562.6972575823245 7402
409.5 0.09836065573770492 751.6636589188474 528.6836589188474 8190
488.0 0.09836065573770492 704.9868322956353 482.00683229563526 9760
