% fevals/dim | frac | F - F_opt (99.8) | best fitness | fevals
0.05 0.18032786885245902 80.41794728876845 180.21794728876844 1
0.05 0.18032786885245902 80.41794728876845 180.21794728876844 1
3.35 0.18032786885245902 78.16501753522228 177.96501753522227 67
5.95 0.18032786885245902 78.00210870801602 177.80210870801602 119
7.9 0.18032786885245902 77.8575950750447 177.6575950750447 158
10.45 0.18032786885245902 70.55711726808774 170.35711726808773 209
22.6 0.19672131147540983 54.50126565208775 154.30126565208775 452
83.25 0.19672131147540983 39.89695989973457 139.69695989973457 1665
244.45 0.21311475409836064 33.13122142690425 132.93122142690424 4889
385.6 0.21311475409836064 32.23887315028999 132.03887315029 7712
437.95 0.21311475409836064 31.48443032691499 131.284430326915 8759
455.95 0.21311475409836064 29.223290072589535 129.02329007258953 9119
466.35 0.21311475409836064 28.116804885120317 127.91680488512031 9327
