% fevals/dim | frac | F - F_opt (77.89) | best fitness | fevals
0.05 0.0 340158582.2653143 340158660.15531427 1
2.4 0.0 106925449.64374384 106925527.53374384 48
25.7 0.0 104541950.32501286 104542028.21501286 514
30.65 0.0 102653595.61932729 102653673.50932729 613
34.0 0.0 86479932.71777558 86480010.60777558 680
42.6 0.0 73235463.44832848 73235541.33832848 852
61.8 0.0 64775683.62086044 64775761.51086044 1236
69.55 0.0 61062186.42773015 61062264.31773015 1391
72.1 0.0 60055008.078033336 60055085.968033336 1442
75.35 0.0 31569758.21333529 31569836.10333529 1507
87.2 0.0 26785620.45886276 26785698.34886276 1744
91.15 0.0 23581480.86309705 23581558.75309705 1823
99.05 0.0 21674959.548508227 21675037.438508227 1981
136.1 0.0 18275807.960862238 18275885.85086224 2722
143.2 0.0 17772491.277967002 17772569.167967003 2864
154.35 0.0 17248979.789184913 17249057.679184914 3087
165.35 0.0 16146230.491962537 16146308.381962538 3307
184.6 0.0 14623532.435649503 14623610.325649504 3692
191.6 0.0 13845207.788351854 13845285.678351855 3832
200.4 0.0 12458713.632883364 12458791.522883365 4008
204.0 0.0 12268492.87724452 12268570.76724452 4080
210.7 0.0 11925584.439175453 11925662.329175454 4214
215.3 0.0 10741611.842940666 10741689.732940666 4306
235.6 0.0 9194102.392118534 9194180.282118535 4712
255.35 0.0 7566890.004497151 7566967.894497151 5107
286.95 0.0 6452913.09308565 6452990.98308565 5739
388.5 0.0 6167283.020753996 6167360.910753996 7770
424.05 0.0 5082012.065379301 5082089.955379301 8481
494.8 0.0 4458517.642453463 4458595.5324534625 9896
