% fevals/dim | frac | F - F_opt (-136.76) | best fitness | fevals
0.05 0.0 18319.617419137103 18182.857419137104 1
0.05 0.0 18319.617419137103 18182.857419137104 1
52.2 0.0 15305.088065026195 15168.328065026195 1044
80.15 0.0 12334.337337758923 12197.577337758923 1603
131.75 0.01639344262295082 8575.452212503375 8438.692212503374 2635
162.75 0.01639344262295082 7557.729295950441 7420.969295950441 3255
186.15 0.01639344262295082 7422.099040047971 7285.339040047971 3723
200.5 0.01639344262295082 7186.5574832841485 7049.797483284148 4010
224.65 0.01639344262295082 6350.288897788236 6213.528897788236 4493
233.0 0.03278688524590164 5328.651597945078 5191.891597945078 4660
273.95 0.03278688524590164 4323.430346736262 4186.670346736262 5479
279.15 0.08196721311475409 1106.0278861651364 969.2678861651364 5583
340.55 0.09836065573770492 940.700719825593 803.940719825593 6811
377.05 0.14754098360655737 175.99931418881093 39.23931418881094 7541
