% fevals/dim | frac | F - F_opt (-189.79) | best fitness | fevals
0.05 0.0 35967.46011595278 35777.67011595278 1
0.05 0.0 35967.46011595278 35777.67011595278 1
137.25 0.0 25693.72578441677 25503.935784416768 2745
154.05 0.0 24892.94767730636 24703.15767730636 3081
173.3 0.0 21996.193467866367 21806.403467866367 3466
182.1 0.0 17773.549802269572 17583.75980226957 3642
198.95 0.0 17661.67982573517 17471.88982573517 3979
245.7 0.0 14598.419309431165 14408.629309431164 4914
280.45 0.01639344262295082 9374.39078922637 9184.60078922637 5609
362.2 0.01639344262295082 9228.984742704773 9039.194742704773 7244
390.65 0.03278688524590164 5499.615514365571 5309.825514365571 7813
454.15 0.04918032786885246 3679.500468829568 3489.710468829568 9083
