% fevals/dim | frac | F - F_opt (-48.6) | best fitness | fevals
0.05 0.18032786885245902 73.01293272394747 24.41293272394747 1
0.05 0.18032786885245902 73.01293272394747 24.41293272394747 1
26.7 0.18032786885245902 72.04549649515367 23.44549649515367 534
54.55 0.18032786885245902 68.17088524311951 19.570885243119513 1091
119.95 0.18032786885245902 67.87845838189953 19.278458381899533 2399
131.9 0.18032786885245902 63.85919613300231 15.259196133002305 2638
152.35 0.19672131147540983 55.70359923860316 7.1035992386031594 3047
309.1 0.19672131147540983 49.97669958186654 1.3766995818665393 6182
332.85 0.19672131147540983 45.41598063450342 -3.1840193654965816 6657
424.15 0.21311475409836064 37.364199127757104 -11.235800872242898 8483
