% fevals/dim | frac | F - F_opt (-189.79) | best fitness | fevals
0.05 0.0 35967.46011595278 35777.67011595278 1
0.05 0.0 35967.46011595278 35777.67011595278 1
43.7 0.0 27479.395068730366 27289.605068730365 874
68.3 0.0 25199.98364988877 25010.19364988877 1366
168.75 0.0 18809.43174905037 18619.64174905037 3375
212.9 0.0 18177.489843472777 17987.699843472776 4258
263.75 0.0 16295.19383915597 16105.40383915597 5275
276.05 0.0 12502.57730535117 12312.787305351168 5521
326.6 0.0 10972.288165482365 10782.498165482364 6532
338.9 0.01639344262295082 7656.043442016767 7466.253442016767 6778
449.6 0.01639344262295082 7155.433025287166 6965.643025287166 8992
