% fevals/dim | frac | F - F_opt (-189.79) | best fitness | fevals
0.05 0.0 35967.46011595278 35777.67011595278 1
0.05 0.0 35967.46011595278 35777.67011595278 1
16.65 0.0 22374.440422394367 22184.650422394367 333
25.8 0.0 13624.670525018364 13434.880525018363 516
32.4 0.01639344262295082 9307.85506017997 9118.06506017997 648
40.25 0.01639344262295082 8715.004869008771 8525.21486900877 805
45.6 0.01639344262295082 8135.01680017357 7945.22680017357 912
49.3 0.01639344262295082 6371.038194215172 6181.248194215172 986
51.3 0.03278688524590164 5645.51181474317 5455.72181474317 1026
55.3 0.03278688524590164 4107.398154083969 3917.6081540839687 1106
58.3 0.03278688524590164 4087.9987697639685 3898.2087697639686 1166
61.6 0.04918032786885246 3070.77699149197 2880.98699149197 1232
64.9 0.04918032786885246 3036.599660480769 2846.8096604807693 1298
84.9 0.04918032786885246 2632.5691640327695 2442.7791640327696 1698
91.5 0.04918032786885246 2514.52083321037 2324.73083321037 1830
92.85 0.06557377049180328 2396.62232697357 2206.83232697357 1857
98.5 0.06557377049180328 2166.42819647117 1976.63819647117 1970
101.5 0.06557377049180328 2011.377723504769 1821.587723504769 2030
102.55 0.06557377049180328 1699.1119458535693 1509.3219458535693 2051
110.45 0.08196721311475409 1501.7914734535689 1312.001473453569 2209
116.2 0.08196721311475409 1390.0675716551689 1200.277571655169 2324
119.05 0.08196721311475409 1121.245391341569 931.4553913415691 2381
144.3 0.08196721311475409 1004.5589840135686 814.7689840135687 2886
149.5 0.09836065573770492 748.0030122535693 558.2130122535693 2990
166.0 0.09836065573770492 669.2010754695692 479.41107546956925 3320
189.35 0.09836065573770492 666.3344020359692 476.54440203596926 3787
191.9 0.09836065573770492 652.5622142471692 462.77221424716925 3838
209.95 0.11475409836065574 626.6176600295686 436.8276600295686 4199
212.45 0.11475409836065574 455.728964007169 265.93896400716903 4249
266.55 0.11475409836065574 440.0954563687689 250.30545636876892 5331
267.75 0.13114754098360656 397.04022286156913 207.25022286156914 5355
272.8 0.13114754098360656 377.629752355969 187.839752355969 5456
275.3 0.13114754098360656 364.3094649863691 174.51946498636912 5506
313.25 0.13114754098360656 300.6877903591691 110.89779035916914 6265
333.0 0.13114754098360656 265.26120592396893 75.47120592396894 6660
342.1 0.14754098360655737 248.8340333671689 59.04403336716891 6842
367.2 0.14754098360655737 195.64398235916903 5.853982359169038 7344
389.05 0.14754098360655737 176.66637583116903 -13.123624168830958 7781
412.15 0.14754098360655737 172.78200272396901 -17.007997276030977 8243
421.2 0.16393442622950818 156.14314150156895 -33.646858498431044 8424
