% fevals/dim | frac | F - F_opt (7.64) | best fitness | fevals
0.05 0.16393442622950818 150.0309504325618 157.6709504325618 1
3.1 0.19672131147540983 52.27913956161681 59.91913956161681 62
14.65 0.19672131147540983 51.318003075366754 58.958003075366754 293
16.25 0.19672131147540983 49.121113893635844 56.761113893635844 325
25.05 0.19672131147540983 40.5207875010328 48.1607875010328 501
28.65 0.21311475409836064 34.612062398127584 42.252062398127585 573
32.15 0.21311475409836064 29.33330773419322 36.97330773419322 643
36.05 0.22950819672131148 16.87769410448976 24.51769410448976 721
61.55 0.2459016393442623 15.612804587352425 23.252804587352426 1231
72.0 0.2459016393442623 13.019858809780835 20.659858809780836 1440
81.3 0.2459016393442623 12.50849373984779 20.14849373984779 1626
95.7 0.2459016393442623 11.740117743272982 19.380117743272983 1914
101.3 0.2459016393442623 11.044294106423877 18.684294106423877 2026
107.25 0.2459016393442623 10.27502885447542 17.91502885447542 2145
113.3 0.26229508196721313 7.5560207397827766 15.196020739782776 2266
153.85 0.26229508196721313 7.032296951850905 14.672296951850905 3077
157.6 0.26229508196721313 6.897373557062424 14.537373557062423 3152
168.85 0.2786885245901639 6.226955097996865 13.866955097996865 3377
247.1 0.2786885245901639 5.6855170222196465 13.325517022219646 4942
276.1 0.2786885245901639 5.528729579120854 13.168729579120853 5522
324.45 0.2786885245901639 5.261089117621371 12.901089117621371 6489
339.7 0.2786885245901639 5.243290096136666 12.883290096136665 6794
342.3 0.2786885245901639 4.373134872957224 12.013134872957224 6846
345.25 0.2786885245901639 4.192351984015576 11.832351984015576 6905
367.75 0.2786885245901639 4.12140948999937 11.76140948999937 7355
407.2 0.29508196721311475 3.9460684416298344 11.586068441629834 8144
437.2 0.29508196721311475 3.2458780458807412 10.885878045880741 8744
465.9 0.29508196721311475 3.0330266507507995 10.6730266507508 9318
