% fevals/dim | frac | F - F_opt (-48.6) | best fitness | fevals
0.05 0.18032786885245902 73.01293272394747 24.41293272394747 1
0.05 0.18032786885245902 73.01293272394747 24.41293272394747 1
5.25 0.18032786885245902 72.30686729496108 23.70686729496108 105
11.95 0.18032786885245902 70.31883759997277 21.718837599972765 239
27.8 0.18032786885245902 69.28448748626505 20.68448748626505 556
35.9 0.19672131147540983 43.100748932545976 -5.499251067454026 718
90.9 0.21311475409836064 38.45465525044667 -10.145344749553331 1818
110.6 0.21311475409836064 34.385344773363116 -14.214655226636886 2212
123.7 0.21311475409836064 31.8114732094767 -16.788526790523303 2474
130.2 0.21311475409836064 28.90942908322133 -19.69057091677867 2604
153.8 0.21311475409836064 28.57483801515839 -20.02516198484161 3076
155.75 0.21311475409836064 27.67666978996637 -20.923330210033633 3115
163.7 0.21311475409836064 25.208330273951503 -23.391669726048498 3274
171.0 0.22950819672131148 22.711653629538628 -25.888346370461374 3420
189.05 0.22950819672131148 22.016460910475793 -26.58353908952421 3781
210.5 0.22950819672131148 21.18112304491084 -27.41887695508916 4210
217.2 0.22950819672131148 18.478207795496473 -30.121792204503528 4344
247.45 0.22950819672131148 18.382556700133044 -30.217443299866957 4949
278.9 0.22950819672131148 18.306207726213543 -30.29379227378646 5578
300.85 0.22950819672131148 17.960138445286987 -30.639861554713015 6017
304.3 0.22950819672131148 17.342091742225257 -31.257908257774744 6086
307.65 0.22950819672131148 17.191301826902812 -31.40869817309719 6153
310.85 0.22950819672131148 16.979960279821263 -31.620039720178738 6217
314.75 0.22950819672131148 16.884378989409615 -31.715621010590386 6295
315.15 0.2459016393442623 15.679997308627733 -32.92000269137227 6303
347.6 0.2459016393442623 15.663910537071182 -32.93608946292882 6952
373.0 0.2459016393442623 15.597713254212124 -33.00228674578788 7460
377.75 0.2459016393442623 15.137330325261168 -33.462669674738834 7555
389.3 0.2459016393442623 14.622702336925627 -33.977297663074374 7786
402.35 0.2459016393442623 14.34186487975704 -34.25813512024296 8047
421.95 0.2459016393442623 13.742073526605523 -34.85792647339448 8439
431.85 0.2459016393442623 13.645910693887842 -34.95408930611216 8637
465.4 0.2459016393442623 13.614015198361372 -34.98598480163863 9308
467.0 0.2459016393442623 13.376947257052358 -35.223052742947644 9340
472.1 0.2459016393442623 12.902675038112406 -35.697324961887595 9442
473.3 0.2459016393442623 12.774162037867754 -35.82583796213225 9466
