% fevals/dim | frac | F - F_opt (-189.79) | best fitness | fevals
0.05 0.0 35967.46011595278 35777.67011595278 1
0.05 0.0 35967.46011595278 35777.67011595278 1
21.45 0.0 15221.74051758477 15031.95051758477 429
38.6 0.0 10725.154301747969 10535.364301747968 772
70.1 0.01639344262295082 7636.978948125571 7447.188948125571 1402
73.5 0.01639344262295082 7068.18239784717 6878.39239784717 1470
86.9 0.03278688524590164 6124.4635362055715 5934.6735362055715 1738
95.2 0.04918032786885246 3871.0142406343707 3681.2242406343707 1904
116.35 0.06557377049180328 2256.8649366791687 2067.074936679169 2327
178.05 0.06557377049180328 1934.6674627975683 1744.8774627975683 3561
194.1 0.06557377049180328 1744.4381388967684 1554.6481388967684 3882
202.15 0.08196721311475409 1017.3473308199686 827.5573308199687 4043
274.45 0.11475409836065574 559.4936561255693 369.7036561255693 5489
412.5 0.11475409836065574 508.37743604556874 318.5874360455688 8250
439.3 0.11475409836065574 497.31890359436886 307.5289035943689 8786
