% fevals/dim | frac | F - F_opt (-48.6) | best fitness | fevals
0.05 0.18032786885245902 73.01293272394747 24.41293272394747 1
0.05 0.18032786885245902 73.01293272394747 24.41293272394747 1
10.85 0.18032786885245902 69.22838013499197 20.628380134991964 217
19.8 0.18032786885245902 67.46160013214686 18.861600132146854 396
48.95 0.18032786885245902 66.06154168778322 17.461541687783217 979
78.75 0.19672131147540983 61.01064477822565 12.410644778225645 1575
90.0 0.19672131147540983 54.85425883474756 6.25425883474756 1800
101.25 0.19672131147540983 54.184473607235624 5.584473607235623 2025
145.9 0.19672131147540983 51.55816016852296 2.9581601685229586 2918
174.45 0.19672131147540983 50.08916138524382 1.4891613852438184 3489
187.55 0.19672131147540983 42.462071784944776 -6.137928215055226 3751
241.45 0.19672131147540983 41.6120690638701 -6.987930936129899 4829
247.55 0.19672131147540983 39.90157266781777 -8.698427332182234 4951
300.95 0.21311475409836064 32.66509352074771 -15.934906479252291 6019
394.7 0.22950819672131148 24.754270898312825 -23.845729101687176 7894
490.5 0.22950819672131148 23.729975270382113 -24.87002472961789 9810
