% fevals/dim | frac | F - F_opt (30.85) | best fitness | fevals
0.05 0.0 167362.51723559058 167393.3672355906 1
2.4 0.0 130896.0317666058 130926.8817666058 48
3.95 0.0 115199.02151407319 115229.8715140732 79
13.75 0.0 113278.7567063973 113309.6067063973 275
16.35 0.0 111107.03793251922 111137.88793251922 327
19.45 0.0 70858.57792777404 70889.42792777404 389
27.45 0.0 63423.28369799705 63454.13369799705 549
27.7 0.0 33650.01083433832 33680.86083433832 554
43.3 0.0 17377.431404446168 17408.281404446167 866
49.15 0.01639344262295082 6920.180666718047 6951.0306667180475 983
53.2 0.09836065573770492 641.756287961757 672.6062879617571 1064
74.75 0.14754098360655737 204.35466051263828 235.20466051263827 1495
88.9 0.16393442622950818 143.74347311590395 174.59347311590395 1778
125.2 0.16393442622950818 134.0454867755525 164.89548677555248 2504
161.75 0.16393442622950818 115.54142438401152 146.39142438401151 3235
285.5 0.16393442622950818 114.11576824944174 144.96576824944174 5710
371.85 0.16393442622950818 113.10623100091013 143.95623100091012 7437
389.75 0.16393442622950818 108.92013488289624 139.77013488289623 7795
413.4 0.16393442622950818 107.23540036346955 138.08540036346955 8268
437.8 0.16393442622950818 102.63604563977265 133.48604563977264 8756
443.3 0.18032786885245902 90.75358062468703 121.60358062468703 8866
475.15 0.18032786885245902 87.39778985628698 118.24778985628697 9503
