% fevals/dim | frac | F - F_opt (-48.6) | best fitness | fevals
0.05 0.18032786885245902 73.01293272394747 24.41293272394747 1
0.05 0.18032786885245902 73.01293272394747 24.41293272394747 1
12.55 0.18032786885245902 71.89911000638699 23.29911000638699 251
15.65 0.18032786885245902 69.59027382623408 20.99027382623408 313
23.1 0.18032786885245902 63.37915154666602 14.779151546666021 462
32.85 0.19672131147540983 60.688319348722246 12.088319348722244 657
46.15 0.19672131147540983 52.042826193223064 3.4428261932230626 923
48.75 0.21311475409836064 38.22997397244539 -10.370026027554609 975
66.95 0.21311475409836064 33.59290030626874 -15.007099693731263 1339
78.05 0.21311475409836064 29.373314952120214 -19.226685047879787 1561
83.25 0.21311475409836064 25.35143762069415 -23.248562379305852 1665
90.0 0.22950819672131148 24.624642688167672 -23.97535731183233 1800
97.8 0.22950819672131148 22.939906571520904 -25.660093428479097 1956
103.0 0.22950819672131148 22.05455862236433 -26.545441377635672 2060
108.1 0.22950819672131148 21.810172352005505 -26.789827647994496 2162
109.25 0.22950819672131148 21.391270045064896 -27.208729954935105 2185
112.7 0.22950819672131148 20.295858764942945 -28.304141235057056 2254
121.6 0.22950819672131148 18.135350671917976 -30.464649328082025 2432
131.7 0.22950819672131148 17.65867033968354 -30.941329660316462 2634
150.95 0.22950819672131148 17.503782003853928 -31.096217996146073 3019
154.9 0.22950819672131148 16.859657249482442 -31.74034275051756 3098
165.3 0.22950819672131148 16.59141427851941 -32.00858572148059 3306
167.7 0.22950819672131148 16.114416728239625 -32.485583271760376 3354
175.1 0.22950819672131148 15.97937865067447 -32.62062134932553 3502
189.95 0.2459016393442623 15.718552839538397 -32.881447160461605 3799
197.0 0.2459016393442623 15.011575584519058 -33.588424415480944 3940
207.55 0.2459016393442623 14.959531675769625 -33.640468324230376 4151
208.95 0.2459016393442623 14.497774920693573 -34.10222507930643 4179
216.05 0.2459016393442623 14.28379163314812 -34.31620836685188 4321
233.85 0.2459016393442623 14.151770094529901 -34.4482299054701 4677
238.5 0.2459016393442623 13.908450969135522 -34.69154903086448 4770
240.95 0.2459016393442623 13.510863607791663 -35.08913639220834 4819
255.1 0.2459016393442623 13.37963829696178 -35.22036170303822 5102
270.45 0.2459016393442623 13.236458943073359 -35.36354105692664 5409
273.15 0.2459016393442623 13.089308444618503 -35.5106915553815 5463
