% fevals/dim | frac | F - F_opt (-136.76) | best fitness | fevals
0.05 0.0 18319.617419137103 18182.857419137104 1
0.05 0.0 18319.617419137103 18182.857419137104 1
26.3 0.01639344262295082 7950.5346191464905 7813.77461914649 526
40.2 0.03278688524590164 5295.065625702098 5158.305625702098 804
45.45 0.03278688524590164 4984.953031575793 4848.193031575793 909
49.85 0.04918032786885246 3539.8275406950124 3403.067540695012 997
58.05 0.06557377049180328 2177.45750751441 2040.6975075144098 1161
60.0 0.06557377049180328 1680.519274943001 1543.759274943001 1200
67.9 0.09836065573770492 676.3569225708918 539.5969225708918 1358
79.1 0.11475409836065574 622.5683406653256 485.80834066532566 1582
89.25 0.19672131147540983 58.89277708612062 -77.86722291387937 1785
117.85 0.21311475409836064 34.146375570740474 -102.61362442925952 2357
123.75 0.2786885245901639 4.295457880081159 -132.46454211991883 2475
128.85 0.29508196721311475 3.7620325352250745 -132.99796746477492 2577
161.9 0.29508196721311475 3.7563988802583026 -133.0036011197417 3238
184.15 0.29508196721311475 3.6775828322479356 -133.08241716775206 3683
236.0 0.29508196721311475 3.6437373231164543 -133.11626267688354 4720
239.9 0.29508196721311475 3.2252840321451686 -133.53471596785482 4798
307.9 0.29508196721311475 2.970856794880234 -133.78914320511976 6158
373.35 0.29508196721311475 2.962127246357255 -133.79787275364274 7467
399.1 0.29508196721311475 2.9163451345648355 -133.84365486543516 7982
407.6 0.29508196721311475 2.9096995360985716 -133.85030046390142 8152
412.65 0.29508196721311475 2.8388078925094646 -133.92119210749053 8253
457.0 0.29508196721311475 2.6639665904723415 -134.09603340952765 9140
