% fevals/dim | frac | F - F_opt (7.64) | best fitness | fevals
0.05 0.16393442622950818 150.0309504325618 157.6709504325618 1
3.1 0.19672131147540983 52.27913956161681 59.91913956161681 62
10.0 0.21311475409836064 35.56806334224135 43.20806334224135 200
24.85 0.21311475409836064 35.20927764486697 42.84927764486697 497
34.15 0.21311475409836064 25.64605887494786 33.28605887494786 683
42.1 0.22950819672131148 16.7391594435587 24.379159443558702 842
71.2 0.2459016393442623 14.740583663306658 22.38058366330666 1424
78.25 0.2459016393442623 14.44163951678965 22.08163951678965 1565
85.4 0.2459016393442623 14.064352732560423 21.704352732560423 1708
89.2 0.26229508196721313 9.153288954984625 16.793288954984625 1784
120.65 0.26229508196721313 8.41322829470333 16.05322829470333 2413
133.7 0.26229508196721313 7.063506533786417 14.703506533786417 2674
147.5 0.26229508196721313 7.008162979433158 14.648162979433158 2950
164.8 0.26229508196721313 6.523671355559707 14.163671355559707 3296
168.25 0.26229508196721313 6.480085167360543 14.120085167360543 3365
188.9 0.2786885245901639 5.876948352937689 13.516948352937689 3778
202.2 0.2786885245901639 5.589806077664147 13.229806077664147 4044
224.35 0.2786885245901639 4.9978567748882545 12.637856774888254 4487
240.15 0.2786885245901639 4.836390561113142 12.476390561113142 4803
257.9 0.2786885245901639 4.694958360319952 12.334958360319952 5158
280.2 0.29508196721311475 3.9105038190398416 11.550503819039841 5604
301.8 0.29508196721311475 3.652470207220154 11.292470207220154 6036
318.15 0.29508196721311475 3.605491179710117 11.245491179710116 6363
338.65 0.29508196721311475 3.4699507024580685 11.109950702458068 6773
357.75 0.29508196721311475 3.1515316293923563 10.791531629392356 7155
363.0 0.29508196721311475 2.9026462364210586 10.542646236421058 7260
400.4 0.29508196721311475 2.7741589865740197 10.41415898657402 8008
404.4 0.3114754098360656 2.3466207618221455 9.986620761822145 8088
433.1 0.3114754098360656 2.2384865573241557 9.878486557324155 8662
436.55 0.3114754098360656 2.1772093591922443 9.817209359192244 8731
452.8 0.3114754098360656 2.0843205462946175 9.724320546294617 9056
466.5 0.3114754098360656 2.077479892196254 9.717479892196254 9330
472.15 0.3114754098360656 1.8799573227458088 9.519957322745809 9443
492.65 0.3114754098360656 1.8521238868443044 9.492123886844304 9853
494.1 0.3114754098360656 1.7105713307169959 9.350571330716996 9882
