% fevals/dim | frac | F - F_opt (-39.43) | best fitness | fevals
0.05 0.19672131147540983 52.775889662616656 13.345889662616656 1
2.25 0.19672131147540983 42.147140750730024 2.7171407507300245 45
5.4 0.21311475409836064 33.60471858955512 -5.82528141044488 108
7.4 0.21311475409836064 25.681893789068436 -13.748106210931564 148
14.0 0.22950819672131148 17.933411726940566 -21.496588273059434 280
31.5 0.2459016393442623 15.355958316807559 -24.07404168319244 630
46.45 0.2459016393442623 14.027906673230852 -25.402093326769148 929
52.15 0.2459016393442623 13.052331949044543 -26.377668050955457 1043
54.35 0.2459016393442623 12.856197173266466 -26.573802826733534 1087
57.25 0.2459016393442623 12.484901135999912 -26.945098864000087 1145
62.85 0.2459016393442623 11.431234877670946 -27.998765122329054 1257
76.9 0.2459016393442623 10.898996808596195 -28.531003191403805 1538
82.7 0.26229508196721313 8.205232832472301 -31.2247671675277 1654
103.75 0.26229508196721313 7.252662465858464 -32.177337534141536 2075
112.9 0.26229508196721313 7.006446229526993 -32.423553770473006 2258
120.4 0.26229508196721313 6.66519424297509 -32.76480575702491 2408
148.5 0.26229508196721313 6.529824153933227 -32.90017584606677 2970
153.05 0.2786885245901639 6.00703045134339 -33.42296954865661 3061
160.1 0.2786885245901639 5.769027274836269 -33.66097272516373 3202
165.05 0.2786885245901639 4.8363668932288775 -34.59363310677112 3301
170.25 0.2786885245901639 4.286222361696787 -35.14377763830321 3405
200.2 0.2786885245901639 4.144349887111261 -35.28565011288874 4004
212.35 0.29508196721311475 3.7921553177190503 -35.63784468228095 4247
221.15 0.29508196721311475 3.4967812279409856 -35.933218772059014 4423
236.5 0.29508196721311475 3.485632089614583 -35.94436791038542 4730
238.45 0.29508196721311475 3.444385952545474 -35.985614047454526 4769
246.35 0.29508196721311475 3.289060008761872 -36.14093999123813 4927
279.05 0.29508196721311475 2.9651807447331535 -36.464819255266846 5581
288.3 0.29508196721311475 2.8335872283746824 -36.59641277162532 5766
308.05 0.29508196721311475 2.565854620438813 -36.86414537956119 6161
315.8 0.3114754098360656 2.2658061163919 -37.1641938836081 6316
337.4 0.3114754098360656 2.1206096370963223 -37.30939036290368 6748
343.15 0.3114754098360656 1.915495242001029 -37.51450475799897 6863
367.8 0.3114754098360656 1.9124660299182779 -37.51753397008172 7356
370.7 0.3114754098360656 1.714407768305584 -37.715592231694416 7414
403.6 0.3114754098360656 1.6873712746348346 -37.742628725365165 8072
415.1 0.3114754098360656 1.6126426779163907 -37.81735732208361 8302
430.1 0.32786885245901637 1.567825270270923 -37.86217472972908 8602
439.25 0.32786885245901637 1.5675260608643455 -37.862473939135654 8785
444.2 0.32786885245901637 1.3486775808697757 -38.081322419130224 8884
453.8 0.32786885245901637 1.3347035253119444 -38.095296474688055 9076
473.55 0.32786885245901637 1.2840654664167843 -38.145934533583215 9471
