% fevals/dim | frac | F - F_opt (-189.79) | best fitness | fevals
0.05 0.0 35967.46011595278 35777.67011595278 1
0.05 0.0 35967.46011595278 35777.67011595278 1
10.5 0.0 34762.68426747916 34572.89426747916 210
30.75 0.0 27566.39817664397 27376.608176643967 615
33.1 0.0 11559.271439351174 11369.481439351173 662
51.85 0.0 10947.876494426373 10758.086494426372 1037
61.15 0.01639344262295082 6710.0043034215705 6520.214303421571 1223
76.05 0.03278688524590164 5949.945981991169 5760.155981991169 1521
86.2 0.03278688524590164 5289.124272663171 5099.334272663171 1724
91.4 0.03278688524590164 5280.94749676557 5091.15749676557 1828
100.2 0.03278688524590164 4083.704804445571 3893.914804445571 2004
107.8 0.04918032786885246 3071.886962263169 2882.096962263169 2156
117.3 0.04918032786885246 2936.3896155975694 2746.5996155975695 2346
129.8 0.04918032786885246 2513.933418695169 2324.143418695169 2596
140.75 0.06557377049180328 1903.2077639783695 1713.4177639783695 2815
176.5 0.06557377049180328 1811.6864406151697 1621.8964406151697 3530
188.3 0.06557377049180328 1624.5713224167694 1434.7813224167694 3766
204.75 0.06557377049180328 1592.923188042369 1403.133188042369 4095
211.5 0.08196721311475409 1377.794983101569 1188.004983101569 4230
231.45 0.08196721311475409 1284.3705182695687 1094.5805182695688 4629
266.6 0.08196721311475409 1159.731937779969 969.9419377799691 5332
285.8 0.09836065573770492 796.3324043239695 606.5424043239695 5716
316.6 0.09836065573770492 783.1338340231695 593.3438340231695 6332
319.85 0.09836065573770492 716.6209116487692 526.8309116487692 6397
334.6 0.09836065573770492 713.7122883207693 523.9222883207693 6692
338.35 0.11475409836065574 597.2706472807693 407.4806472807693 6767
350.35 0.11475409836065574 577.9989418279692 388.2089418279693 7007
365.65 0.11475409836065574 469.77756863756895 279.987568637569 7313
403.45 0.13114754098360656 363.29557035596906 173.50557035596907 8069
440.95 0.13114754098360656 348.01519909196907 158.22519909196907 8819
446.15 0.13114754098360656 347.42407980876897 157.63407980876897 8923
471.15 0.13114754098360656 337.1183984807689 147.32839848076893 9423
476.6 0.13114754098360656 326.0230403207691 136.2330403207691 9532
