% fevals/dim | frac | F - F_opt (-92.47) | best fitness | fevals
0.05 0.11475409836065574 621.942385354402 529.4723853544019 1
0.05 0.11475409836065574 621.942385354402 529.4723853544019 1
14.75 0.11475409836065574 523.1504056661804 430.6804056661804 295
18.25 0.11475409836065574 505.51011718053667 413.04011718053664 365
27.95 0.11475409836065574 500.05525969899315 407.5852596989931 559
33.4 0.11475409836065574 439.7182291487446 347.2482291487446 668
35.1 0.13114754098360656 391.4691559579411 298.99915595794107 702
38.85 0.13114754098360656 370.54324888165206 278.07324888165203 777
53.7 0.13114754098360656 348.1854948405364 255.71549484053642 1074
58.8 0.13114754098360656 323.537868903513 231.06786890351302 1176
74.9 0.13114754098360656 322.3763946974028 229.90639469740282 1498
78.55 0.13114754098360656 293.58186056267294 201.11186056267294 1571
89.95 0.13114754098360656 293.38526825514487 200.91526825514487 1799
97.3 0.13114754098360656 272.12245874175176 179.65245874175176 1946
114.3 0.14754098360655737 250.9863382682832 158.5163382682832 2286
127.2 0.14754098360655737 227.9434821282375 135.4734821282375 2544
150.85 0.14754098360655737 204.32688634693102 111.85688634693102 3017
187.75 0.14754098360655737 188.44707029842982 95.97707029842982 3755
222.6 0.14754098360655737 187.94160895358968 95.47160895358968 4452
253.55 0.14754098360655737 187.27133333923905 94.80133333923905 5071
305.35 0.14754098360655737 167.01549977943506 74.54549977943506 6107
327.65 0.14754098360655737 163.87701610651658 71.40701610651658 6553
339.95 0.14754098360655737 158.83039860236323 66.36039860236323 6799
