% fevals/dim | frac | F - F_opt (-189.79) | best fitness | fevals
0.05 0.0 35967.46011595278 35777.67011595278 1
0.05 0.0 35967.46011595278 35777.67011595278 1
24.15 0.0 31011.124846391172 30821.33484639117 483
27.75 0.0 16710.478554736765 16520.688554736764 555
28.45 0.01639344262295082 9546.94746717517 9357.15746717517 569
37.25 0.01639344262295082 8032.71612271117 7842.92612271117 745
43.2 0.01639344262295082 6616.861046762369 6427.071046762369 864
46.35 0.03278688524590164 6029.613720090371 5839.823720090371 927
56.0 0.03278688524590164 5938.201482525572 5748.411482525572 1120
56.8 0.03278688524590164 5585.41219675277 5395.62219675277 1136
61.4 0.04918032786885246 3010.46621120397 2820.67621120397 1228
66.8 0.06557377049180328 2165.0390710951697 1975.2490710951697 1336
76.15 0.06557377049180328 2018.2322464839694 1828.4422464839695 1523
92.7 0.06557377049180328 1788.1847337287693 1598.3947337287693 1854
96.8 0.06557377049180328 1698.3623530951688 1508.5723530951689 1936
112.35 0.08196721311475409 1492.3678897415684 1302.5778897415685 2247
122.75 0.08196721311475409 1274.2930791303693 1084.5030791303693 2455
134.9 0.08196721311475409 1149.496599491969 959.706599491969 2698
136.1 0.08196721311475409 1009.5760337255685 819.7860337255686 2722
139.25 0.09836065573770492 992.4970060967687 802.7070060967687 2785
149.6 0.09836065573770492 968.8994474503688 779.1094474503689 2992
156.95 0.09836065573770492 916.6551393575695 726.8651393575695 3139
162.9 0.09836065573770492 908.5525719271691 718.7625719271691 3258
166.1 0.09836065573770492 804.4945662471692 614.7045662471693 3322
168.05 0.09836065573770492 794.9635624551692 605.1735624551692 3361
172.05 0.09836065573770492 727.0228816487693 537.2328816487693 3441
184.95 0.11475409836065574 621.1752527335691 431.38525273356913 3699
187.6 0.11475409836065574 569.4668883303691 379.67688833036914 3752
194.7 0.11475409836065574 540.4053564807691 350.61535648076915 3894
230.1 0.11475409836065574 464.35332583756906 274.5633258375691 4602
