% fevals/dim | frac | F - F_opt (-20.33) | best fitness | fevals
0.05 0.0 2520617.3761358913 2520597.046135891 1
2.1 0.0 22104.37812938299 22084.048129382987 42
5.4 0.01639344262295082 7554.251262393964 7533.921262393964 108
7.6 0.06557377049180328 2121.001330970348 2100.671330970348 152
11.55 0.08196721311475409 1311.6088369184822 1291.2788369184823 231
11.8 0.09836065573770492 811.4602868118919 791.1302868118919 236
14.55 0.11475409836065574 485.45973173639777 465.1297317363978 291
21.6 0.11475409836065574 411.9742342803868 391.6442342803868 432
59.35 0.13114754098360656 317.4084213059836 297.0784213059836 1187
91.5 0.13114754098360656 270.45281547859634 250.12281547859635 1830
117.45 0.14754098360655737 221.67469124271213 201.34469124271214 2349
182.35 0.14754098360655737 198.62755347368943 178.29755347368945 3647
447.4 0.14754098360655737 164.64649913311501 144.31649913311503 8948
