% fevals/dim | frac | F - F_opt (-20.33) | best fitness | fevals
0.05 0.0 2520617.3761358913 2520597.046135891 1
2.95 0.03278688524590164 5663.4017751224765 5643.0717751224765 59
8.15 0.09836065573770492 785.141341660585 764.811341660585 163
15.0 0.09836065573770492 705.8206090854303 685.4906090854303 300
24.7 0.11475409836065574 474.92923891490057 454.5992389149006 494
33.0 0.13114754098360656 335.999725251295 315.669725251295 660
34.95 0.14754098360655737 171.4724265989003 151.14242659890033 699
49.7 0.16393442622950818 137.9748159362943 117.64481593629431 994
494.85 0.16393442622950818 135.68382484052648 115.35382484052649 9897
