% fevals/dim | frac | F - F_opt (-39.3) | best fitness | fevals
0.05 0.09836065573770492 738.4810122101597 699.1810122101598 1
0.05 0.09836065573770492 738.4810122101597 699.1810122101598 1
5.05 0.09836065573770492 695.7938080540691 656.4938080540692 101
7.7 0.11475409836065574 625.8985986223119 586.5985986223119 154
14.85 0.11475409836065574 598.8396496789783 559.5396496789783 297
16.7 0.11475409836065574 522.919750980437 483.619750980437 334
21.25 0.11475409836065574 403.3996071217297 364.09960712172966 425
38.9 0.13114754098360656 369.15028656302525 329.85028656302524 778
47.1 0.13114754098360656 364.1761607613083 324.8761607613083 942
54.2 0.13114754098360656 356.88418186337714 317.5841818633771 1084
56.45 0.13114754098360656 356.41781652991017 317.11781652991016 1129
60.15 0.13114754098360656 338.71007007177457 299.41007007177456 1203
61.75 0.13114754098360656 320.4781527676704 281.1781527676704 1235
73.9 0.13114754098360656 304.9317348932998 265.6317348932998 1478
74.65 0.13114754098360656 304.33538808237057 265.03538808237056 1493
93.55 0.13114754098360656 273.3224000076427 234.02240000764272 1871
101.5 0.13114754098360656 266.95127248680717 227.65127248680716 2030
110.3 0.13114754098360656 266.31254148955304 227.01254148955303 2206
119.7 0.14754098360655737 250.04691462448653 210.74691462448652 2394
129.05 0.14754098360655737 232.9337229220912 193.63372292209118 2581
183.6 0.14754098360655737 230.8374406731652 191.53744067316518 3672
187.65 0.14754098360655737 225.21338440191215 185.91338440191214 3753
192.65 0.14754098360655737 221.75887720784942 182.4588772078494 3853
205.8 0.14754098360655737 216.005352852042 176.70535285204198 4116
222.0 0.14754098360655737 212.55084565797927 173.25084565797926 4440
240.4 0.14754098360655737 212.0843203800008 172.7843203800008 4808
