% fevals/dim | frac | F - F_opt (-20.33) | best fitness | fevals
0.05 0.0 2520617.3761358913 2520597.046135891 1
2.95 0.03278688524590164 5663.4017751224765 5643.0717751224765 59
5.95 0.13114754098360656 283.1085412812183 262.77854128121834 119
9.25 0.14754098360655737 236.87936915697247 216.5493691569725 185
38.6 0.14754098360655737 234.79023985860147 214.46023985860148 772
90.15 0.14754098360655737 221.02996645832673 200.69996645832674 1803
119.9 0.14754098360655737 185.64080754691025 165.31080754691027 2398
235.35 0.14754098360655737 182.2621555732008 161.93215557320082 4707
256.95 0.14754098360655737 181.62992205049505 161.29992205049507 5139
391.55 0.14754098360655737 180.7148429311191 160.38484293111912 7831
454.65 0.14754098360655737 160.46829437207657 140.1382943720766 9093
