% fevals/dim | frac | F - F_opt (-39.43) | best fitness | fevals
0.05 0.19672131147540983 52.775889662616656 13.345889662616656 1
3.5 0.19672131147540983 41.50050279992468 2.0705027999246823 70
3.95 0.21311475409836064 38.11664969529422 -1.3133503047057786 79
10.0 0.21311475409836064 31.09844107593175 -8.33155892406825 200
14.65 0.22950819672131148 22.27366034966933 -17.15633965033067 293
41.4 0.22950819672131148 19.402711177161073 -20.027288822838926 828
50.75 0.22950819672131148 16.065238090038346 -23.364761909961654 1015
51.75 0.2459016393442623 15.408656226870395 -24.021343773129605 1035
65.45 0.26229508196721313 9.291813548562697 -30.138186451437303 1309
121.8 0.26229508196721313 9.26278718357073 -30.16721281642927 2436
131.25 0.26229508196721313 7.2252982938055865 -32.20470170619441 2625
152.8 0.26229508196721313 6.985972853452402 -32.4440271465476 3056
169.2 0.2786885245901639 6.160869550982632 -33.26913044901737 3384
176.25 0.2786885245901639 5.8088071386492075 -33.62119286135079 3525
196.6 0.2786885245901639 4.842425442770107 -34.58757455722989 3932
211.2 0.2786885245901639 4.09128667889113 -35.33871332110887 4224
249.95 0.29508196721311475 3.137202156341111 -36.29279784365889 4999
288.9 0.29508196721311475 3.1118106641006946 -36.318189335899305 5778
296.2 0.29508196721311475 2.721798770069846 -36.708201229930154 5924
339.8 0.29508196721311475 2.7062068184331523 -36.72379318156685 6796
355.25 0.29508196721311475 2.6362805821324073 -36.79371941786759 7105
358.65 0.3114754098360656 2.324887362362162 -37.10511263763784 7173
382.75 0.3114754098360656 2.1074423627980323 -37.32255763720197 7655
425.0 0.3114754098360656 2.101523991308298 -37.3284760086917 8500
430.4 0.3114754098360656 1.8305317068252123 -37.59946829317479 8608
458.8 0.3114754098360656 1.7821789936841625 -37.64782100631584 9176
465.35 0.32786885245901637 1.5638224184232143 -37.866177581576785 9307
