% fevals/dim | frac | F - F_opt (-136.76) | best fitness | fevals
0.05 0.0 18319.617419137103 18182.857419137104 1
0.05 0.0 18319.617419137103 18182.857419137104 1
11.35 0.0 18234.86085986281 18098.10085986281 227
23.25 0.0 14586.3105286133 14449.5505286133 465
30.85 0.01639344262295082 8554.966655090288 8418.206655090287 617
42.0 0.03278688524590164 4054.9355509698726 3918.1755509698723 840
45.65 0.06557377049180328 2166.1413710181973 2029.3813710181973 913
57.45 0.06557377049180328 1709.2014010116702 1572.4414010116702 1149
60.3 0.09836065573770492 996.5326559234434 859.7726559234434 1206
67.7 0.11475409836065574 626.3485215456982 489.5885215456982 1354
90.7 0.14754098360655737 181.33711946876386 44.57711946876387 1814
101.4 0.21311475409836064 27.909732257149074 -108.85026774285092 2028
105.05 0.21311475409836064 25.606922444788225 -111.15307755521177 2101
116.0 0.21311475409836064 25.58453692027625 -111.17546307972374 2320
123.75 0.22950819672131148 24.663559208726042 -112.09644079127395 2475
130.5 0.2786885245901639 5.429147832176767 -131.33085216782322 2610
135.3 0.2786885245901639 4.402587147161881 -132.3574128528381 2706
149.6 0.29508196721311475 3.761234326451671 -132.99876567354832 2992
187.85 0.29508196721311475 3.4734164441424866 -133.2865835558575 3757
191.55 0.29508196721311475 3.471286490848769 -133.28871350915122 3831
242.6 0.29508196721311475 3.4431135287320274 -133.31688647126796 4852
250.3 0.29508196721311475 3.4235060981185654 -133.33649390188143 5006
256.15 0.29508196721311475 3.3350832156651506 -133.42491678433484 5123
260.7 0.29508196721311475 3.2464641413296818 -133.5135358586703 5214
266.0 0.29508196721311475 2.9818308983816735 -133.77816910161832 5320
328.05 0.29508196721311475 2.8467943944008596 -133.91320560559913 6561
426.6 0.29508196721311475 2.8391986723536036 -133.9208013276464 8532
428.9 0.29508196721311475 2.83214110297979 -133.9278588970202 8578
441.55 0.29508196721311475 2.7237789139838924 -134.0362210860161 8831
459.15 0.29508196721311475 2.534202816118352 -134.22579718388164 9183
468.75 0.3114754098360656 2.4663756202564855 -134.2936243797435 9375
