% fevals/dim | frac | F - F_opt (30.85) | best fitness | fevals
0.05 0.0 167362.51723559058 167393.3672355906 1
2.4 0.0 130896.0317666058 130926.8817666058 48
10.25 0.0 129927.06789004088 129957.91789004089 205
16.35 0.0 117416.11146144512 117446.96146144513 327
22.3 0.0 77059.31699327704 77090.16699327705 446
26.7 0.0 33656.563663171655 33687.413663171654 534
30.3 0.01639344262295082 6965.922029263355 6996.772029263356 606
44.25 0.04918032786885246 3723.1155760946417 3753.9655760946416 885
61.05 0.09836065573770492 890.8548619895788 921.7048619895788 1221
64.75 0.13114754098360656 312.4279808847295 343.2779808847295 1295
85.4 0.14754098360655737 228.8375463693308 259.6875463693308 1708
89.1 0.14754098360655737 203.1179093546436 233.96790935464358 1782
111.7 0.16393442622950818 133.52271069852785 164.37271069852784 2234
136.95 0.16393442622950818 127.63071661209199 158.48071661209198 2739
153.95 0.16393442622950818 125.46141171635088 156.31141171635088 3079
161.45 0.16393442622950818 117.36239753811256 148.21239753811255 3229
164.85 0.16393442622950818 105.885364771757 136.735364771757 3297
209.8 0.16393442622950818 105.2207005497088 136.0707005497088 4196
252.6 0.18032786885245902 93.87193741173755 124.72193741173754 5052
266.85 0.18032786885245902 85.16632968532937 116.01632968532937 5337
286.55 0.18032786885245902 83.67737357161053 114.52737357161053 5731
290.0 0.18032786885245902 68.56987431326877 99.41987431326876 5800
372.05 0.18032786885245902 67.96749911687456 98.81749911687456 7441
385.05 0.18032786885245902 63.45657844492066 94.30657844492066 7701
387.8 0.19672131147540983 58.848926494532456 89.69892649453246 7756
450.15 0.19672131147540983 58.49811104579327 89.34811104579327 9003
455.5 0.19672131147540983 56.31527836527405 87.16527836527405 9110
469.1 0.19672131147540983 55.87309724405855 86.72309724405855 9382
469.85 0.19672131147540983 49.38297907680887 80.23297907680887 9397
