% fevals/dim | frac | F - F_opt (-99.25) | best fitness | fevals
0.05 0.19672131147540983 54.46286567634892 -44.78713432365108 1
0.55 0.21311475409836064 34.6788095696903 -64.5711904303097 11
8.0 0.21311475409836064 34.544553932131265 -64.70544606786873 160
11.75 0.21311475409836064 27.331588567167387 -71.91841143283261 235
17.35 0.21311475409836064 26.630191541450472 -72.61980845854953 347
19.9 0.22950819672131148 22.95906197186693 -76.29093802813307 398
24.25 0.22950819672131148 21.021509928047436 -78.22849007195256 485
28.3 0.2459016393442623 12.572309543589299 -86.6776904564107 566
48.65 0.2459016393442623 11.744681014348345 -87.50531898565166 973
57.95 0.2459016393442623 11.692752218323733 -87.55724778167627 1159
64.7 0.2459016393442623 10.533831261112752 -88.71616873888725 1294
67.35 0.26229508196721313 8.741200079805665 -90.50879992019433 1347
96.3 0.26229508196721313 7.143076443567992 -92.10692355643201 1926
120.75 0.26229508196721313 6.875490583220923 -92.37450941677908 2415
123.8 0.2786885245901639 5.47670586104239 -93.77329413895761 2476
157.4 0.2786885245901639 5.096724271616338 -94.15327572838366 3148
161.8 0.2786885245901639 4.917851117550782 -94.33214888244922 3236
168.75 0.2786885245901639 4.882916806242136 -94.36708319375786 3375
184.9 0.2786885245901639 4.565676470456708 -94.68432352954329 3698
213.8 0.2786885245901639 4.3041822212115335 -94.94581777878847 4276
241.8 0.29508196721311475 3.889030382854017 -95.36096961714598 4836
284.65 0.29508196721311475 3.8717021315244864 -95.37829786847551 5693
332.45 0.29508196721311475 3.789989457761436 -95.46001054223856 6649
