% fevals/dim | frac | F - F_opt (-189.79) | best fitness | fevals
0.05 0.0 35967.46011595278 35777.67011595278 1
0.05 0.0 35967.46011595278 35777.67011595278 1
50.75 0.0 29299.870435920777 29110.080435920776 1015
59.6 0.0 11231.81965876237 11042.029658762369 1192
90.8 0.01639344262295082 9591.983392922368 9402.193392922367 1816
113.05 0.01639344262295082 8357.367469485573 8167.577469485573 2261
114.1 0.01639344262295082 6926.380257863171 6736.590257863171 2282
136.3 0.01639344262295082 6519.87945674637 6330.08945674637 2726
142.8 0.03278688524590164 5420.799115411971 5231.009115411971 2856
156.1 0.03278688524590164 5011.92853340237 4822.13853340237 3122
161.2 0.04918032786885246 3484.065647360769 3294.275647360769 3224
182.5 0.06557377049180328 2251.7419188039694 2061.9519188039694 3650
229.8 0.06557377049180328 1729.3261500807691 1539.5361500807692 4596
253.6 0.06557377049180328 1673.8990410951685 1484.1090410951685 5072
263.85 0.08196721311475409 1354.6737517671688 1164.8837517671689 5277
300.75 0.08196721311475409 1136.7692624199688 946.9792624199688 6015
307.15 0.09836065573770492 894.3830565767694 704.5930565767694 6143
318.2 0.09836065573770492 847.1853286215689 657.395328621569 6364
345.25 0.09836065573770492 765.0973803079692 575.3073803079692 6905
367.2 0.09836065573770492 760.2393829671691 570.4493829671692 7344
406.75 0.09836065573770492 745.7859710503691 555.9959710503691 8135
446.25 0.09836065573770492 703.6951211271692 513.9051211271692 8925
455.65 0.09836065573770492 635.5456867687694 445.75568676876946 9113
489.9 0.11475409836065574 449.40660230476897 259.616602304769 9798
