% fevals/dim | frac | F - F_opt (30.85) | best fitness | fevals
0.05 0.0 167362.51723559058 167393.3672355906 1
2.4 0.0 130896.0317666058 130926.8817666058 48
11.3 0.0 78705.33693453147 78736.18693453148 226
19.5 0.0 63148.032066173706 63178.882066173705 390
22.05 0.0 59480.235321336935 59511.085321336934 441
28.05 0.0 37635.116772490466 37665.966772490465 561
29.1 0.0 36678.90188780609 36709.75188780609 582
32.05 0.0 24884.75989077554 24915.609890775537 641
38.9 0.0 19532.90856652322 19563.758566523218 778
42.55 0.03278688524590164 5023.274683085421 5054.124683085422 851
52.15 0.03278688524590164 4858.400097472175 4889.250097472175 1043
57.85 0.04918032786885246 3671.0987865077955 3701.9487865077954 1157
63.55 0.11475409836065574 431.60320033950194 462.45320033950196 1271
79.6 0.13114754098360656 335.2278973231035 366.0778973231035 1592
108.1 0.13114754098360656 283.2832992821049 314.13329928210493 2162
115.25 0.14754098360655737 214.214356253701 245.064356253701 2305
124.65 0.14754098360655737 206.12154387005899 236.97154387005898 2493
144.35 0.14754098360655737 181.05741337464383 211.90741337464382 2887
153.2 0.14754098360655737 167.22235651123634 198.07235651123634 3064
198.8 0.14754098360655737 166.0579175779344 196.9079175779344 3976
270.95 0.16393442622950818 133.21931325673214 164.06931325673213 5419
282.35 0.16393442622950818 122.20851503987993 153.05851503987992 5647
303.0 0.16393442622950818 112.8200254950622 143.6700254950622 6060
320.1 0.16393442622950818 110.74416850027035 141.59416850027034 6402
371.4 0.18032786885245902 98.60402207518521 129.4540220751852 7428
432.1 0.18032786885245902 94.24927040928148 125.09927040928147 8642
437.8 0.18032786885245902 93.56961332989917 124.41961332989916 8756
448.25 0.18032786885245902 81.43542037521692 112.28542037521692 8965
460.75 0.18032786885245902 81.38369350523428 112.23369350523427 9215
466.2 0.18032786885245902 77.11428702943343 107.96428702943342 9324
492.1 0.18032786885245902 68.23338804525429 99.08338804525428 9842
