% fevals/dim | frac | F - F_opt (-39.43) | best fitness | fevals
0.05 0.19672131147540983 52.775889662616656 13.345889662616656 1
3.5 0.19672131147540983 41.50050279992468 2.0705027999246823 70
5.45 0.19672131147540983 40.34293962944757 0.9129396294475711 109
12.15 0.22950819672131148 24.212523273644578 -15.217476726355422 243
22.05 0.22950819672131148 21.9256742610203 -17.5043257389797 441
29.55 0.22950819672131148 19.54868353484055 -19.88131646515945 591
49.5 0.22950819672131148 17.89971596951208 -21.53028403048792 990
54.85 0.22950819672131148 16.124357174603666 -23.305642825396333 1097
60.8 0.2459016393442623 15.615590586654612 -23.814409413345388 1216
77.7 0.2459016393442623 13.719763213715858 -25.710236786284142 1554
87.55 0.2459016393442623 12.1827906749171 -27.2472093250829 1751
99.85 0.2459016393442623 11.560326144764137 -27.869673855235863 1997
118.95 0.2459016393442623 11.043901270824904 -28.386098729175096 2379
122.2 0.2459016393442623 10.056618790647242 -29.373381209352758 2444
146.15 0.26229508196721313 9.326885062100843 -30.103114937899157 2923
156.65 0.26229508196721313 7.959437132125352 -31.470562867874648 3133
194.7 0.26229508196721313 7.759503531383743 -31.670496468616257 3894
205.2 0.26229508196721313 7.413144021765568 -32.01685597823443 4104
214.4 0.26229508196721313 6.619392678507992 -32.81060732149201 4288
222.6 0.26229508196721313 6.524161910528065 -32.905838089471935 4452
247.2 0.26229508196721313 6.348305964129423 -33.081694035870576 4944
268.6 0.2786885245901639 6.283365381382097 -33.1466346186179 5372
277.05 0.2786885245901639 6.117456196488405 -33.312543803511595 5541
307.6 0.2786885245901639 5.552844930339248 -33.87715506966075 6152
356.85 0.2786885245901639 5.425885074727773 -34.004114925272226 7137
384.7 0.2786885245901639 5.2984984921680365 -34.13150150783196 7694
410.7 0.2786885245901639 5.285835317485201 -34.1441646825148 8214
430.35 0.2786885245901639 5.032661484720784 -34.397338515279216 8607
430.95 0.2786885245901639 4.699713030660831 -34.73028696933917 8619
442.45 0.2786885245901639 4.345158871485772 -35.08484112851423 8849
484.45 0.2786885245901639 4.191841687105715 -35.238158312894285 9689
