% fevals/dim | frac | F - F_opt (-20.33) | best fitness | fevals
0.05 0.0 2520617.3761358913 2520597.046135891 1
2.1 0.0 22104.37812938299 22084.048129382987 42
5.0 0.04918032786885246 2816.8758449884876 2796.5458449884877 100
8.05 0.13114754098360656 258.6040967588603 238.2740967588603 161
9.55 0.14754098360655737 236.934797376351 216.60479737635103 191
72.65 0.14754098360655737 210.69202633626554 190.36202633626556 1453
116.65 0.14754098360655737 176.1849179607171 155.8549179607171 2333
138.7 0.14754098360655737 172.15999831197712 151.82999831197714 2774
201.25 0.14754098360655737 170.10017628451595 149.77017628451597 4025
379.5 0.14754098360655737 164.65161381433052 144.32161381433053 7590
384.15 0.16393442622950818 158.45483668433246 138.12483668433248 7683
