% fevals/dim | frac | F - F_opt (-20.33) | best fitness | fevals
0.05 0.0 2520617.3761358913 2520597.046135891 1
2.95 0.03278688524590164 5663.4017751224765 5643.0717751224765 59
8.95 0.08196721311475409 1019.9772937034141 999.6472937034141 179
14.8 0.11475409836065574 404.5828867367555 384.2528867367555 296
40.05 0.14754098360655737 237.33398259711538 217.0039825971154 801
87.75 0.14754098360655737 199.1061496987602 178.7761496987602 1755
94.45 0.14754098360655737 191.6918942552025 171.36189425520251 1889
239.35 0.14754098360655737 181.19543835417528 160.8654383541753 4787
439.5 0.14754098360655737 164.6349390651137 144.30493906511373 8790
