% fevals/dim | frac | F - F_opt (-66.39) | best fitness | fevals
0.05 0.11475409836065574 399.2761284089512 332.8861284089512 1
1.7 0.13114754098360656 296.8312689773991 230.4412689773991 34
4.3 0.13114754098360656 269.51538198545376 203.12538198545377 86
6.3 0.13114754098360656 269.12089931310464 202.73089931310466 126
8.9 0.13114754098360656 254.65522649830206 188.26522649830207 178
14.55 0.14754098360655737 239.35577863878035 172.96577863878036 291
16.25 0.14754098360655737 232.90354335250169 166.5135433525017 325
19.0 0.14754098360655737 221.55770978982446 155.16770978982447 380
22.75 0.14754098360655737 208.7516082524125 142.3616082524125 455
25.35 0.14754098360655737 206.5349106384511 140.1449106384511 507
27.55 0.14754098360655737 185.7680962647935 119.37809626479351 551
29.9 0.14754098360655737 165.85260665963645 99.46260665963645 598
37.95 0.16393442622950818 145.44608786527195 79.05608786527195 759
48.7 0.16393442622950818 145.2989575975908 78.9089575975908 974
51.6 0.16393442622950818 131.2765816708167 64.88658167081671 1032
56.8 0.16393442622950818 128.04518841605793 61.655188416057925 1136
59.15 0.16393442622950818 122.49077552573569 56.100775525735685 1183
61.35 0.16393442622950818 110.27873903539731 43.88873903539731 1227
65.75 0.16393442622950818 103.82019061940684 37.430190619406844 1315
70.95 0.18032786885245902 89.45270733105664 23.062707331056643 1419
77.0 0.18032786885245902 86.56892734900468 20.17892734900468 1540
80.9 0.18032786885245902 84.5105676558961 18.120567655896096 1618
87.4 0.18032786885245902 83.42463301820612 17.034633018206122 1748
89.55 0.18032786885245902 76.15009654922179 9.760096549221785 1791
101.2 0.18032786885245902 67.75042136360975 1.3604213636097455 2024
105.15 0.19672131147540983 58.05432542894302 -8.335674571056984 2103
119.75 0.19672131147540983 50.908013149962095 -15.481986850037906 2395
129.8 0.19672131147540983 47.98844554786192 -18.40155445213808 2596
135.35 0.19672131147540983 40.13897151759853 -26.251028482401473 2707
143.15 0.21311475409836064 36.86633052755644 -29.523669472443558 2863
161.35 0.21311475409836064 34.505798630664536 -31.884201369335464 3227
166.55 0.21311475409836064 30.540023321104883 -35.84997667889512 3331
181.7 0.21311475409836064 28.36854381798787 -38.02145618201213 3634
207.95 0.22950819672131148 23.755446824866937 -42.634553175133064 4159
248.4 0.22950819672131148 22.839437435498397 -43.550562564501604 4968
261.4 0.22950819672131148 20.581761652129018 -45.80823834787098 5228
270.7 0.22950819672131148 19.863085993867074 -46.52691400613293 5414
276.95 0.22950819672131148 18.605410210497695 -47.784589789502306 5539
297.15 0.22950819672131148 17.605410210497695 -48.784589789502306 5943
307.55 0.2459016393442623 15.056860239091428 -51.33313976090857 6151
