% fevals/dim | frac | F - F_opt (-20.33) | best fitness | fevals
0.05 0.0 2520617.3761358913 2520597.046135891 1
2.1 0.0 22104.37812938299 22084.048129382987 42
3.35 0.08196721311475409 1259.0177992584067 1238.6877992584068 67
12.85 0.08196721311475409 1108.0319676005586 1087.7019676005586 257
18.6 0.09836065573770492 744.9764201768016 724.6464201768016 372
24.1 0.13114754098360656 380.40201499845534 360.07201499845536 482
26.45 0.14754098360655737 217.10837891179432 196.77837891179433 529
54.25 0.14754098360655737 193.72280633012446 173.39280633012447 1085
98.85 0.14754098360655737 177.84449249388075 157.51449249388077 1977
216.95 0.14754098360655737 163.58191876994636 143.25191876994637 4339
267.05 0.16393442622950818 155.41595849650105 135.08595849650106 5341
295.35 0.16393442622950818 147.4551830037649 127.12518300376489 5907
439.65 0.16393442622950818 146.69067269049762 126.36067269049762 8793
473.45 0.18032786885245902 86.36997506162358 66.03997506162358 9469
486.45 0.18032786885245902 79.9091295712196 59.579129571219596 9729
