% fevals/dim | frac | F - F_opt (-39.43) | best fitness | fevals
0.05 0.19672131147540983 52.775889662616656 13.345889662616656 1
3.5 0.19672131147540983 41.50050279992468 2.0705027999246823 70
7.35 0.21311475409836064 31.1609183213361 -8.269081678663898 147
25.4 0.21311475409836064 29.322089453458563 -10.107910546541437 508
36.35 0.22950819672131148 17.91545471764778 -21.51454528235222 727
81.15 0.2459016393442623 13.606151497198454 -25.823848502801546 1623
95.75 0.2459016393442623 10.171854321497754 -29.258145678502245 1915
207.7 0.2459016393442623 10.146008661968605 -29.283991338031395 4154
222.15 0.26229508196721313 8.449549193729759 -30.98045080627024 4443
229.45 0.26229508196721313 8.273948753378903 -31.156051246621097 4589
257.35 0.26229508196721313 7.6142955927889595 -31.81570440721104 5147
278.5 0.26229508196721313 6.791597345021934 -32.638402654978066 5570
301.7 0.2786885245901639 5.844947369870518 -33.58505263012948 6034
345.55 0.2786885245901639 4.529879891894794 -34.900120108105206 6911
360.15 0.2786885245901639 4.379658274398189 -35.05034172560181 7203
371.15 0.29508196721311475 3.701079072518141 -35.72892092748186 7423
414.95 0.29508196721311475 3.6768984687331496 -35.75310153126685 8299
466.05 0.29508196721311475 2.978033900231914 -36.451966099768086 9321
495.25 0.29508196721311475 2.9530491135248482 -36.47695088647515 9905
