% fevals/dim | frac | F - F_opt (-48.6) | best fitness | fevals
0.05 0.18032786885245902 73.01293272394747 24.41293272394747 1
0.05 0.18032786885245902 73.01293272394747 24.41293272394747 1
15.4 0.18032786885245902 70.83413612803352 22.23413612803352 308
41.0 0.18032786885245902 66.5578350480056 17.9578350480056 820
78.65 0.19672131147540983 62.38751132229565 13.78751132229565 1573
103.25 0.19672131147540983 61.97526870108345 13.37526870108345 2065
150.8 0.19672131147540983 55.83136174931179 7.231361749311787 3016
163.85 0.19672131147540983 44.212360560651874 -4.387639439348128 3277
198.9 0.21311475409836064 39.378528315622525 -9.221471684377477 3978
286.75 0.21311475409836064 32.865235371789225 -15.734764628210776 5735
419.85 0.21311475409836064 29.375301523974297 -19.224698476025704 8397
482.6 0.21311475409836064 28.024123564153026 -20.575876435846975 9652
