% fevals/dim | frac | F - F_opt (-136.76) | best fitness | fevals
0.05 0.0 18319.617419137103 18182.857419137104 1
0.05 0.0 18319.617419137103 18182.857419137104 1
7.7 0.0 11839.623306222624 11702.863306222624 154
17.9 0.0 11539.430517266996 11402.670517266995 358
22.7 0.0 10359.146030997035 10222.386030997035 454
23.35 0.01639344262295082 9752.68558725547 9615.92558725547 467
27.6 0.01639344262295082 8972.142535087489 8835.382535087489 552
33.95 0.03278688524590164 5200.92073882716 5064.16073882716 679
35.85 0.04918032786885246 2746.757913329042 2609.9979133290417 717
46.7 0.08196721311475409 1396.666510394916 1259.906510394916 934
50.75 0.11475409836065574 507.2610489252911 370.5010489252911 1015
55.85 0.11475409836065574 438.59106804485026 301.83106804485027 1117
60.95 0.11475409836065574 438.35862416215247 301.5986241621525 1219
68.4 0.2786885245901639 4.673682713912854 -132.08631728608714 1368
88.8 0.29508196721311475 3.6868405234288844 -133.0731594765711 1776
125.1 0.29508196721311475 3.5490610160220797 -133.2109389839779 2502
131.2 0.29508196721311475 3.3632894801683904 -133.3967105198316 2624
141.4 0.29508196721311475 3.288925399513545 -133.47107460048645 2828
151.2 0.29508196721311475 3.281027470582927 -133.47897252941706 3024
161.8 0.29508196721311475 3.071532774263005 -133.68846722573699 3236
179.05 0.29508196721311475 3.042278958272277 -133.7177210417277 3581
191.7 0.29508196721311475 3.039366570853673 -133.72063342914632 3834
194.25 0.29508196721311475 3.0013949008017846 -133.7586050991982 3885
202.3 0.29508196721311475 2.9699954094254792 -133.7900045905745 4046
206.35 0.29508196721311475 2.917159608989806 -133.84284039101018 4127
231.7 0.29508196721311475 2.7057001646007564 -134.05429983539923 4634
251.2 0.29508196721311475 2.6822000332461755 -134.07779996675382 5024
258.85 0.29508196721311475 2.6572005623906136 -134.10279943760938 5177
302.95 0.29508196721311475 2.631019715530101 -134.1289802844699 6059
343.2 0.29508196721311475 2.534202816118352 -134.22579718388164 6864
402.25 0.29508196721311475 2.519203296652506 -134.24079670334748 8045
410.05 0.3114754098360656 2.4739713423037415 -134.28602865769625 8201
425.1 0.3114754098360656 2.4734211848600864 -134.2865788151399 8502
