% fevals/dim | frac | F - F_opt (-136.76) | best fitness | fevals
0.05 0.0 18319.617419137103 18182.857419137104 1
0.05 0.0 18319.617419137103 18182.857419137104 1
8.85 0.0 18130.069154222834 17993.309154222836 177
12.85 0.0 10828.368106207608 10691.608106207608 257
15.45 0.01639344262295082 8551.770037329505 8415.010037329504 309
19.85 0.03278688524590164 5851.253121775851 5714.49312177585 397
24.8 0.04918032786885246 2803.2867165322723 2666.526716532272 496
29.0 0.04918032786885246 2686.7756523421167 2550.0156523421165 580
32.9 0.04918032786885246 2652.734384245159 2515.974384245159 658
37.8 0.04918032786885246 2641.091829373915 2504.331829373915 756
40.7 0.11475409836065574 514.1243702672518 377.36437026725184 814
44.6 0.11475409836065574 423.65746380782394 286.89746380782395 892
47.2 0.13114754098360656 259.3866382590979 122.62663825909789 944
65.35 0.18032786885245902 65.33524191754417 -71.42475808245582 1307
73.15 0.18032786885245902 65.21530435580546 -71.54469564419453 1463
76.25 0.2459016393442623 13.750332867088872 -123.00966713291112 1525
78.85 0.26229508196721313 6.507409992671029 -130.25259000732896 1577
84.05 0.2786885245901639 6.244758173891938 -130.51524182610805 1681
87.4 0.29508196721311475 3.4269553679383478 -133.33304463206164 1748
153.75 0.29508196721311475 3.356041719502798 -133.4039582804972 3075
157.6 0.29508196721311475 3.2782904617511406 -133.48170953824885 3152
186.2 0.29508196721311475 3.0310573953850337 -133.72894260461496 3724
190.75 0.29508196721311475 2.9627983701858227 -133.79720162981417 3815
209.6 0.29508196721311475 2.9457514718977222 -133.81424852810227 4192
231.75 0.29508196721311475 2.9064790456957326 -133.85352095430426 4635
243.95 0.29508196721311475 2.897318787942311 -133.86268121205768 4879
249.5 0.29508196721311475 2.8368662256769426 -133.92313377432305 4990
253.15 0.29508196721311475 2.817153254381651 -133.94284674561834 5063
258.35 0.3114754098360656 2.504050645977628 -134.25594935402236 5167
352.7 0.3114754098360656 2.4739713423037415 -134.28602865769625 7054
