% fevals/dim | frac | F - F_opt (-568.88) | best fitness | fevals
0.05 0.0 10716399.223101042 10715830.343101041 1
6.4 0.0 2068853.5566924256 2068284.6766924257 128
28.6 0.0 1089565.0297177369 1088996.149717737 572
69.05 0.0 1038940.4090077889 1038371.5290077889 1381
72.15 0.0 895170.9481461952 894602.0681461951 1443
90.1 0.0 883049.5644608107 882480.6844608107 1802
131.35 0.0 689267.860247642 688698.980247642 2627
257.0 0.0 639461.8695516819 638892.9895516819 5140
312.85 0.0 496218.4250277782 495649.5450277782 6257
355.0 0.0 418280.409220788 417711.529220788 7100
