% fevals/dim | frac | F - F_opt (-568.88) | best fitness | fevals
0.05 0.0 10716399.223101042 10715830.343101041 1
6.4 0.0 2068853.5566924256 2068284.6766924257 128
16.55 0.0 1444336.7059317313 1443767.8259317314 331
33.15 0.0 1188888.6694331355 1188319.7894331357 663
57.7 0.0 581095.6727986474 580526.7927986474 1154
88.15 0.0 580910.928877048 580342.048877048 1763
124.5 0.0 577408.8141919747 576839.9341919747 2490
149.05 0.0 517638.2376750732 517069.3576750732 2981
169.35 0.0 517590.43639379164 517021.55639379163 3387
179.5 0.0 478977.8985893302 478409.0185893302 3590
240.4 0.0 468585.21152090974 468016.33152090973 4808
259.7 0.0 417159.36203897005 416590.48203897005 5194
361.2 0.0 417083.7717998281 416514.8917998281 7224
