% fevals/dim | frac | F - F_opt (-568.88) | best fitness | fevals
0.05 0.0 10716399.223101042 10715830.343101041 1
6.4 0.0 2068853.5566924256 2068284.6766924257 128
15.55 0.0 1906207.6053040407 1905638.7253040408 311
24.35 0.0 1530734.7703185205 1530165.8903185206 487
36.2 0.0 1277925.2756006583 1277356.3956006584 724
49.65 0.0 1176701.178168326 1176132.298168326 993
92.9 0.0 973386.1507535735 972817.2707535735 1858
239.95 0.0 857296.5709187188 856727.6909187188 4799
291.85 0.0 856555.6270970902 855986.7470970902 5837
395.65 0.0 854890.7501651705 854321.8701651705 7913
430.25 0.0 845549.2267409172 844980.3467409172 8605
