% fevals/dim | frac | F - F_opt (-66.39) | best fitness | fevals
0.05 0.11475409836065574 399.2761284089512 332.8861284089512 1
2.7 0.14754098360655737 204.04902393086383 137.65902393086384 54
15.75 0.14754098360655737 164.92252317892786 98.53252317892786 315
55.3 0.14754098360655737 160.61862173787034 94.22862173787034 1106
92.5 0.16393442622950818 128.78501879377046 62.39501879377046 1850
101.65 0.16393442622950818 110.58076846208141 44.19076846208141 2033
123.3 0.16393442622950818 107.59427132739187 41.204271327391865 2466
136.2 0.2786885245901639 5.0 -61.39 2724
192.0 1.0 0.0 -66.39 3840
