% fevals/dim | frac | F - F_opt (-568.88) | best fitness | fevals
0.05 0.0 10716399.223101042 10715830.343101041 1
2.7 0.0 2243974.2904430595 2243405.4104430596 54
9.1 0.0 2137568.9181009065 2137000.0381009066 182
19.45 0.0 1175190.52533754 1174621.6453375402 389
36.45 0.0 1138349.2742598304 1137780.3942598305 729
39.8 0.0 1056894.4789025234 1056325.5989025235 796
43.5 0.0 826507.9010818715 825939.0210818715 870
52.6 0.0 409437.22394035134 408868.34394035133 1052
94.3 0.0 387415.8644092381 386846.9844092381 1886
114.4 0.0 334103.8863165801 333535.0063165801 2288
188.1 0.0 325032.54614439426 324463.66614439426 3762
209.35 0.0 323128.2071764865 322559.3271764865 4187
215.85 0.0 314383.00776647066 313814.12776647066 4317
251.85 0.0 313936.1051357365 313367.2251357365 5037
261.9 0.0 313668.03723317443 313099.1572331744 5238
273.05 0.0 300406.18054850376 299837.30054850376 5461
281.95 0.0 298028.5778168583 297459.6978168583 5639
295.3 0.0 296033.6853577506 295464.8053577506 5906
316.05 0.0 295277.7561399163 294708.8761399163 6321
379.05 0.0 294895.4681353083 294326.5881353083 7581
389.8 0.0 294893.0559638699 294324.1759638699 7796
409.0 0.0 294885.53955423366 294316.65955423366 8180
436.7 0.0 294882.70739243866 294313.82739243866 8734
439.35 0.0 294861.1616756725 294292.2816756725 8787
459.3 0.0 294814.859571476 294245.979571476 9186
