% fevals/dim | frac | F - F_opt (-66.39) | best fitness | fevals
0.05 0.11475409836065574 399.2761284089512 332.8861284089512 1
2.7 0.14754098360655737 204.04902393086383 137.65902393086384 54
27.7 0.14754098360655737 196.72598441516715 130.33598441516716 554
31.55 0.14754098360655737 196.56198581548063 130.17198581548064 631
40.4 0.14754098360655737 159.11655639778434 92.72655639778434 808
50.3 0.16393442622950818 130.4968850307619 64.10688503076189 1006
76.6 0.16393442622950818 122.94289827543113 56.55289827543113 1532
108.25 0.16393442622950818 112.306706339832 45.916706339832004 2165
114.25 0.18032786885245902 68.96063210683994 2.5706321068399376 2285
153.4 0.19672131147540983 57.217930310667185 -9.172069689332815 3068
166.7 0.19672131147540983 54.03995881214248 -12.35004118785752 3334
178.55 0.22950819672131148 24.624417643288922 -41.76558235671108 3571
254.5 0.22950819672131148 16.803520320178343 -49.58647967982166 5090
291.1 0.29508196721311475 3.0691380811147866 -63.320861918885214 5822
416.15 1.0 0.0 -66.39 8323
