% fevals/dim | frac | F - F_opt (-136.76) | best fitness | fevals
0.05 0.0 18319.617419137103 18182.857419137104 1
0.05 0.0 18319.617419137103 18182.857419137104 1
15.8 0.0 18193.61973759479 18056.85973759479 316
22.4 0.0 17873.691512132482 17736.931512132483 448
25.35 0.0 15103.746887735077 14966.986887735076 507
28.5 0.0 13775.542571640692 13638.782571640691 570
43.0 0.01639344262295082 7389.73653053972 7252.9765305397195 860
47.8 0.03278688524590164 5059.161808214758 4922.401808214758 956
64.35 0.04918032786885246 3682.5273849494006 3545.7673849494004 1287
76.95 0.04918032786885246 2979.33143557357 2842.57143557357 1539
79.1 0.04918032786885246 2534.260256220293 2397.5002562202926 1582
91.0 0.06557377049180328 2475.458016115492 2338.6980161154916 1820
92.75 0.08196721311475409 1212.443946294506 1075.683946294506 1855
114.8 0.08196721311475409 1157.9829161982916 1021.2229161982916 2296
133.7 0.08196721311475409 1157.9224895043221 1021.1624895043221 2674
135.9 0.09836065573770492 763.4518365669454 626.6918365669454 2718
148.75 0.13114754098360656 391.26772206509776 254.50772206509777 2975
154.8 0.13114754098360656 338.01077562562796 201.25077562562797 3096
157.95 0.13114754098360656 272.93055800106936 136.17055800106937 3159
172.25 0.13114754098360656 267.35971737084793 130.59971737084794 3445
175.4 0.13114754098360656 266.94504706966455 130.18504706966456 3508
176.75 0.2786885245901639 4.198621530327898 -132.5613784696721 3535
189.35 0.2786885245901639 4.094835087712141 -132.66516491228785 3787
227.6 0.29508196721311475 3.7313653990150044 -133.028634600985 4552
230.75 0.29508196721311475 3.5799106460211476 -133.18008935397884 4615
251.25 0.29508196721311475 3.570367697951866 -133.18963230204812 5025
254.4 0.29508196721311475 3.3983402781031202 -133.36165972189687 5088
271.7 0.29508196721311475 3.077434902839485 -133.6825650971605 5434
296.9 0.29508196721311475 3.055113420902188 -133.7048865790978 5938
419.75 0.29508196721311475 2.99098316810867 -133.76901683189132 8395
435.5 0.29508196721311475 2.9452010563162503 -133.81479894368374 8710
470.2 0.29508196721311475 2.9035811634556694 -133.85641883654432 9404
473.35 0.29508196721311475 2.7661398287959855 -133.993860171204 9467
