% fevals/dim | frac | F - F_opt (92.94) | best fitness | fevals
0.05 0.06557377049180328 1756.5747510805509 1849.514751080551 1
2.65 0.09836065573770492 941.4640668565382 1034.4040668565383 53
8.85 0.11475409836065574 593.1783300087352 686.1183300087353 177
15.05 0.11475409836065574 560.8519384116544 653.7919384116544 301
27.45 0.11475409836065574 516.7676351329862 609.7076351329863 549
39.9 0.11475409836065574 435.1573460109367 528.0973460109367 798
44.6 0.13114754098360656 344.1655868005989 437.10558680059887 892
49.2 0.14754098360655737 243.9282239778815 336.8682239778815 984
82.75 0.14754098360655737 200.96801829324795 293.90801829324795 1655
107.55 0.14754098360655737 191.60399487628382 284.5439948762838 2151
179.15 0.16393442622950818 139.52404571203425 232.46404571203425 3583
191.55 0.16393442622950818 117.93944877082356 210.87944877082356 3831
194.65 0.16393442622950818 109.99763272640143 202.93763272640143 3893
224.65 0.16393442622950818 106.34833583999517 199.28833583999517 4493
271.15 0.18032786885245902 97.73311848742924 190.67311848742924 5423
277.35 0.18032786885245902 97.00222053587748 189.94222053587748 5547
397.0 0.18032786885245902 94.82636841043495 187.76636841043495 7940
406.3 0.18032786885245902 85.59016742404015 178.53016742404014 8126
491.25 0.18032786885245902 79.1029089495309 172.0429089495309 9825
