% fevals/dim | frac | F - F_opt (-92.47) | best fitness | fevals
0.05 0.11475409836065574 621.942385354402 529.4723853544019 1
0.05 0.11475409836065574 621.942385354402 529.4723853544019 1
5.6 0.11475409836065574 570.4574422403543 477.9874422403543 112
8.5 0.11475409836065574 563.4740005400749 471.0040005400749 170
14.95 0.11475409836065574 526.7057639114801 434.23576391148003 299
28.1 0.11475409836065574 473.02105648676707 380.55105648676704 562
44.45 0.13114754098360656 381.60637432322267 289.13637432322264 889
63.65 0.13114754098360656 373.7719505736227 281.30195057362266 1273
83.25 0.13114754098360656 359.49448122084095 267.0244812208409 1665
95.4 0.13114754098360656 350.6871228539452 258.21712285394517 1908
114.65 0.13114754098360656 332.05837665129934 239.58837665129934 2293
126.85 0.13114754098360656 317.49713926170307 225.02713926170307 2537
143.8 0.13114754098360656 302.0048649237082 209.53486492370823 2876
146.6 0.13114754098360656 259.76175147775257 167.29175147775257 2932
210.75 0.14754098360655737 206.95973611502134 114.48973611502134 4215
371.6 0.14754098360655737 205.17419018307862 112.70419018307862 7432
377.2 0.14754098360655737 203.945961567794 111.475961567794 7544
491.85 0.14754098360655737 187.13113561409617 94.66113561409617 9837
