% fevals/dim | frac | F - F_opt (-66.39) | best fitness | fevals
0.05 0.11475409836065574 399.2761284089512 332.8861284089512 1
2.7 0.14754098360655737 204.04902393086383 137.65902393086384 54
26.15 0.14754098360655737 194.2131727514126 127.8231727514126 523
39.55 0.14754098360655737 185.56032766610386 119.17032766610386 791
48.25 0.14754098360655737 162.3724162843853 95.98241628438531 965
68.45 0.16393442622950818 125.71273062082625 59.32273062082625 1369
87.15 0.16393442622950818 113.2008189085396 46.8108189085396 1743
92.1 0.16393442622950818 110.3022204957813 43.9122204957813 1842
98.15 0.18032786885245902 95.3406651846231 28.950665184623105 1963
106.95 0.18032786885245902 90.438997762273 24.048997762273004 2139
112.0 0.18032786885245902 75.44509019694709 9.055090196947091 2240
116.95 0.19672131147540983 60.28018664278491 -6.109813357215089 2339
122.85 0.19672131147540983 41.21146337161939 -25.178536628380613 2457
154.1 0.21311475409836064 34.54974055406141 -31.840259445938592 3082
159.05 0.22950819672131148 21.248284971900773 -45.14171502809923 3181
168.9 0.2459016393442623 14.315349664862993 -52.07465033513701 3378
173.85 0.2459016393442623 12.069138081114787 -54.320861918885214 3477
187.6 0.2459016393442623 10.997884264994617 -55.39211573500538 3752
188.45 0.26229508196721313 7.451559220468738 -58.93844077953126 3769
197.1 0.2786885245901639 6.0 -60.39 3942
223.1 0.2786885245901639 4.884271440496391 -61.50572855950361 4462
243.5 0.3114754098360656 1.6237767391887274 -64.76622326081127 4870
250.85 1.0 0.0 -66.39 5017
