% fevals/dim | frac | F - F_opt (-66.39) | best fitness | fevals
0.05 0.11475409836065574 399.2761284089512 332.8861284089512 1
2.7 0.14754098360655737 204.04902393086383 137.65902393086384 54
19.9 0.14754098360655737 195.37410020466683 128.98410020466685 398
27.5 0.14754098360655737 195.20152113991776 128.81152113991777 550
38.9 0.16393442622950818 151.6188528758882 85.2288528758882 778
42.7 0.16393442622950818 148.1465886075842 81.75658860758419 854
52.05 0.16393442622950818 147.55801493773504 81.16801493773504 1041
61.85 0.16393442622950818 134.18003448127155 67.79003448127155 1237
71.6 0.16393442622950818 109.3924508253732 43.0024508253732 1432
79.8 0.18032786885245902 78.71525592368698 12.325255923686981 1596
83.6 0.18032786885245902 67.5320014300352 1.1420014300351937 1672
101.05 0.19672131147540983 59.740084009824955 -6.649915990175046 2021
112.45 0.19672131147540983 48.4635316853658 -17.9264683146342 2249
114.9 0.21311475409836064 39.115122430165044 -27.274877569834956 2298
126.3 0.21311475409836064 26.463671820651697 -39.9263281793483 2526
141.6 0.22950819672131148 20.33684148815442 -46.05315851184558 2832
149.2 0.22950819672131148 20.227231393427218 -46.16276860657278 2984
164.4 0.2459016393442623 14.728289260929913 -51.66171073907009 3288
186.95 0.2459016393442623 10.345690405573947 -56.04430959442605 3739
196.2 0.26229508196721313 8.158086460855223 -58.23191353914478 3924
200.0 0.32786885245901637 1.4384498882876642 -64.95155011171234 4000
202.15 1.0 0.0 -66.39 4043
