% fevals/dim | frac | F - F_opt (-99.25) | best fitness | fevals
0.05 0.19672131147540983 54.46286567634892 -44.78713432365108 1
0.05 0.19672131147540983 54.46286567634892 -44.78713432365108 1
4.55 0.19672131147540983 44.658689405367824 -54.591310594632176 91
7.8 0.21311475409836064 35.1250476745935 -64.1249523254065 156
12.85 0.21311475409836064 35.002946023464204 -64.2470539765358 257
18.65 0.21311475409836064 34.538298757242146 -64.71170124275785 373
26.35 0.21311475409836064 28.132509741217945 -71.11749025878206 527
28.25 0.21311475409836064 26.903895763626878 -72.34610423637312 565
33.55 0.22950819672131148 16.92497937116343 -82.32502062883657 671
68.05 0.2459016393442623 12.9501899592007 -86.2998100407993 1361
73.7 0.2459016393442623 11.604236445584476 -87.64576355441552 1474
85.25 0.26229508196721313 9.685095059596136 -89.56490494040386 1705
116.05 0.26229508196721313 9.35292727160845 -89.89707272839155 2321
120.65 0.26229508196721313 8.89831181820091 -90.35168818179909 2413
124.5 0.2786885245901639 5.933188858898035 -93.31681114110197 2490
132.2 0.2786885245901639 4.950027688381866 -94.29997231161813 2644
251.7 0.2786885245901639 4.476125760002361 -94.77387423999764 5034
259.4 0.2786885245901639 4.463964398360517 -94.78603560163948 5188
263.25 0.2786885245901639 4.202055448457031 -95.04794455154297 5265
270.95 0.29508196721311475 3.783725743072708 -95.46627425692729 5419
294.05 0.29508196721311475 3.559270814476335 -95.69072918552367 5881
332.55 0.29508196721311475 3.21041296217075 -96.03958703782925 6651
336.6 0.3114754098360656 2.086057449521576 -97.16394255047842 6732
453.2 0.3114754098360656 1.7220984218073028 -97.5279015781927 9064
468.6 0.3114754098360656 1.6311863588177005 -97.6188136411823 9372
491.7 0.32786885245901637 1.4610532851626061 -97.7889467148374 9834
