% fevals/dim | frac | F - F_opt (32.7) | best fitness | fevals
0.05 0.18032786885245902 87.29032794448968 119.99032794448968 1
2.4 0.21311475409836064 35.18330894003506 67.88330894003506 48
14.75 0.21311475409836064 26.91208291619364 59.61208291619364 295
29.35 0.22950819672131148 24.714827790307808 57.41482779030781 587
33.2 0.22950819672131148 22.790956207110895 55.4909562071109 664
46.3 0.22950819672131148 22.287420384813217 54.98742038481322 926
53.65 0.22950819672131148 22.19704302260697 54.89704302260697 1073
54.45 0.22950819672131148 21.792463748747082 54.492463748747085 1089
61.35 0.22950819672131148 18.481334624310676 51.18133462431068 1227
63.5 0.2459016393442623 15.53899305310933 48.23899305310933 1270
76.6 0.2459016393442623 13.887672918015866 46.58767291801587 1532
80.65 0.2459016393442623 12.773804909674965 45.47380490967497 1613
88.15 0.26229508196721313 7.70454259573382 40.40454259573382 1763
115.1 0.26229508196721313 7.113272113943168 39.81327211394317 2302
122.8 0.26229508196721313 7.0789223921469215 39.778922392146924 2456
161.3 0.26229508196721313 6.380263823653124 39.08026382365313 3226
176.7 0.2786885245901639 5.32229688978601 38.02229688978601 3534
222.9 0.29508196721311475 3.562686694060666 36.26268669406067 4458
322.0 0.29508196721311475 3.467248514186039 36.16724851418604 6440
337.4 0.29508196721311475 3.424502508021149 36.12450250802115 6748
348.55 0.29508196721311475 3.215489912325431 35.915489912325434 6971
351.15 0.29508196721311475 2.859781424580355 35.55978142458036 7023
362.7 0.29508196721311475 2.8320448501649267 35.53204485016493 7254
381.45 0.3114754098360656 2.4755111919275095 35.17551119192751 7629
421.9 0.3114754098360656 2.064770883816287 34.76477088381629 8438
440.8 0.3114754098360656 1.7406054295040434 34.440605429504046 8816
467.75 0.32786885245901637 1.3923931454394918 34.092393145439495 9355
483.15 0.32786885245901637 1.2118154075821792 33.91181540758218 9663
