% fevals/dim | frac | F - F_opt (-568.88) | best fitness | fevals
0.05 0.0 10716399.223101042 10715830.343101041 1
2.7 0.0 2243974.2904430595 2243405.4104430596 54
6.0 0.0 1738111.1791690786 1737542.2991690787 120
25.8 0.0 1737416.994703173 1736848.114703173 516
31.3 0.0 1517727.8274481664 1517158.9474481666 626
35.8 0.0 1145491.743274366 1144922.8632743661 716
37.9 0.0 1034590.5629382252 1034021.6829382252 758
40.1 0.0 824554.1964827618 823985.3164827618 802
48.05 0.0 741291.526665004 740722.646665004 961
50.45 0.0 641904.7315261371 641335.8515261371 1009
63.2 0.0 431512.4479706289 430943.5679706289 1264
85.8 0.0 419343.57653692056 418774.69653692056 1716
89.1 0.0 406519.3506779971 405950.4706779971 1782
92.45 0.0 382509.59918103105 381940.71918103105 1849
95.75 0.0 350475.4596477046 349906.5796477046 1915
105.65 0.0 350207.74011382845 349638.86011382844 2113
108.95 0.0 350105.2249889858 349536.3449889858 2179
115.3 0.0 349826.3601885996 349257.4801885996 2306
121.05 0.0 327309.7004960784 326740.8204960784 2421
127.65 0.0 326583.50751244667 326014.62751244666 2553
130.75 0.0 310174.4582388389 309605.5782388389 2615
140.65 0.0 310154.41602580086 309585.53602580086 2813
150.75 0.0 306546.054399478 305977.174399478 3015
160.65 0.0 298500.6757112506 297931.79571125057 3213
163.95 0.0 298339.6240997032 297770.7440997032 3279
168.95 0.0 294619.0453472575 294050.1653472575 3379
178.85 0.0 294417.3839703597 293848.5039703597 3577
184.6 0.0 293354.5948568464 292785.7148568464 3692
197.8 0.0 291527.8715921767 290958.9915921767 3956
204.4 0.0 291217.6394582228 290648.7594582228 4088
207.7 0.0 290939.7796441004 290370.8996441004 4154
223.0 0.0 290563.10076056066 289994.22076056065 4460
249.4 0.0 290024.50555726304 289455.62555726303 4988
254.5 0.0 289202.50024881714 288633.62024881714 5090
257.8 0.0 288988.5808665286 288419.7008665286 5156
273.55 0.0 288742.9076520364 288174.0276520364 5471
280.15 0.0 288737.39086755435 288168.51086755435 5603
287.75 0.0 288518.2714927619 287949.3914927619 5755
294.5 0.0 288473.6838371229 287904.8038371229 5890
314.3 0.0 288447.5584631662 287878.6784631662 6286
373.7 0.0 288446.334950719 287877.454950719 7474
380.3 0.0 288441.7742923669 287872.8942923669 7606
408.05 0.0 288431.42738311744 287862.54738311743 8161
452.75 0.0 288431.1875742818 287862.3075742818 9055
457.55 0.0 288430.95007626695 287862.07007626694 9151
