% fevals/dim | frac | F - F_opt (92.94) | best fitness | fevals
0.05 0.06557377049180328 1756.5747510805509 1849.514751080551 1
2.65 0.09836065573770492 941.4640668565382 1034.4040668565383 53
7.95 0.11475409836065574 419.65028634701986 512.5902863470199 159
32.65 0.11475409836065574 402.1521776306072 495.0921776306072 653
59.65 0.14754098360655737 203.3606634148756 296.3006634148756 1193
105.4 0.16393442622950818 130.90125518429247 223.84125518429246 2108
138.3 0.16393442622950818 126.80450111719739 219.7445011171974 2766
158.05 0.16393442622950818 123.52128247566304 216.46128247566304 3161
185.55 0.16393442622950818 117.45285206441258 210.39285206441258 3711
209.75 0.16393442622950818 111.35459354402329 204.2945935440233 4195
244.35 0.16393442622950818 103.72932402636644 196.66932402636644 4887
265.7 0.18032786885245902 70.56313602406374 163.50313602406374 5314
352.25 0.18032786885245902 65.37479884261643 158.31479884261643 7045
382.95 0.19672131147540983 50.11893301189076 143.05893301189076 7659
439.35 0.19672131147540983 48.01521241967197 140.95521241967197 8787
