% fevals/dim | frac | F - F_opt (-92.47) | best fitness | fevals
0.05 0.11475409836065574 621.942385354402 529.4723853544019 1
0.05 0.11475409836065574 621.942385354402 529.4723853544019 1
13.05 0.11475409836065574 587.8870215374995 495.4170215374995 261
18.45 0.11475409836065574 576.747268419937 484.27726841993695 369
27.2 0.11475409836065574 573.2741118322783 480.8041118322783 544
34.2 0.11475409836065574 520.5430177727474 428.07301777274733 684
55.65 0.11475409836065574 464.57375128340107 372.10375128340104 1113
62.85 0.11475409836065574 462.7950610213703 370.3250610213703 1257
63.95 0.11475409836065574 437.76955115185103 345.299551151851 1279
72.35 0.13114754098360656 381.0902082583274 288.62020825832735 1447
85.15 0.13114754098360656 378.00759662738574 285.5375966273857 1703
90.65 0.13114754098360656 376.99341765030294 284.5234176503029 1813
105.95 0.13114754098360656 363.50965819111116 271.03965819111113 2119
115.15 0.13114754098360656 355.07053283889525 262.6005328388952 2303
116.45 0.13114754098360656 330.0389363481349 237.56893634813488 2329
163.3 0.13114754098360656 289.63984883559846 197.16984883559846 3266
236.15 0.13114754098360656 276.87623291854135 184.40623291854135 4723
253.7 0.13114754098360656 261.4381580913947 168.9681580913947 5074
280.8 0.13114754098360656 258.6052598222381 166.1352598222381 5616
322.95 0.13114754098360656 254.23652213510394 161.76652213510394 6459
327.1 0.13114754098360656 253.34517325450292 160.87517325450293 6542
345.75 0.14754098360655737 243.35652949643318 150.88652949643318 6915
348.1 0.14754098360655737 230.49449339396514 138.02449339396514 6962
362.2 0.14754098360655737 212.47150140311481 120.00150140311482 7244
463.35 0.14754098360655737 200.91580797587824 108.44580797587824 9267
