% fevals/dim | frac | F - F_opt (-92.47) | best fitness | fevals
0.05 0.11475409836065574 621.942385354402 529.4723853544019 1
0.05 0.11475409836065574 621.942385354402 529.4723853544019 1
12.45 0.11475409836065574 611.8285957079172 519.3585957079172 249
18.0 0.11475409836065574 553.7103537941518 461.2403537941518 360
23.25 0.11475409836065574 531.875358166707 439.40535816670695 465
31.45 0.11475409836065574 512.8059518319144 420.3359518319144 629
49.95 0.11475409836065574 490.99477282315536 398.52477282315533 999
64.95 0.11475409836065574 407.58771463991104 315.117714639911 1299
82.85 0.11475409836065574 404.67389364277403 312.203893642774 1657
96.65 0.13114754098360656 357.2879671274252 264.81796712742516 1933
101.9 0.13114754098360656 357.1261942626477 264.65619426264766 2038
113.85 0.13114754098360656 324.43715543052093 231.96715543052093 2277
143.0 0.13114754098360656 302.2762352251432 209.80623522514318 2860
174.5 0.13114754098360656 283.95039158180595 191.48039158180595 3490
184.0 0.13114754098360656 278.2993218384762 185.8293218384762 3680
200.75 0.14754098360655737 237.00577141670738 144.53577141670738 4015
263.75 0.14754098360655737 205.58388020571977 113.11388020571977 5275
