% fevals/dim | frac | F - F_opt (-568.88) | best fitness | fevals
0.05 0.0 10716399.223101042 10715830.343101041 1
2.7 0.0 2243974.2904430595 2243405.4104430596 54
10.8 0.0 1879516.6247488747 1878947.7447488748 216
13.45 0.0 1488430.7351923268 1487861.855192327 269
17.5 0.0 1091294.1232604245 1090725.2432604246 350
21.55 0.0 880162.9319732608 879594.0519732608 431
50.05 0.0 706468.2435500321 705899.3635500321 1001
60.4 0.0 565422.9096661648 564854.0296661648 1208
71.45 0.0 440141.9841149539 439573.1041149539 1429
85.2 0.0 395193.46585465904 394624.58585465903 1704
93.15 0.0 349972.34602549486 349403.46602549485 1863
98.5 0.0 336754.4520265794 336185.5720265794 1970
150.5 0.0 327352.8180795121 326783.9380795121 3010
154.55 0.0 326599.16555948823 326030.2855594882 3091
158.6 0.0 326413.63182521635 325844.75182521634 3172
162.65 0.0 317119.02098972606 316550.14098972606 3253
176.35 0.0 315117.2280631957 314548.3480631957 3527
179.55 0.0 296301.67755312135 295732.79755312135 3591
199.8 0.0 296022.3524870258 295453.4724870258 3996
207.9 0.0 296016.24288664665 295447.36288664665 4158
225.1 0.0 292494.2979793253 291925.4179793253 4502
235.4 0.0 290555.26160036435 289986.38160036434 4708
243.5 0.0 290379.03562347364 289810.15562347363 4870
271.45 0.0 290315.5394486481 289746.6594486481 5429
288.05 0.0 290262.14113672334 289693.26113672333 5761
293.15 0.0 289228.3638128707 288659.4838128707 5863
296.15 0.0 288990.8422662449 288421.96226624487 5923
300.2 0.0 288778.5805626117 288209.7005626117 6004
312.35 0.0 288746.2175497998 288177.3375497998 6247
316.85 0.0 288552.345904707 287983.465904707 6337
350.3 0.0 288534.63932716177 287965.75932716177 7006
374.6 0.0 288524.29075573053 287955.4107557305 7492
379.15 0.0 288517.77064302587 287948.89064302586 7583
387.25 0.0 288498.15607262426 287929.27607262426 7745
425.15 0.0 288490.77537598973 287921.8953759897 8503
433.25 0.0 288490.69776208524 287921.81776208524 8665
451.3 0.0 288481.2052623293 287912.3252623293 9026
467.5 0.0 288439.572827122 287870.692827122 9350
471.05 0.0 288434.8789907105 287865.9989907105 9421
