% fevals/dim | frac | F - F_opt (-20.33) | best fitness | fevals
0.05 0.0 2520617.3761358913 2520597.046135891 1
2.7 0.13114754098360656 382.508217629203 362.178217629203 54
14.7 0.13114754098360656 355.2527344195536 334.9227344195536 294
19.95 0.13114754098360656 312.9092177811092 292.5792177811092 399
28.4 0.13114754098360656 275.6010252450376 255.2710252450376 568
60.6 0.14754098360655737 215.67234690931042 195.34234690931044 1212
73.7 0.16393442622950818 155.4364516133851 135.1064516133851 1474
104.35 0.16393442622950818 146.5817130019634 126.25171300196341 2087
182.45 0.16393442622950818 142.75127137610335 122.42127137610335 3649
245.15 0.16393442622950818 128.87568390311378 108.54568390311378 4903
308.15 0.16393442622950818 101.13403069402182 80.80403069402182 6163
