% fevals/dim | frac | F - F_opt (92.94) | best fitness | fevals
0.05 0.06557377049180328 1756.5747510805509 1849.514751080551 1
2.65 0.09836065573770492 941.4640668565382 1034.4040668565383 53
9.15 0.09836065573770492 924.4732122231458 1017.4132122231458 183
14.0 0.09836065573770492 696.5699498291931 789.5099498291931 280
16.9 0.11475409836065574 571.7911568036438 664.7311568036439 338
28.9 0.11475409836065574 502.36652104503315 595.3065210450332 578
42.9 0.13114754098360656 368.9992328239198 461.9392328239198 858
58.55 0.13114754098360656 254.89356991571492 347.8335699157149 1171
91.5 0.14754098360655737 200.87091230172888 293.8109123017289 1830
97.15 0.14754098360655737 164.1093358210777 257.0493358210777 1943
109.2 0.14754098360655737 158.97162563008732 251.91162563008731 2184
113.5 0.16393442622950818 131.94002169381326 224.88002169381326 2270
138.3 0.16393442622950818 100.04889054400616 192.98889054400615 2766
143.15 0.18032786885245902 97.26109507550893 190.20109507550893 2863
191.1 0.18032786885245902 92.5301447040431 185.4701447040431 3822
221.85 0.18032786885245902 88.43984901348142 181.37984901348142 4437
226.9 0.18032786885245902 85.13345400261878 178.07345400261877 4538
236.95 0.18032786885245902 78.5322652627163 171.4722652627163 4739
246.8 0.18032786885245902 64.49929506174021 157.4392950617402 4936
275.4 0.19672131147540983 54.52231835296752 147.46231835296751 5508
295.85 0.19672131147540983 40.310702732058644 133.25070273205864 5917
349.2 0.21311475409836064 33.54546739078475 126.48546739078475 6984
381.75 0.21311475409836064 30.005900636417763 122.94590063641776 7635
417.1 0.21311475409836064 25.867272291435242 118.80727229143524 8342
