% fevals/dim | frac | F - F_opt (-92.47) | best fitness | fevals
0.05 0.11475409836065574 621.942385354402 529.4723853544019 1
0.05 0.11475409836065574 621.942385354402 529.4723853544019 1
17.8 0.11475409836065574 602.006638336736 509.536638336736 356
21.5 0.11475409836065574 586.2127758066512 493.74277580665114 430
25.5 0.11475409836065574 570.5513187869094 478.0813187869094 510
33.0 0.11475409836065574 564.770448816613 472.30044881661297 660
35.55 0.11475409836065574 538.6927094062078 446.22270940620774 711
41.0 0.11475409836065574 480.1691589346409 387.6991589346409 820
48.95 0.11475409836065574 411.1706923637231 318.7006923637231 979
64.1 0.11475409836065574 409.31650582003 316.84650582002996 1282
77.35 0.11475409836065574 408.9241562994374 316.4541562994374 1547
79.95 0.13114754098360656 349.21977027394246 256.74977027394243 1599
96.5 0.13114754098360656 340.04815067522065 247.57815067522066 1930
115.45 0.13114754098360656 304.5669817181675 212.09698171816748 2309
145.25 0.13114754098360656 270.23188529020797 177.76188529020797 2905
209.15 0.13114754098360656 261.94078180057795 169.47078180057795 4183
226.15 0.14754098360655737 229.475945079979 137.005945079979 4523
248.2 0.14754098360655737 218.7188806192904 126.24888061929039 4964
267.4 0.14754098360655737 208.27398219278592 115.80398219278592 5348
319.75 0.14754098360655737 181.8226775692195 89.35267756921951 6395
329.1 0.14754098360655737 173.33500942162334 80.86500942162334 6582
439.7 0.14754098360655737 171.8682270750495 79.3982270750495 8794
491.85 0.14754098360655737 163.98502355611575 71.51502355611575 9837
