% fevals/dim | frac | F - F_opt (-136.76) | best fitness | fevals
0.05 0.0 18319.617419137103 18182.857419137104 1
0.05 0.0 18319.617419137103 18182.857419137104 1
15.45 0.0 13810.62645905783 13673.86645905783 309
30.85 0.0 10365.218425338233 10228.458425338233 617
43.0 0.01639344262295082 8638.570542810196 8501.810542810195 860
57.95 0.03278688524590164 6021.1266605880155 5884.366660588015 1159
65.65 0.04918032786885246 3118.463770233825 2981.703770233825 1313
77.2 0.04918032786885246 2647.4836121637436 2510.7236121637434 1544
101.5 0.06557377049180328 1745.3282433390464 1608.5682433390464 2030
108.6 0.08196721311475409 1377.335706750538 1240.575706750538 2172
133.85 0.09836065573770492 721.9323589718615 585.1723589718615 2677
134.85 0.13114754098360656 320.4379242685877 183.67792426858773 2697
153.1 0.14754098360655737 205.23472314862357 68.47472314862358 3062
180.8 0.2459016393442623 11.67232728526254 -125.08767271473745 3616
191.2 0.26229508196721313 7.522702309918628 -129.23729769008136 3824
221.15 0.2786885245901639 5.7306236977956075 -131.02937630220438 4423
256.6 0.2786885245901639 4.108396946293652 -132.65160305370634 5132
265.4 0.29508196721311475 3.7100568483118366 -133.04994315168815 5308
296.2 0.29508196721311475 3.5604231201283483 -133.19957687987164 5924
311.3 0.29508196721311475 3.5515560262161614 -133.20844397378383 6226
318.0 0.29508196721311475 3.457192255550183 -133.3028077444498 6360
323.15 0.29508196721311475 3.208063934598499 -133.5519360654015 6463
369.1 0.29508196721311475 3.041198139451666 -133.71880186054833 7382
414.75 0.29508196721311475 2.933217455348654 -133.82678254465134 8295
438.4 0.29508196721311475 2.8969168482396412 -133.86308315176035 8768
453.45 0.29508196721311475 2.753559007604821 -134.00644099239517 9069
