% fevals/dim | frac | F - F_opt (-133.59) | best fitness | fevals
0.05 0.13114754098360656 308.2410012716453 174.6510012716453 1
0.05 0.13114754098360656 308.2410012716453 174.6510012716453 1
12.2 0.13114754098360656 304.09126760867434 170.50126760867434 244
20.7 0.13114754098360656 301.0640583858467 167.4740583858467 414
45.75 0.13114754098360656 276.62307197388407 143.03307197388406 915
78.2 0.14754098360655737 232.64667973351257 99.05667973351257 1564
117.6 0.14754098360655737 217.11139724893985 83.52139724893985 2352
128.0 0.14754098360655737 213.43597950458332 79.84597950458331 2560
186.3 0.14754098360655737 211.47079318083644 77.88079318083643 3726
217.4 0.14754098360655737 202.2779780255452 68.68797802554519 4348
266.15 0.14754098360655737 192.84086400972194 59.25086400972194 5323
369.4 0.14754098360655737 186.69251134630622 53.102511346306216 7388
