% fevals/dim | frac | F - F_opt (-16.94) | best fitness | fevals
0.05 0.16393442622950818 158.17651202401274 141.23651202401274 1
2.0 0.19672131147540983 56.42076734776883 39.48076734776883 40
7.0 0.19672131147540983 52.10388052950616 35.16388052950616 140
13.9 0.19672131147540983 47.48488337947659 30.54488337947659 278
22.0 0.19672131147540983 44.119279156828206 27.179279156828205 440
28.45 0.21311475409836064 38.21566942315898 21.275669423158977 569
32.9 0.21311475409836064 36.63934264511288 19.699342645112882 658
38.45 0.21311475409836064 33.30229931047124 16.36229931047124 769
44.5 0.21311475409836064 32.018580814586144 15.078580814586143 890
45.4 0.21311475409836064 28.798129025299897 11.858129025299895 908
61.25 0.21311475409836064 28.77128714835055 11.831287148350548 1225
62.9 0.21311475409836064 26.209231851032744 9.269231851032742 1258
65.4 0.21311475409836064 25.34140157663945 8.401401576639447 1308
72.9 0.22950819672131148 23.85096234642925 6.910962346429248 1458
117.35 0.22950819672131148 23.521084520484667 6.581084520484666 2347
130.65 0.22950819672131148 22.454822717639185 5.514822717639184 2613
138.15 0.22950819672131148 20.004968147324863 3.064968147324862 2763
155.65 0.22950819672131148 19.97523964572684 3.03523964572684 3113
158.85 0.22950819672131148 18.590721451077705 1.650721451077704 3177
161.35 0.22950819672131148 17.743541085655725 0.8035410856557235 3227
194.45 0.22950819672131148 17.549523448865695 0.6095234488656942 3889
218.35 0.22950819672131148 17.109839980283887 0.1698399802838857 4367
245.85 0.2459016393442623 15.270656789614813 -1.669343210385188 4917
343.15 0.2459016393442623 14.278631888467393 -2.6613681115326084 6863
355.95 0.2459016393442623 14.074166677815144 -2.865833322184857 7119
397.55 0.2459016393442623 13.924676559667029 -3.0153234403329723 7951
