% fevals/dim | frac | F - F_opt (-133.59) | best fitness | fevals
0.05 0.13114754098360656 308.2410012716453 174.6510012716453 1
0.05 0.13114754098360656 308.2410012716453 174.6510012716453 1
37.1 0.13114754098360656 303.99255059297127 170.40255059297127 742
48.5 0.13114754098360656 303.8644614826927 170.27446148269271 970
63.25 0.14754098360655737 242.1888407684019 108.59884076840189 1265
114.35 0.14754098360655737 234.5577699723703 100.96776997237029 2287
159.0 0.14754098360655737 228.5803853248685 94.9903853248685 3180
182.25 0.14754098360655737 227.42742667512815 93.83742667512814 3645
239.65 0.14754098360655737 224.37051862816816 90.78051862816815 4793
274.25 0.14754098360655737 212.22627609410137 78.63627609410136 5485
295.2 0.14754098360655737 211.33552809657323 77.74552809657322 5904
421.15 0.14754098360655737 200.5847479455158 66.9947479455158 8423
438.5 0.14754098360655737 200.01769340181863 66.42769340181863 8770
