% fevals/dim | frac | F - F_opt (-133.59) | best fitness | fevals
0.05 0.13114754098360656 308.2410012716453 174.6510012716453 1
0.05 0.13114754098360656 308.2410012716453 174.6510012716453 1
15.05 0.13114754098360656 308.11146636165046 174.52146636165045 301
39.55 0.13114754098360656 303.51530688946923 169.92530688946923 791
54.55 0.13114754098360656 294.63259510735566 161.04259510735565 1091
78.55 0.13114754098360656 291.0482704037811 157.45827040378109 1571
98.35 0.13114754098360656 263.6075748201139 130.01757482011388 1967
105.85 0.13114754098360656 257.1315833689189 123.54158336891888 2117
121.0 0.13114754098360656 252.8637315029195 119.2737315029195 2420
140.35 0.14754098360655737 231.06065142512705 97.47065142512704 2807
170.35 0.14754098360655737 230.4127637820187 96.82276378201868 3407
183.55 0.14754098360655737 227.65874451397258 94.06874451397258 3671
202.55 0.14754098360655737 226.4939795631838 92.90397956318381 4051
205.55 0.14754098360655737 222.86340068545542 89.27340068545541 4111
250.35 0.14754098360655737 219.1007173518071 85.5107173518071 5007
254.5 0.14754098360655737 206.91268742494566 73.32268742494566 5090
274.4 0.14754098360655737 179.99985089986544 46.40985089986543 5488
