% fevals/dim | frac | F - F_opt (92.94) | best fitness | fevals
0.05 0.06557377049180328 1756.5747510805509 1849.514751080551 1
2.65 0.09836065573770492 941.4640668565382 1034.4040668565383 53
7.05 0.09836065573770492 723.720998287909 816.660998287909 141
13.35 0.11475409836065574 578.6231531851222 671.5631531851222 267
18.9 0.11475409836065574 542.9289970311277 635.8689970311277 378
22.45 0.13114754098360656 390.7233447159406 483.6633447159406 449
32.5 0.13114754098360656 351.42796918870664 444.36796918870664 650
35.8 0.13114754098360656 323.0475783525992 415.9875783525992 716
39.35 0.13114754098360656 319.5027822592939 412.4427822592939 787
44.1 0.13114754098360656 265.4837228296769 358.4237228296769 882
53.85 0.14754098360655737 219.70138680951533 312.6413868095153 1077
65.15 0.14754098360655737 218.56600995824914 311.50600995824914 1303
68.0 0.14754098360655737 184.3437248487661 277.2837248487661 1360
82.2 0.16393442622950818 150.66600433664112 243.60600433664112 1644
86.15 0.16393442622950818 121.82183985157968 214.76183985157968 1723
111.0 0.16393442622950818 100.42628919668437 193.36628919668436 2220
142.55 0.18032786885245902 97.59745057939836 190.53745057939835 2851
168.3 0.18032786885245902 81.20870191967339 174.14870191967339 3366
195.5 0.18032786885245902 78.67876893990902 171.61876893990902 3910
214.5 0.18032786885245902 77.65566641750155 170.59566641750155 4290
240.3 0.18032786885245902 71.04635550167814 163.98635550167813 4806
243.85 0.18032786885245902 64.42895722666083 157.36895722666083 4877
265.15 0.19672131147540983 60.644484165125334 153.58448416512533 5303
269.05 0.19672131147540983 53.3901126447814 146.3301126447814 5381
318.4 0.19672131147540983 51.34596457269285 144.28596457269285 6368
337.55 0.19672131147540983 51.15267300544437 144.09267300544437 6751
344.65 0.19672131147540983 49.975675835275354 142.91567583527535 6893
382.65 0.19672131147540983 48.73619400886622 141.67619400886622 7653
402.35 0.19672131147540983 46.60589837159543 139.54589837159543 8047
434.5 0.19672131147540983 45.618418110355805 138.5584181103558 8690
438.05 0.21311475409836064 38.79724293761808 131.73724293761808 8761
484.2 0.21311475409836064 36.0917392107917 129.0317392107917 9684
