% fevals/dim | frac | F - F_opt (30.85) | best fitness | fevals
0.05 0.0 167362.51723559058 167393.3672355906 1
0.85 0.0 160850.72512153868 160881.57512153868 17
2.65 0.0 122654.5029578401 122685.3529578401 53
14.6 0.0 91833.78933222467 91864.63933222467 292
15.95 0.0 64747.31038070243 64778.16038070243 319
20.5 0.0 57172.95093329509 57203.80093329509 410
22.1 0.0 44038.33931764103 44069.18931764103 442
28.6 0.0 27905.432860640398 27936.282860640396 572
29.3 0.03278688524590164 5072.358077395094 5103.208077395095 586
32.1 0.04918032786885246 3640.518423666154 3671.368423666154 642
39.9 0.06557377049180328 1619.4420837152873 1650.2920837152872 798
47.7 0.09836065573770492 968.1711204249925 999.0211204249925 954
72.5 0.14754098360655737 246.93319751644813 277.7831975164481 1450
74.8 0.14754098360655737 223.33363457677973 254.18363457677972 1496
85.35 0.14754098360655737 214.44038105746873 245.29038105746872 1707
87.95 0.14754098360655737 205.96225508098797 236.81225508098797 1759
90.35 0.16393442622950818 148.72887889755143 179.57887889755142 1807
103.35 0.16393442622950818 131.72789296324797 162.57789296324796 2067
144.95 0.16393442622950818 121.2941687321277 152.1441687321277 2899
155.35 0.16393442622950818 115.56299034439928 146.41299034439928 3107
176.15 0.16393442622950818 101.0654921786145 131.9154921786145 3523
178.75 0.18032786885245902 98.63643681299519 129.48643681299518 3575
241.15 0.18032786885245902 87.78922329062686 118.63922329062686 4823
278.95 0.18032786885245902 85.3665310904984 116.21653109049839 5579
286.75 0.18032786885245902 81.86613784635355 112.71613784635355 5735
345.15 0.18032786885245902 74.57807826134334 105.42807826134333 6903
373.95 0.18032786885245902 73.66804725821558 104.51804725821557 7479
378.45 0.18032786885245902 72.20100114519903 103.05100114519902 7569
385.95 0.18032786885245902 65.93629161840627 96.78629161840627 7719
433.75 0.19672131147540983 59.50776551979491 90.35776551979491 8675
