% fevals/dim | frac | F - F_opt (-39.3) | best fitness | fevals
0.05 0.09836065573770492 738.4810122101597 699.1810122101598 1
0.05 0.09836065573770492 738.4810122101597 699.1810122101598 1
28.5 0.09836065573770492 705.9777261627073 666.6777261627074 570
36.35 0.09836065573770492 650.1704313190648 610.8704313190649 727
41.7 0.11475409836065574 436.3170686590254 397.01706865902537 834
52.65 0.11475409836065574 428.24901558420754 388.94901558420753 1053
71.6 0.11475409836065574 414.10206633219866 374.80206633219865 1432
86.2 0.13114754098360656 359.28617797292327 319.98617797292326 1724
106.8 0.13114754098360656 333.592425597036 294.292425597036 2136
112.4 0.13114754098360656 308.4285138752916 269.1285138752916 2248
153.9 0.13114754098360656 303.8275576769273 264.5275576769273 3078
172.15 0.13114754098360656 290.04642999931656 250.74642999931655 3443
190.4 0.13114754098360656 277.3335497206798 238.0335497206798 3808
207.9 0.13114754098360656 276.80374372888485 237.50374372888484 4158
214.75 0.13114754098360656 263.17081904016203 223.87081904016202 4295
250.5 0.13114754098360656 260.3195888693953 221.0195888693953 5010
254.9 0.13114754098360656 257.55707928035747 218.25707928035746 5098
259.2 0.13114754098360656 251.64296958247792 212.3429695824779 5184
278.6 0.14754098360655737 239.13938968289636 199.83938968289635 5572
298.7 0.14754098360655737 235.64648944806765 196.34648944806764 5974
313.9 0.14754098360655737 225.06431195125555 185.76431195125554 6278
375.45 0.14754098360655737 222.770143143587 183.470143143587 7509
412.95 0.14754098360655737 220.78433023841592 181.4843302384159 8259
437.45 0.14754098360655737 217.39100920186166 178.09100920186165 8749
453.5 0.14754098360655737 215.6268916638627 176.32689166386268 9070
459.4 0.14754098360655737 208.9075025679728 169.6075025679728 9188
486.05 0.14754098360655737 208.65362439326623 169.35362439326622 9721
