% fevals/dim | frac | F - F_opt (-133.59) | best fitness | fevals
0.05 0.13114754098360656 308.2410012716453 174.6510012716453 1
0.05 0.13114754098360656 308.2410012716453 174.6510012716453 1
7.55 0.13114754098360656 306.22808614944086 172.63808614944085 151
16.35 0.13114754098360656 281.92406294743836 148.33406294743835 327
22.9 0.13114754098360656 274.5355427667278 140.9455427667278 458
27.3 0.13114754098360656 269.72832143021 136.13832143020997 546
29.75 0.13114754098360656 259.79585390579285 126.20585390579285 595
39.8 0.13114754098360656 253.66216938964928 120.07216938964928 796
45.7 0.14754098360655737 249.18356161161125 115.59356161161125 914
47.95 0.14754098360655737 239.9472341106524 106.3572341106524 959
50.6 0.14754098360655737 204.71205308044682 71.12205308044682 1012
131.75 0.14754098360655737 197.98977229021557 64.39977229021557 2635
191.35 0.14754098360655737 196.9321299220351 63.3421299220351 3827
