% fevals/dim | frac | F - F_opt (-568.88) | best fitness | fevals
0.05 0.0 10716399.223101042 10715830.343101041 1
2.7 0.0 2243974.2904430595 2243405.4104430596 54
3.05 0.0 1820503.8319872273 1819934.9519872274 61
5.75 0.0 1798492.6692466126 1797923.7892466127 115
10.8 0.0 1265827.7001617984 1265258.8201617985 216
16.2 0.0 1029393.5769590859 1028824.6969590859 324
24.3 0.0 989072.3572421083 988503.4772421083 486
32.4 0.0 959309.3921810766 958740.5121810766 648
40.5 0.0 876532.224141069 875963.344141069 810
44.2 0.0 643435.1419419206 642866.2619419206 884
48.7 0.0 635891.3966215521 635322.5166215521 974
55.55 0.0 578567.2140917098 577998.3340917098 1111
60.95 0.0 450967.28482065967 450398.40482065966 1219
76.7 0.0 333982.8701777514 333413.9901777514 1534
90.2 0.0 327309.18194367195 326740.30194367195 1804
98.3 0.0 327261.43607717275 326692.55607717275 1966
103.3 0.0 320606.46524501045 320037.58524501044 2066
119.9 0.0 318773.2162596873 318204.3362596873 2398
125.3 0.0 318667.8214548428 318098.9414548428 2506
129.6 0.0 311198.2042008295 310629.3242008295 2592
140.4 0.0 311194.5127844009 310625.6327844009 2808
153.85 0.0 295741.7948788613 295172.9148788613 3077
156.55 0.0 294537.9335560431 293969.0535560431 3131
159.25 0.0 292619.2225378995 292050.3425378995 3185
169.75 0.0 291342.9772737483 290774.0972737483 3395
190.45 0.0 291192.7371793963 290623.8571793963 3809
198.0 0.0 289311.2985133858 288742.4185133858 3960
238.5 0.0 289300.9499419546 288732.06994195457 4770
260.65 0.0 288660.4220892353 288091.54208923527 5213
275.45 0.0 288582.0297339873 288013.1497339873 5509
278.15 0.0 288465.82648479386 287896.94648479385 5563
280.85 0.0 288463.47162984934 287894.59162984934 5617
300.6 0.0 288458.07192850375 287889.19192850374 6012
356.45 0.0 288455.7170735593 287886.8370735593 7129
369.95 0.0 288454.4935611121 287885.6135611121 7399
469.3 0.0 288450.8021446835 287881.9221446835 9386
