% fevals/dim | frac | F - F_opt (-39.3) | best fitness | fevals
0.05 0.09836065573770492 738.4810122101597 699.1810122101598 1
0.05 0.09836065573770492 738.4810122101597 699.1810122101598 1
21.05 0.11475409836065574 579.2642165730408 539.9642165730409 421
31.85 0.11475409836065574 512.3177732902755 473.01777329027544 637
65.5 0.11475409836065574 491.4788145617795 452.17881456177946 1310
85.8 0.11475409836065574 461.3720020137192 422.0720020137192 1716
91.2 0.11475409836065574 435.45252369898355 396.15252369898354 1824
102.0 0.11475409836065574 430.31914500874666 391.01914500874665 2040
109.7 0.11475409836065574 422.5440011574253 383.2440011574253 2194
116.4 0.11475409836065574 410.46147488514487 371.16147488514486 2328
132.6 0.13114754098360656 370.4341141460334 331.13411414603337 2652
161.45 0.13114754098360656 360.783133875285 321.483133875285 3229
172.25 0.13114754098360656 356.33700048902745 317.03700048902743 3445
177.65 0.13114754098360656 350.59523388082437 311.29523388082436 3553
186.05 0.13114754098360656 334.4644445689935 295.1644445689935 3721
191.45 0.13114754098360656 327.83943887345134 288.53943887345133 3829
202.25 0.13114754098360656 312.5088369435056 273.2088369435056 4045
226.25 0.13114754098360656 310.872681075084 271.572681075084 4525
264.05 0.13114754098360656 309.2195976774793 269.9195976774793 5281
273.5 0.13114754098360656 302.95542652273684 263.65542652273683 5470
278.75 0.13114754098360656 295.1363149494494 255.8363149494494 5575
289.55 0.13114754098360656 286.72072420916027 247.42072420916026 5791
323.4 0.13114754098360656 284.8457884429441 245.54578844294412 6468
325.95 0.13114754098360656 276.3945648948337 237.0945648948337 6519
374.8 0.13114754098360656 271.72066431808497 232.42066431808496 7496
381.35 0.13114754098360656 271.18126189770607 231.88126189770605 7627
409.8 0.14754098360655737 242.32672027672749 203.02672027672747 8196
485.4 0.14754098360655737 242.2498747007237 202.94987470072368 9708
