% fevals/dim | frac | F - F_opt (-99.25) | best fitness | fevals
0.05 0.19672131147540983 54.46286567634892 -44.78713432365108 1
0.05 0.19672131147540983 54.46286567634892 -44.78713432365108 1
8.6 0.21311475409836064 39.504891477544696 -59.745108522455304 172
13.95 0.21311475409836064 38.18717034664838 -61.06282965335162 279
18.05 0.22950819672131148 24.277453708880955 -74.97254629111904 361
39.15 0.22950819672131148 16.385346099291255 -82.86465390070875 783
44.5 0.22950819672131148 15.904635305041026 -83.34536469495897 890
63.6 0.2459016393442623 14.82571925646755 -84.42428074353245 1272
68.95 0.2459016393442623 12.797540346836328 -86.45245965316367 1379
172.1 0.2459016393442623 11.37228804279161 -87.87771195720839 3442
182.8 0.26229508196721313 9.807583253204555 -89.44241674679544 3656
212.2 0.26229508196721313 8.932230252324388 -90.31776974767561 4244
236.3 0.2786885245901639 6.16445602739627 -93.08554397260373 4726
257.7 0.2786885245901639 4.848466696473565 -94.40153330352643 5154
268.4 0.2786885245901639 4.812613153041227 -94.43738684695877 5368
415.3 0.29508196721311475 3.805818725469379 -95.44418127453062 8306
474.7 0.29508196721311475 3.723377904802902 -95.5266220951971 9494
477.15 0.29508196721311475 3.695646752264949 -95.55435324773505 9543
484.85 0.29508196721311475 3.0807214849405256 -96.16927851505947 9697
