% fevals/dim | frac | F - F_opt (-99.25) | best fitness | fevals
0.05 0.19672131147540983 54.46286567634892 -44.78713432365108 1
0.05 0.19672131147540983 54.46286567634892 -44.78713432365108 1
9.0 0.19672131147540983 47.78446560658127 -51.46553439341873 180
10.65 0.19672131147540983 41.52445683821048 -57.72554316178952 213
20.35 0.21311475409836064 28.794502378777906 -70.4554976212221 407
24.4 0.22950819672131148 21.673965031951738 -77.57603496804826 488
128.8 0.22950819672131148 21.500098268192943 -77.74990173180706 2576
259.75 0.22950819672131148 19.546200867952678 -79.70379913204732 5195
262.35 0.22950819672131148 18.197037414889508 -81.05296258511049 5247
272.25 0.2459016393442623 13.836674251343226 -85.41332574865677 5445
332.5 0.2459016393442623 13.089367777968178 -86.16063222203182 6650
414.95 0.2459016393442623 11.908787822331334 -87.34121217766867 8299
424.85 0.2459016393442623 10.431939061137257 -88.81806093886274 8497
487.9 0.26229508196721313 9.113634370912663 -90.13636562908734 9758
