% fevals/dim | frac | F - F_opt (-51.91) | best fitness | fevals
0.05 0.0 9934310.065323807 9934258.155323807 1
4.25 0.0 3760790.3927957667 3760738.4827957666 85
9.8 0.0 1462600.2893544508 1462548.3793544509 196
27.4 0.0 943414.7318206307 943362.8218206307 548
32.95 0.0 853701.162689261 853649.252689261 659
44.05 0.0 643972.8826182133 643920.9726182133 881
98.9 0.0 364566.5243185833 364514.61431858334 1978
115.55 0.0 245851.9412505644 245800.0312505644 2311
155.15 0.0 236425.6239299612 236373.7139299612 3103
193.25 0.0 225002.42231320197 224950.51231320197 3865
243.65 0.0 182720.24571696983 182668.33571696983 4873
255.05 0.0 147305.04836045718 147253.13836045717 5101
266.15 0.0 143793.98478734543 143742.07478734542 5323
271.7 0.0 139449.93333230924 139398.02333230924 5434
321.65 0.0 107253.66391151484 107201.75391151484 6433
478.65 0.0 95917.78484889773 95865.87484889773 9573
491.8 0.0 83694.53109268543 83642.62109268543 9836
