% fevals/dim | frac | F - F_opt (-51.91) | best fitness | fevals
0.05 0.0 9934310.065323807 9934258.155323807 1
2.8 0.0 4779866.307691392 4779814.397691391 56
7.4 0.0 1871798.2257288052 1871746.3157288053 148
23.8 0.0 1011782.5116525245 1011730.6016525244 476
34.6 0.0 864577.0304543315 864525.1204543315 692
42.8 0.0 642423.3194719268 642371.4094719267 856
45.55 0.0 614093.0429095046 614041.1329095046 911
59.2 0.0 457960.7041892106 457908.79418921063 1184
90.95 0.0 302118.6240843204 302066.7140843204 1819
103.25 0.0 197835.7249788976 197783.8149788976 2065
211.1 0.0 181014.52085385672 180962.61085385672 4222
289.0 0.0 144140.61933264788 144088.70933264788 5780
390.3 0.0 125171.8626653712 125119.9526653712 7806
