% fevals/dim | frac | F - F_opt (-51.91) | best fitness | fevals
0.05 0.0 9934310.065323807 9934258.155323807 1
2.8 0.0 4779866.307691392 4779814.397691391 56
7.6 0.0 3071407.064015488 3071355.154015488 152
15.55 0.0 1273746.695539879 1273694.785539879 311
48.05 0.0 1060190.19079106 1060138.28079106 961
51.55 0.0 877873.2687544816 877821.3587544815 1031
55.05 0.0 760070.9220859774 760019.0120859774 1101
57.55 0.0 732553.3688355344 732501.4588355344 1151
71.55 0.0 637542.207749709 637490.297749709 1431
84.45 0.0 472564.2127667465 472512.30276674655 1689
90.8 0.0 428742.3144682586 428690.4044682586 1816
99.05 0.0 409332.6952653901 409280.7852653901 1981
132.2 0.0 380441.0813501006 380389.1713501006 2644
135.05 0.0 270870.7320054822 270818.8220054822 2701
246.15 0.0 255797.06102469217 255745.15102469217 4923
261.55 0.0 225746.47084957044 225694.56084957044 5231
456.4 0.0 224791.1321982431 224739.2221982431 9128
478.0 0.0 137900.80466994393 137848.89466994393 9560
