% fevals/dim | frac | F - F_opt (92.94) | best fitness | fevals
0.05 0.06557377049180328 1756.5747510805509 1849.514751080551 1
2.65 0.09836065573770492 941.4640668565382 1034.4040668565383 53
8.4 0.11475409836065574 588.2819071729659 681.221907172966 168
25.45 0.11475409836065574 582.2646912535677 675.2046912535677 509
27.9 0.11475409836065574 545.8796051880568 638.8196051880568 558
49.3 0.11475409836065574 452.33478750871706 545.274787508717 986
53.2 0.13114754098360656 357.2965846816139 450.2365846816139 1064
62.7 0.13114754098360656 342.53170397522473 435.4717039752247 1254
80.45 0.13114754098360656 300.8393864132394 393.7793864132394 1609
86.0 0.13114754098360656 287.65800614914 380.59800614914 1720
104.5 0.13114754098360656 278.38344251370205 371.32344251370205 2090
123.45 0.13114754098360656 275.21378338081104 368.15378338081103 2469
144.75 0.13114754098360656 268.54724284091674 361.48724284091674 2895
195.6 0.14754098360655737 201.41069908764422 294.3506990876442 3912
219.0 0.14754098360655737 166.27967222092946 259.21967222092945 4380
275.2 0.16393442622950818 157.4522233545528 250.3922233545528 5504
307.7 0.16393442622950818 155.1566551644295 248.0966551644295 6154
374.15 0.16393442622950818 148.53600958678564 241.47600958678564 7483
399.0 0.16393442622950818 127.3601816805911 220.3001816805911 7980
448.4 0.16393442622950818 115.52791763369083 208.46791763369083 8968
499.15 0.16393442622950818 108.35638243521225 201.29638243521225 9983
