% fevals/dim | frac | F - F_opt (-568.88) | best fitness | fevals
0.05 0.0 10716399.223101042 10715830.343101041 1
2.7 0.0 2243974.2904430595 2243405.4104430596 54
12.15 0.0 1633247.3641665645 1632678.4841665647 243
19.8 0.0 1393255.257923745 1392686.3779237452 396
29.25 0.0 1294828.5761928507 1294259.6961928508 585
32.4 0.0 1285407.4093902896 1284838.5293902897 648
36.7 0.0 1054017.572914709 1053448.6929147092 734
40.5 0.0 1009202.2489301285 1008633.3689301285 810
45.95 0.0 992233.3089870955 991664.4289870955 919
50.3 0.0 747055.159571226 746486.279571226 1006
51.45 0.0 535623.6540149178 535054.7740149178 1029
54.6 0.0 456614.9823075467 456046.1023075467 1092
60.9 0.0 402421.6241688539 401852.7441688539 1218
68.05 0.0 390231.8482330593 389662.9682330593 1361
71.2 0.0 380900.4969508095 380331.6169508095 1424
81.25 0.0 367052.2228081176 366483.3428081176 1625
87.55 0.0 367049.06087858 366480.18087858 1751
91.25 0.0 357082.1675248245 356513.2875248245 1825
93.85 0.0 340578.5014079396 340009.6214079396 1877
95.9 0.0 336329.9460190926 335761.06601909257 1918
105.3 0.0 333620.0280999363 333051.1480999363 2106
115.9 0.0 332471.3239507333 331902.4439507333 2318
120.65 0.0 324376.71470656677 323807.83470656676 2413
124.7 0.0 322490.87149349967 321921.99149349966 2494
128.9 0.0 320972.41244812624 320403.53244812624 2578
149.0 0.0 317062.0695236246 316493.1895236246 2980
153.7 0.0 317007.07096759835 316438.19096759835 3074
155.6 0.0 314078.47203965514 313509.59203965514 3112
158.85 0.0 313509.4816606282 312940.6016606282 3177
168.3 0.0 310650.8883372117 310082.0083372117 3366
174.6 0.0 310626.7393910524 310057.8593910524 3492
184.05 0.0 310001.0940137329 309432.2140137329 3681
193.5 0.0 309555.0618846986 308986.18188469857 3870
196.65 0.0 309540.8820227756 308972.0020227756 3933
212.4 0.0 309489.6864653402 308920.8064653402 4248
224.1 0.0 296619.1142612714 296050.23426127137 4482
239.85 0.0 295359.8193602478 294790.9393602478 4797
249.3 0.0 295308.40854719974 294739.52854719973 4986
252.45 0.0 294834.01614013396 294265.13614013395 5049
261.9 0.0 294809.8457913864 294240.9657913864 5238
271.35 0.0 294775.4425818941 294206.5625818941 5427
308.0 0.0 290044.48623579927 289475.60623579926 6160
326.5 0.0 289404.3979224839 288835.5179224839 6530
336.65 0.0 289323.34046626603 288754.460466266 6733
348.55 0.0 289112.3271069408 288543.4471069408 6971
364.65 0.0 288807.44814723835 288238.56814723834 7293
405.8 0.0 288665.75232268474 288096.87232268474 8116
412.1 0.0 288649.4720736612 288080.5920736612 8242
437.9 0.0 288636.03568921983 288067.1556892198 8758
447.35 0.0 288632.87375968223 288063.9937596822 8947
453.2 0.0 288581.2835283906 288012.40352839057 9064
468.95 0.0 288573.52897210047 288004.64897210046 9379
496.9 0.0 288573.5013222931 288004.62132229307 9938
