% fevals/dim | frac | F - F_opt (-16.94) | best fitness | fevals
0.05 0.16393442622950818 158.17651202401274 141.23651202401274 1
2.0 0.19672131147540983 56.42076734776883 39.48076734776883 40
20.75 0.19672131147540983 41.362358173370374 24.422358173370373 415
40.05 0.19672131147540983 40.51023380411645 23.57023380411645 801
49.2 0.19672131147540983 40.34354349706908 23.403543497069077 984
55.75 0.21311475409836064 37.84924116189766 20.909241161897658 1115
60.95 0.21311475409836064 37.35822486010977 20.41822486010977 1219
66.45 0.21311475409836064 30.186500076601718 13.246500076601716 1329
78.75 0.21311475409836064 30.10903922808025 13.169039228080248 1575
87.2 0.21311475409836064 26.1137949961774 9.1737949961774 1744
90.95 0.22950819672131148 22.27946713780574 5.3394671378057375 1819
127.75 0.22950819672131148 21.016743723156427 4.076743723156426 2555
154.7 0.22950819672131148 18.89459773680833 1.9545977368083278 3094
180.95 0.22950819672131148 16.597910424826264 -0.3420895751737376 3619
333.35 0.22950819672131148 16.39636192366151 -0.5436380763384925 6667
374.2 0.2459016393442623 13.365629989676702 -3.5743700103232996 7484
