% fevals/dim | frac | F - F_opt (92.94) | best fitness | fevals
0.05 0.06557377049180328 1756.5747510805509 1849.514751080551 1
9.1 0.11475409836065574 564.2990507265022 657.2390507265022 182
21.05 0.11475409836065574 451.9140070322417 544.8540070322417 421
48.3 0.11475409836065574 435.46393656745414 528.4039365674541 966
54.95 0.13114754098360656 381.68085596575077 474.62085596575076 1099
63.35 0.13114754098360656 293.5362636690311 386.4762636690311 1267
86.55 0.14754098360655737 208.9179229659315 301.8579229659315 1731
121.15 0.16393442622950818 140.19354272291622 233.13354272291622 2423
224.05 0.16393442622950818 122.33787574475062 215.27787574475062 4481
227.9 0.16393442622950818 118.20578991656515 211.14578991656515 4558
284.7 0.18032786885245902 93.25679442013933 186.19679442013933 5694
363.9 0.19672131147540983 42.97024732151516 135.91024732151516 7278
