% fevals/dim | frac | F - F_opt (-34.75) | best fitness | fevals
1.05 0.09836065573770492 668.9911485518971 634.2411485518971 21
6.45 0.11475409836065574 620.8545542382367 586.1045542382367 129
18.3 0.11475409836065574 582.2741827996841 547.5241827996841 366
21.4 0.11475409836065574 552.4630126512916 517.7130126512916 428
28.7 0.11475409836065574 469.4130312273792 434.6630312273792 574
36.0 0.11475409836065574 411.9202974440005 377.1702974440005 720
57.7 0.13114754098360656 354.4365801622197 319.6865801622197 1154
112.85 0.13114754098360656 324.8377144222701 290.0877144222701 2257
121.25 0.13114754098360656 312.55428358985523 277.80428358985523 2425
131.7 0.13114754098360656 289.0793208077841 254.3293208077841 2634
182.75 0.13114754098360656 270.9848604364473 236.23486043644732 3655
205.85 0.13114754098360656 259.221064685881 224.471064685881 4117
213.0 0.13114754098360656 252.6001046580639 217.8501046580639 4260
230.5 0.14754098360655737 245.12901765494485 210.37901765494485 4610
244.6 0.14754098360655737 238.05957126080597 203.30957126080597 4892
296.85 0.14754098360655737 228.40523662654113 193.65523662654113 5937
351.0 0.14754098360655737 211.67497785766693 176.92497785766693 7020
396.7 0.14754098360655737 207.1101171939278 172.3601171939278 7934
453.2 0.14754098360655737 204.96097089917203 170.21097089917203 9064
