% fevals/dim | frac | F - F_opt (-39.3) | best fitness | fevals
10.85 0.09836065573770492 677.8828482908833 638.5828482908834 217
40.45 0.09836065573770492 635.7862948036502 596.4862948036503 809
49.65 0.11475409836065574 563.3570238011615 524.0570238011616 993
83.9 0.11475409836065574 555.3236797535397 516.0236797535398 1678
91.45 0.11475409836065574 522.2189012149 482.9189012149 1829
134.65 0.11475409836065574 507.86779425774074 468.56779425774073 2693
144.7 0.11475409836065574 483.28594835398303 443.985948353983 2894
159.1 0.11475409836065574 481.71998067227486 442.41998067227485 3182
200.0 0.11475409836065574 478.26982204938065 438.96982204938064 4000
214.4 0.11475409836065574 476.3100736888405 437.01007368884046 4288
231.2 0.11475409836065574 472.3157600179734 433.0157600179734 4624
303.2 0.11475409836065574 468.790043975725 429.490043975725 6064
326.35 0.11475409836065574 460.73323541207196 421.43323541207195 6527
