10.25 0.09836065573770492 734.1734017893109 694.873401789311 205
14.85 0.09836065573770492 655.7372823871895 616.4372823871895 297
20.3 0.09836065573770492 631.4826001153508 592.1826001153509 406
30.35 0.11475409836065574 592.5838000222845 553.2838000222846 607
37.95 0.11475409836065574 524.5232416904503 485.22324169045027 759
43.8 0.11475409836065574 476.97969086590297 437.67969086590296 876
63.0 0.11475409836065574 456.65218002750464 417.35218002750463 1260
68.1 0.11475409836065574 434.89939087517087 395.59939087517085 1362
85.75 0.11475409836065574 422.90522054158356 383.60522054158355 1715
96.4 0.13114754098360656 380.1633906395124 340.8633906395124 1928
149.45 0.13114754098360656 371.53251488619657 332.23251488619655 2989
193.85 0.13114754098360656 371.26572681622815 331.96572681622814 3877
206.85 0.13114754098360656 357.4459169353727 318.14591693537267 4137
269.45 0.13114754098360656 354.9950907962597 315.6950907962597 5389
346.25 0.13114754098360656 348.4174200355436 309.1174200355436 6925
368.15 0.13114754098360656 348.3405744595399 309.04057445953987 7363
