4.2 0.18032786885245902 80.01462277582574 179.81462277582574 84
8.2 0.18032786885245902 77.85849383319113 177.65849383319113 164
21.2 0.18032786885245902 77.1577993963793 176.9577993963793 424
23.45 0.18032786885245902 71.49960029969556 171.29960029969556 469
26.7 0.18032786885245902 70.40063248226228 170.20063248226228 534
50.7 0.18032786885245902 70.19992185385884 169.99992185385884 1014
53.95 0.18032786885245902 68.69408774058378 168.49408774058378 1079
56.45 0.18032786885245902 67.75438311623823 167.55438311623823 1129
63.3 0.18032786885245902 63.11730811298496 162.91730811298495 1266
93.35 0.19672131147540983 57.68457385561918 157.48457385561917 1867
96.6 0.19672131147540983 56.311489985876065 156.11148998587606 1932
106.35 0.19672131147540983 50.72278566920404 150.52278566920404 2127
121.8 0.19672131147540983 43.664954699618264 143.46495469961826 2436
142.5 0.19672131147540983 41.894257375910385 141.69425737591038 2850
158.75 0.19672131147540983 40.02257981015667 139.82257981015667 3175
164.05 0.21311475409836064 34.73802826579414 134.53802826579414 3281
186.8 0.21311475409836064 25.776784934819958 125.57678493481995 3736
208.15 0.21311475409836064 25.171034944434723 124.97103494443472 4163
232.6 0.22950819672131148 24.57968101385829 124.37968101385829 4652
242.35 0.22950819672131148 21.068957466673112 120.86895746667311 4847
340.6 0.22950819672131148 20.881950192286055 120.68195019228605 6812
374.75 0.22950819672131148 19.263785421838335 119.06378542183833 7495
395.4 0.22950819672131148 18.01814625800762 117.81814625800762 7908
398.85 0.22950819672131148 17.853192484501918 117.65319248450191 7977
415.65 0.22950819672131148 16.99184804114465 116.79184804114465 8313
437.35 0.22950819672131148 16.682124884946788 116.48212488494678 8747
441.65 0.22950819672131148 16.32310051143817 116.12310051143817 8833
479.3 0.22950819672131148 16.31085161062822 116.11085161062822 9586
485.3 0.2459016393442623 15.030063160800509 114.8300631608005 9706
