% fevals/dim | frac | F - F_opt (-222.98) | best fitness | fevals
2.25 0.06557377049180328 2356.1008057790204 2133.1208057790204 45
5.4 0.06557377049180328 2056.410797127048 1833.4307971270482 108
15.0 0.06557377049180328 1911.9118219086213 1688.9318219086213 300
18.15 0.06557377049180328 1841.6514429971069 1618.6714429971069 363
21.55 0.06557377049180328 1830.8563396887773 1607.8763396887773 431
24.7 0.06557377049180328 1671.2131423677763 1448.2331423677763 494
59.35 0.06557377049180328 1641.7558978045738 1418.7758978045738 1187
62.5 0.08196721311475409 1567.4102313006392 1344.4302313006392 1250
78.25 0.08196721311475409 1520.8714408671967 1297.8914408671967 1565
100.05 0.08196721311475409 1447.5173442677674 1224.5373442677674 2001
109.5 0.08196721311475409 1417.658362834516 1194.678362834516 2190
118.95 0.08196721311475409 1381.8787748934512 1158.8987748934512 2379
167.85 0.08196721311475409 1319.7075181727555 1096.7275181727555 3357
224.55 0.08196721311475409 1260.299784814963 1037.319784814963 4491
267.0 0.08196721311475409 1248.0955402578293 1025.1155402578293 5340
309.6 0.08196721311475409 1229.3502901124693 1006.3702901124693 6192
353.7 0.08196721311475409 1215.5801601980904 992.6001601980904 7074
364.65 0.08196721311475409 1172.3984545429814 949.4184545429814 7293
