102.6 0.11475409836065574 528.4578625120566 489.1578625120566 2052
142.7 0.11475409836065574 522.2358149239468 482.9358149239468 2854
198.0 0.11475409836065574 513.574398608458 474.27439860845794 3960
206.85 0.11475409836065574 497.04709777082655 457.74709777082654 4137
221.35 0.11475409836065574 483.670453084177 444.370453084177 4427
230.3 0.11475409836065574 399.06723999347093 359.7672399934709 4606
283.9 0.13114754098360656 382.6076235184292 343.3076235184292 5678
299.2 0.13114754098360656 340.03338021837305 300.73338021837304 5984
355.4 0.13114754098360656 311.5234576342154 272.2234576342154 7108
423.0 0.13114754098360656 299.17554805378825 259.87554805378824 8460
426.0 0.13114754098360656 290.70328100284166 251.40328100284165 8520
484.7 0.13114754098360656 283.09730157978674 243.79730157978673 9694
