20.95 0.11475409836065574 558.3002188792524 519.0002188792524 419
25.25 0.11475409836065574 528.8667517755678 489.56675177556775 505
29.55 0.11475409836065574 528.1744036421292 488.87440364212915 591
40.8 0.11475409836065574 504.7269380467101 465.42693804671006 816
43.7 0.11475409836065574 498.4716943845044 459.1716943845044 874
51.05 0.11475409836065574 459.93976436047706 420.63976436047705 1021
72.55 0.11475409836065574 452.92478119343076 413.62478119343075 1451
82.4 0.11475409836065574 445.10907635165574 405.80907635165573 1648
99.6 0.11475409836065574 438.5314055909397 399.2314055909397 1992
122.5 0.11475409836065574 420.2125515933716 380.9125515933716 2450
250.1 0.13114754098360656 386.04422424779875 346.74422424779874 5002
