% fevals/dim | frac | F - F_opt (-222.98) | best fitness | fevals
2.25 0.06557377049180328 2356.1008057790204 2133.1208057790204 45
2.85 0.06557377049180328 2183.817631066521 1960.8376310665208 57
6.75 0.06557377049180328 2119.6901597140686 1896.7101597140686 135
8.35 0.06557377049180328 1862.344788321807 1639.364788321807 167
12.05 0.06557377049180328 1815.829645017297 1592.849645017297 241
13.35 0.06557377049180328 1814.9629508458108 1591.9829508458108 267
17.35 0.06557377049180328 1641.9711696185564 1418.9911696185563 347
51.8 0.06557377049180328 1630.4789494717759 1407.4989494717759 1036
71.9 0.08196721311475409 1523.641597361849 1300.661597361849 1438
