8.9 0.09836065573770492 670.6694383097001 631.3694383097002 178
10.9 0.09836065573770492 635.2971356891674 595.9971356891674 218
16.35 0.11475409836065574 527.5299693863037 488.2299693863037 327
29.55 0.11475409836065574 515.7548359920387 476.4548359920387 591
36.15 0.11475409836065574 471.9149801754477 432.61498017544767 723
41.9 0.11475409836065574 447.56435895389944 408.26435895389943 838
46.85 0.11475409836065574 432.3080480338848 393.0080480338848 937
80.8 0.11475409836065574 426.08102118999375 386.78102118999374 1616
83.15 0.11475409836065574 413.0023476821737 373.7023476821737 1663
99.8 0.13114754098360656 395.4002272441718 356.1002272441718 1996
111.35 0.13114754098360656 387.910823821802 348.610823821802 2227
164.15 0.13114754098360656 371.9216180976867 332.6216180976867 3283
258.0 0.13114754098360656 370.3169367965437 331.0169367965437 5160
312.2 0.13114754098360656 365.4277219527205 326.1277219527205 6244
318.8 0.13114754098360656 363.7954823897523 324.4954823897523 6376
400.9 0.13114754098360656 359.54402476532266 320.24402476532265 8018
420.6 0.13114754098360656 357.9117852023545 318.6117852023545 8412
471.75 0.13114754098360656 351.8236862451437 312.52368624514367 9435
