6.3 0.18032786885245902 76.31440629102464 176.11440629102464 126
13.35 0.18032786885245902 74.54623491016444 174.34623491016444 267
17.55 0.18032786885245902 74.12068577333368 173.92068577333367 351
21.1 0.18032786885245902 71.01659000296412 170.81659000296412 422
25.15 0.18032786885245902 68.43329347045871 168.2332934704587 503
45.05 0.18032786885245902 68.21175064313174 168.01175064313173 901
50.1 0.18032786885245902 67.68680620780607 167.48680620780607 1002
54.6 0.18032786885245902 66.92883597844629 166.72883597844628 1092
69.05 0.18032786885245902 66.78545937292706 166.58545937292706 1381
78.3 0.18032786885245902 64.41387818293755 164.21387818293755 1566
85.85 0.18032786885245902 63.715481077914276 163.51548107791427 1717
88.3 0.18032786885245902 63.62480982651287 163.42480982651287 1766
102.3 0.19672131147540983 58.87991487299213 158.67991487299213 2046
156.05 0.19672131147540983 55.91763149231552 155.71763149231552 3121
162.05 0.19672131147540983 53.620554508491765 153.42055450849176 3241
200.65 0.19672131147540983 51.08194530519718 150.88194530519718 4013
224.65 0.19672131147540983 40.19562786051118 139.99562786051118 4493
308.65 0.21311475409836064 38.092816800474296 137.8928168004743 6173
326.95 0.21311475409836064 38.01574824632057 137.81574824632057 6539
358.0 0.21311475409836064 30.674533161650473 130.47453316165047 7160
380.95 0.21311475409836064 30.66665861477317 130.46665861477317 7619
381.6 0.21311475409836064 25.74047056194668 125.54047056194668 7632
434.8 0.22950819672131148 22.453192173751134 122.25319217375113 8696
494.8 0.22950819672131148 21.567213987109653 121.36721398710965 9896
