% fevals/dim | frac | F - F_opt (-34.75) | best fitness | fevals
1.05 0.09836065573770492 668.9911485518971 634.2411485518971 21
13.7 0.11475409836065574 622.5508045367139 587.8008045367139 274
20.2 0.11475409836065574 584.1954846500126 549.4454846500126 404
26.1 0.11475409836065574 516.2815569385174 481.5315569385174 522
35.6 0.11475409836065574 484.4437066627834 449.6937066627834 712
39.0 0.11475409836065574 414.9238690972901 380.1738690972901 780
45.5 0.11475409836065574 409.100700096737 374.350700096737 910
67.45 0.13114754098360656 350.4740372518389 315.7240372518389 1349
76.35 0.13114754098360656 312.67860263571544 277.92860263571544 1527
121.85 0.13114754098360656 306.37190098489515 271.62190098489515 2437
124.85 0.13114754098360656 294.9680827256423 260.2180827256423 2497
134.45 0.13114754098360656 288.0406610540566 253.2906610540566 2689
145.2 0.13114754098360656 275.3689280205448 240.6189280205448 2904
156.4 0.13114754098360656 257.78309080822225 223.03309080822225 3128
178.0 0.14754098360655737 243.73404812854147 208.98404812854147 3560
201.0 0.14754098360655737 224.44876815356156 189.69876815356156 4020
258.35 0.14754098360655737 211.2431199885688 176.4931199885688 5167
380.95 0.14754098360655737 205.37079725473131 170.62079725473131 7619
