% fevals/dim | frac | F - F_opt (-34.75) | best fitness | fevals
1.05 0.09836065573770492 668.9911485518971 634.2411485518971 21
12.3 0.11475409836065574 539.8861262135779 505.1361262135779 246
28.05 0.11475409836065574 501.21420203816086 466.46420203816086 561
37.6 0.11475409836065574 428.49327900684375 393.74327900684375 752
44.75 0.13114754098360656 389.48973061497793 354.73973061497793 895
70.35 0.13114754098360656 367.0840118899691 332.3340118899691 1407
84.65 0.13114754098360656 358.51482579524384 323.76482579524384 1693
110.2 0.13114754098360656 358.0213951575564 323.2713951575564 2204
116.8 0.13114754098360656 334.21131097323183 299.46131097323183 2336
125.0 0.13114754098360656 271.10829021866994 236.35829021866994 2500
315.25 0.14754098360655737 245.33322486403497 210.58322486403497 6305
