% fevals/dim | frac | F - F_opt (-34.75) | best fitness | fevals
1.05 0.09836065573770492 668.9911485518971 634.2411485518971 21
5.85 0.11475409836065574 509.1927530088236 474.4427530088236 117
30.1 0.11475409836065574 470.8807175438548 436.1307175438548 602
47.4 0.11475409836065574 403.87592273168235 369.12592273168235 948
52.8 0.13114754098360656 315.94895797091715 281.19895797091715 1056
71.4 0.13114754098360656 301.9659933192178 267.2159933192178 1428
91.3 0.13114754098360656 266.1062828568197 231.3562828568197 1826
159.4 0.13114754098360656 257.0382580472107 222.28825804721072 3188
180.15 0.13114754098360656 256.63698006433236 221.88698006433236 3603
201.7 0.14754098360655737 244.57805980086755 209.82805980086755 4034
278.4 0.14754098360655737 235.9334268912878 201.1834268912878 5568
422.55 0.14754098360655737 234.5305014232527 199.7805014232527 8451
441.75 0.14754098360655737 224.3063186567365 189.5563186567365 8835
458.9 0.14754098360655737 216.9225941876964 182.1725941876964 9178
497.3 0.14754098360655737 209.4675470297079 174.7175470297079 9946
