% fevals/dim | frac | F - F_opt (-34.75) | best fitness | fevals
1.05 0.09836065573770492 668.9911485518971 634.2411485518971 21
15.4 0.09836065573770492 668.2390911086134 633.4890911086134 308
20.4 0.11475409836065574 469.7359876041878 434.9859876041878 408
89.0 0.11475409836065574 429.41884446185225 394.66884446185225 1780
90.75 0.13114754098360656 347.22580024499155 312.47580024499155 1815
179.1 0.13114754098360656 319.1202504547289 284.3702504547289 3582
237.15 0.13114754098360656 305.4132092755637 270.6632092755637 4743
250.05 0.13114754098360656 292.5000860175013 257.7500860175013 5001
258.85 0.13114754098360656 266.1455491005108 231.39554910051078 5177
360.9 0.13114754098360656 254.93024481526763 220.18024481526763 7218
405.4 0.14754098360655737 233.81805492651398 199.06805492651398 8108
455.65 0.14754098360655737 215.0582433565433 180.3082433565433 9113
463.45 0.14754098360655737 209.44255213570867 174.69255213570867 9269
