20.25 0.09836065573770492 705.1308507139249 665.830850713925 405
42.8 0.09836065573770492 662.9112157694744 623.6112157694745 856
46.35 0.11475409836065574 522.410674032582 483.11067403258204 927
65.65 0.11475409836065574 506.8116549883214 467.51165498832137 1313
78.6 0.11475409836065574 494.7819365657008 455.4819365657008 1572
82.1 0.11475409836065574 458.64526588607134 419.34526588607133 1642
95.85 0.11475409836065574 438.9480686627197 399.6480686627197 1917
104.15 0.11475409836065574 436.6467614044726 397.3467614044726 2083
107.65 0.11475409836065574 423.6367699272397 384.3367699272397 2153
114.15 0.11475409836065574 418.98531857898877 379.68531857898876 2283
120.6 0.11475409836065574 401.47401664808785 362.17401664808784 2412
125.15 0.13114754098360656 381.72681980752884 342.42681980752883 2503
129.45 0.13114754098360656 366.6470802259501 327.3470802259501 2589
143.15 0.13114754098360656 351.6917111715124 312.3917111715124 2863
152.2 0.13114754098360656 340.25014454582015 300.95014454582014 3044
160.65 0.13114754098360656 325.4321699886318 286.1321699886318 3213
190.65 0.13114754098360656 317.15507504427984 277.85507504427983 3813
207.7 0.13114754098360656 298.6495256543603 259.34952565436026 4154
216.75 0.13114754098360656 283.3697906314504 244.06979063145042 4335
241.1 0.13114754098360656 282.7016496655857 243.4016496655857 4822
253.65 0.13114754098360656 272.73806701597164 233.43806701597163 5073
256.45 0.13114754098360656 267.3976415888436 228.0976415888436 5129
277.0 0.13114754098360656 254.45984892699255 215.15984892699254 5540
299.15 0.13114754098360656 253.77101170688957 214.47101170688956 5983
301.5 0.14754098360655737 240.85581321941578 201.55581321941577 6030
331.7 0.14754098360655737 237.04888006785472 197.7488800678547 6634
333.0 0.14754098360655737 228.97898554897273 189.67898554897272 6660
404.15 0.14754098360655737 219.78338081412676 180.48338081412675 8083
441.65 0.14754098360655737 218.73496561681486 179.43496561681485 8833
469.95 0.14754098360655737 208.86016763314672 169.5601676331467 9399
