% fevals/dim | frac | F - F_opt (-462.09) | best fitness | fevals
2.8 0.09836065573770492 745.7235754759987 283.6335754759987 56
4.25 0.09836065573770492 693.3076770076947 231.2176770076947 85
12.35 0.09836065573770492 662.9937873044651 200.90378730446508 247
14.2 0.11475409836065574 430.8708939659907 -31.219106034009258 284
31.45 0.11475409836065574 411.58992329158866 -50.500076708411314 629
38.35 0.13114754098360656 269.06606346714455 -193.02393653285543 767
115.95 0.13114754098360656 263.96898421209255 -198.12101578790742 2319
125.9 0.13114754098360656 260.8601839421156 -201.22981605788436 2518
139.1 0.13114754098360656 260.6822949461403 -201.40770505385967 2782
153.9 0.14754098360655737 245.0953822426955 -216.99461775730447 3078
161.05 0.14754098360655737 242.26108727908553 -219.82891272091445 3221
182.85 0.14754098360655737 236.53002604964757 -225.5599739503524 3657
184.95 0.14754098360655737 233.5719601220573 -228.51803987794267 3699
192.65 0.14754098360655737 232.60411560774054 -229.48588439225944 3853
193.5 0.14754098360655737 229.143689848596 -232.94631015140396 3870
202.2 0.14754098360655737 223.78184053099932 -238.30815946900066 4044
219.7 0.14754098360655737 221.8651185914606 -240.22488140853937 4394
235.2 0.14754098360655737 220.8009048724636 -241.28909512753637 4704
239.75 0.14754098360655737 218.10491956949204 -243.98508043050794 4795
244.95 0.14754098360655737 213.0961647373885 -248.99383526261147 4899
247.45 0.14754098360655737 207.53602575440647 -254.5539742455935 4949
254.3 0.14754098360655737 205.7614291544367 -256.32857084556326 5086
258.75 0.14754098360655737 192.46810731393975 -269.6218926860602 5175
272.25 0.14754098360655737 188.59917239211978 -273.4908276078802 5445
313.95 0.14754098360655737 188.32650643458328 -273.7634935654167 6279
393.3 0.14754098360655737 187.04037510412041 -275.04962489587956 7866
408.4 0.14754098360655737 185.12374896751635 -276.9662510324836 8168
