8.65 0.11475409836065574 515.0637928974285 475.76379289742846 173
38.75 0.11475409836065574 475.304039322486 436.004039322486 775
66.35 0.11475409836065574 474.0662596945166 434.7662596945166 1327
70.75 0.11475409836065574 453.9475534116174 414.64755341161737 1415
83.35 0.11475409836065574 415.61434971135026 376.31434971135025 1667
94.0 0.11475409836065574 408.6194460237547 369.31944602375467 1880
103.35 0.13114754098360656 361.9147997465202 322.6147997465202 2067
118.85 0.13114754098360656 360.3243276794718 321.0243276794718 2377
123.85 0.13114754098360656 352.6039891592927 313.3039891592927 2477
159.0 0.13114754098360656 347.90502811878156 308.60502811878155 3180
179.0 0.13114754098360656 338.98866705996295 299.68866705996294 3580
188.35 0.13114754098360656 333.3459793704619 294.0459793704619 3767
193.85 0.13114754098360656 328.384185727258 289.084185727258 3877
209.65 0.13114754098360656 327.41087024960154 288.11087024960153 4193
217.4 0.13114754098360656 326.0852635958636 286.78526359586357 4348
224.65 0.13114754098360656 319.9559084702332 280.6559084702332 4493
233.4 0.13114754098360656 311.188251035295 271.888251035295 4668
264.2 0.13114754098360656 308.0462669367953 268.7462669367953 5284
269.2 0.13114754098360656 290.46937258203394 251.16937258203393 5384
296.55 0.13114754098360656 290.1140728666162 250.8140728666162 5931
304.65 0.13114754098360656 277.819533664802 238.519533664802 6093
329.65 0.13114754098360656 277.7426880887982 238.4426880887982 6593
344.65 0.13114754098360656 270.1050768804845 230.80507688048448 6893
397.2 0.13114754098360656 267.68136448476633 228.38136448476632 7944
412.2 0.13114754098360656 255.80453681432328 216.50453681432327 8244
484.55 0.13114754098360656 252.5549841072961 213.25498410729608 9691
