8.7 0.18032786885245902 79.08172729246259 178.88172729246259 174
13.1 0.18032786885245902 72.03409031825073 171.83409031825073 262
26.8 0.18032786885245902 66.69166991233489 166.49166991233488 536
62.7 0.19672131147540983 57.778465287213734 157.57846528721373 1254
96.85 0.19672131147540983 41.697901023242494 141.4979010232425 1937
97.15 0.19672131147540983 40.69371110154519 140.4937111015452 1943
106.85 0.21311475409836064 38.45596748207343 138.25596748207343 2137
130.8 0.21311475409836064 37.30413569580911 137.1041356958091 2616
142.35 0.21311475409836064 31.03582669376435 130.83582669376435 2847
156.9 0.22950819672131148 23.436994608087403 123.2369946080874 3138
186.85 0.22950819672131148 21.572855640060652 121.37285564006065 3737
211.1 0.22950819672131148 19.539990693160973 119.33999069316097 4222
279.0 0.22950819672131148 17.337091398456664 117.13709139845666 5580
359.95 0.22950819672131148 16.55546555283472 116.35546555283472 7199
365.2 0.22950819672131148 16.032531557846013 115.83253155784601 7304
415.2 0.2459016393442623 10.417732600978098 110.2177326009781 8304
