% fevals/dim | frac | F - F_opt (3.82) | best fitness | fevals
1.15 0.09836065573770492 711.7299333082044 715.5499333082045 23
7.05 0.11475409836065574 598.425859698923 602.245859698923 141
12.2 0.11475409836065574 475.19884603690343 479.0188460369034 244
18.55 0.13114754098360656 355.1297771150651 358.9497771150651 371
21.35 0.13114754098360656 268.6361915464026 272.4561915464026 427
40.35 0.14754098360655737 183.95770565380113 187.77770565380112 807
51.55 0.16393442622950818 153.7167463658554 157.5367463658554 1031
54.35 0.16393442622950818 146.0627453977742 149.8827453977742 1087
90.15 0.16393442622950818 120.9899801282787 124.8099801282787 1803
95.75 0.18032786885245902 88.64588884611226 92.46588884611225 1915
119.2 0.18032786885245902 63.42621717303144 67.24621717303144 2384
225.6 0.19672131147540983 60.75597764780306 64.57597764780306 4512
244.5 0.19672131147540983 51.677927466848566 55.497927466848566 4890
302.5 0.19672131147540983 49.78346904144107 53.60346904144107 6050
306.2 0.19672131147540983 45.43320878405336 49.25320878405336 6124
325.7 0.19672131147540983 43.161236629190114 46.981236629190114 6514
345.9 0.19672131147540983 41.23667641746471 45.05667641746471 6918
457.3 0.21311475409836064 39.26437051904992 43.08437051904992 9146
