% fevals/dim | frac | F - F_opt (3.82) | best fitness | fevals
1.15 0.09836065573770492 711.7299333082044 715.5499333082045 23
4.85 0.11475409836065574 525.8048793653011 529.6248793653011 97
6.0 0.11475409836065574 502.8248431095594 506.6448431095594 120
11.2 0.11475409836065574 499.0196607741033 502.83966077410327 224
13.75 0.11475409836065574 402.7209679034865 406.5409679034865 275
16.65 0.13114754098360656 377.6138067290558 381.4338067290558 333
28.75 0.13114754098360656 266.5653927282408 270.3853927282408 575
42.45 0.14754098360655737 233.11620855160388 236.93620855160387 849
82.6 0.14754098360655737 183.6451233267276 187.4651233267276 1652
84.35 0.14754098360655737 169.2744348251255 173.0944348251255 1687
92.4 0.14754098360655737 164.09855324193813 167.91855324193813 1848
109.9 0.16393442622950818 132.44008684809515 136.26008684809514 2198
119.15 0.18032786885245902 97.28885686306116 101.10885686306115 2383
166.45 0.18032786885245902 96.82737810199895 100.64737810199894 3329
179.05 0.18032786885245902 86.46713363628145 90.28713363628144 3581
224.15 0.18032786885245902 83.20506506372291 87.0250650637229 4483
262.1 0.18032786885245902 73.964043014927 77.784043014927 5242
272.8 0.18032786885245902 68.77198273548736 72.59198273548735 5456
322.1 0.19672131147540983 57.20799815923241 61.02799815923241 6442
341.75 0.19672131147540983 56.45897578741196 60.27897578741196 6835
343.2 0.21311475409836064 39.01945018013523 42.83945018013523 6864
