9.35 0.09836065573770492 723.3823256790611 684.0823256790611 187
21.1 0.09836065573770492 696.2479545701592 656.9479545701593 422
26.9 0.09836065573770492 653.287555191992 613.9875551919921 538
32.0 0.11475409836065574 587.3197914679853 548.0197914679853 640
41.3 0.11475409836065574 581.0911963058029 541.7911963058029 826
45.5 0.11475409836065574 541.469146241109 502.169146241109 910
59.45 0.11475409836065574 503.3425537898349 464.04255378983487 1189
64.1 0.11475409836065574 495.2265683144637 455.9265683144637 1282
68.5 0.11475409836065574 489.9042370986516 450.6042370986516 1370
78.05 0.11475409836065574 423.5805949556035 384.2805949556035 1561
129.2 0.11475409836065574 412.9893992938006 373.6893992938006 2584
189.65 0.11475409836065574 411.28566253562144 371.98566253562143 3793
254.75 0.13114754098360656 396.5342804291008 357.2342804291008 5095
491.9 0.13114754098360656 394.71882415048697 355.41882415048696 9838
