% fevals/dim | frac | F - F_opt (-20.33) | best fitness | fevals
1.6 0.0 23177.882892379497 23157.552892379495 32
4.7 0.0 17101.276678663216 17080.946678663215 94
6.4 0.03278688524590164 4243.663320158361 4223.333320158361 128
12.1 0.06557377049180328 1627.6418039656 1607.3118039656001 242
13.5 0.13114754098360656 330.7016145742049 310.3716145742049 270
19.25 0.13114754098360656 303.70216918029126 283.3721691802913 385
23.5 0.13114754098360656 251.21008721144136 230.88008721144138 470
39.85 0.14754098360655737 245.5466613432435 225.21666134324352 797
51.8 0.14754098360655737 179.07400027171775 158.74400027171777 1036
152.55 0.16393442622950818 135.75890100916104 115.42890100916104 3051
