2.85 0.18032786885245902 70.09082816 44.84082816 57
5.65 0.18032786885245902 66.04602815999999 40.79602815999999 113
12.55 0.18032786885245902 64.86682815999998 39.61682815999998 251
15.15 0.19672131147540983 40.558028160000006 15.308028160000006 303
23.05 0.21311475409836064 37.04922816000001 11.799228160000013 461
28.65 0.21311475409836064 34.81242816000001 9.56242816000001 573
39.4 0.21311475409836064 25.198028160000007 -0.05197183999999311 788
45.0 0.22950819672131148 22.644428160000004 -2.605571839999996 900
61.8 0.22950819672131148 20.178828160000005 -5.0711718399999945 1236
73.0 0.22950819672131148 18.210828160000002 -7.039171839999998 1460
92.6 0.22950819672131148 17.817228160000003 -7.432771839999997 1852
96.35 0.22950819672131148 17.727628160000002 -7.522371839999998 1927
112.2 0.22950819672131148 16.212428160000005 -9.037571839999995 2244
126.0 0.2459016393442623 14.828428160000001 -10.421571839999999 2520
126.55 0.2459016393442623 14.052428160000002 -11.197571839999998 2531
142.8 0.2459016393442623 13.522828160000003 -11.727171839999997 2856
144.3 0.2459016393442623 13.033228160000002 -12.216771839999998 2886
160.8 0.2459016393442623 12.407628160000002 -12.842371839999998 3216
166.7 0.2459016393442623 12.114828160000002 -13.135171839999998 3334
192.25 0.2459016393442623 12.007628160000001 -13.242371839999999 3845
205.4 0.2459016393442623 10.164428160000002 -15.085571839999998 4108
211.0 0.26229508196721313 8.858828160000002 -16.39117184 4220
219.4 0.26229508196721313 7.609228160000001 -17.64077184 4388
252.85 0.26229508196721313 7.214028160000002 -18.03597184 5057
309.35 0.26229508196721313 6.918028160000002 -18.331971839999998 6187
314.6 0.26229508196721313 6.61882816 -18.63117184 6292
345.85 0.2786885245901639 5.0348281600000035 -20.215171839999996 6917
379.0 0.2786885245901639 4.633228160000002 -20.61677184 7580
421.65 0.2786885245901639 4.404428160000002 -20.845571839999998 8433
494.15 0.2786885245901639 4.362828159999999 -20.88717184 9883
