% fevals/dim | frac | F - F_opt (3.82) | best fitness | fevals
3.05 0.09836065573770492 681.2507906299453 685.0707906299453 61
6.9 0.13114754098360656 290.43032335840843 294.2503233584084 138
10.4 0.13114754098360656 282.3949381576098 286.21493815760977 208
19.35 0.13114754098360656 256.11158243960466 259.93158243960465 387
38.4 0.14754098360655737 185.64732022935354 189.46732022935353 768
41.35 0.14754098360655737 168.7682933053181 172.5882933053181 827
53.75 0.14754098360655737 168.2994889306749 172.1194889306749 1075
76.9 0.14754098360655737 167.82873695921725 171.64873695921725 1538
77.75 0.16393442622950818 141.50524274254383 145.32524274254382 1555
83.55 0.16393442622950818 118.16680929368873 121.98680929368872 1671
92.25 0.16393442622950818 115.83480763379896 119.65480763379895 1845
109.65 0.16393442622950818 112.33089688030523 116.15089688030523 2193
124.5 0.16393442622950818 111.66573496479069 115.48573496479068 2490
135.7 0.16393442622950818 108.6083617489606 112.4283617489606 2714
146.2 0.16393442622950818 104.81942169043835 108.63942169043834 2924
241.55 0.16393442622950818 102.57931851003364 106.39931851003364 4831
295.15 0.18032786885245902 93.63760184675853 97.45760184675852 5903
437.4 0.18032786885245902 76.12234760455537 79.94234760455537 8748
