% fevals/dim | frac | F - F_opt (-462.09) | best fitness | fevals
2.8 0.09836065573770492 745.7235754759987 283.6335754759987 56
7.45 0.09836065573770492 719.0190629900525 256.9290629900525 149
14.2 0.09836065573770492 642.0972930706357 180.00729307063574 284
26.95 0.09836065573770492 635.6117078245911 173.52170782459115 539
52.0 0.11475409836065574 572.9747624165904 110.88476241659038 1040
59.65 0.11475409836065574 558.6460663901954 96.55606639019544 1193
65.25 0.11475409836065574 537.8130689447684 75.72306894476839 1305
70.7 0.11475409836065574 516.5328634469279 54.4428634469279 1414
88.05 0.11475409836065574 469.3115770270486 7.221577027048625 1761
123.3 0.11475409836065574 429.1358429123129 -32.954157087687065 2466
134.0 0.13114754098360656 395.0259998851739 -67.06400011482606 2680
138.75 0.13114754098360656 385.9999516158676 -76.09004838413239 2775
157.05 0.13114754098360656 375.5639596978583 -86.52604030214167 3141
169.4 0.13114754098360656 362.5654222143818 -99.52457778561819 3388
177.0 0.13114754098360656 343.0014678926053 -119.08853210739466 3540
180.8 0.13114754098360656 306.6565178152485 -155.43348218475148 3616
216.3 0.13114754098360656 295.1493594662661 -166.94064053373387 4326
223.9 0.13114754098360656 289.4898115572232 -172.60018844277675 4478
236.6 0.13114754098360656 285.3300422127489 -176.7599577872511 4732
240.65 0.13114754098360656 276.24229367983116 -185.8477063201688 4813
252.0 0.13114754098360656 259.93484613760086 -202.15515386239912 5040
255.8 0.13114754098360656 258.807794028932 -203.28220597106798 5116
260.15 0.14754098360655737 238.68694890300608 -223.4030510969939 5203
276.95 0.14754098360655737 235.61226008733803 -226.47773991266195 5539
323.5 0.14754098360655737 219.19674710074537 -242.8932528992546 6470
349.4 0.14754098360655737 203.1683197384486 -258.9216802615514 6988
395.9 0.14754098360655737 199.12407927172882 -262.96592072827116 7918
401.6 0.14754098360655737 189.85454361770326 -272.2354563822967 8032
423.4 0.14754098360655737 189.29109510956658 -272.7989048904334 8468
436.65 0.14754098360655737 181.57049288843376 -280.5195071115662 8733
479.25 0.14754098360655737 181.42312654810138 -280.6668734518986 9585
490.7 0.14754098360655737 176.6919650186474 -285.39803498135257 9814
