% fevals/dim | frac | F - F_opt (-462.09) | best fitness | fevals
2.8 0.09836065573770492 745.7235754759987 283.6335754759987 56
14.8 0.09836065573770492 730.1502592366883 268.0602592366883 296
16.5 0.09836065573770492 668.3666296816567 206.27662968165674 330
22.3 0.11475409836065574 520.1465942201066 58.05659422010666 446
40.8 0.11475409836065574 406.47593734359845 -55.61406265640153 816
96.7 0.13114754098360656 378.7013414826007 -83.38865851739928 1934
122.8 0.13114754098360656 364.908568837457 -97.18143116254299 2456
129.3 0.13114754098360656 354.5812474429289 -107.50875255707109 2586
145.0 0.13114754098360656 349.64419292808736 -112.44580707191261 2900
148.4 0.13114754098360656 306.47616665075066 -155.61383334924932 2968
155.55 0.13114754098360656 289.14103284372254 -172.94896715627743 3111
170.75 0.13114754098360656 274.3457484770504 -187.74425152294958 3415
176.0 0.13114754098360656 256.26709885746743 -205.82290114253254 3520
199.55 0.13114754098360656 253.92732735238997 -208.16267264761 3991
204.6 0.14754098360655737 230.6290336303797 -231.46096636962028 4092
237.1 0.14754098360655737 202.6532969407482 -259.4367030592518 4742
240.35 0.14754098360655737 198.54094499055833 -263.54905500944164 4807
308.55 0.14754098360655737 194.81974080248847 -267.2702591975115 6171
310.7 0.14754098360655737 192.81483205899525 -269.2751679410047 6214
333.8 0.14754098360655737 187.93555950159015 -274.1544404984098 6676
346.8 0.14754098360655737 184.4474409762811 -277.6425590237189 6936
356.0 0.14754098360655737 183.2962656363464 -278.7937343636536 7120
361.45 0.14754098360655737 178.78492785228065 -283.30507214771933 7229
377.95 0.14754098360655737 172.555139899339 -289.534860100661 7559
390.95 0.14754098360655737 166.52797018441515 -295.5620298155848 7819
444.9 0.14754098360655737 165.20446646286086 -296.8855335371391 8898
456.8 0.14754098360655737 163.60674833939925 -298.48325166060073 9136
489.0 0.14754098360655737 163.41854906054732 -298.67145093945265 9780
