% fevals/dim | frac | F - F_opt (3.82) | best fitness | fevals
3.05 0.09836065573770492 681.2507906299453 685.0707906299453 61
8.6 0.09836065573770492 648.4436616185963 652.2636616185963 172
14.5 0.11475409836065574 429.68631680233443 433.5063168023344 290
19.95 0.11475409836065574 424.59077660680316 428.41077660680315 399
27.0 0.13114754098360656 251.78878199303972 255.6087819930397 540
39.45 0.14754098360655737 245.54603973439617 249.36603973439617 789
47.5 0.14754098360655737 227.74133618923116 231.56133618923116 950
53.05 0.14754098360655737 173.15685284500364 176.97685284500363 1061
62.9 0.16393442622950818 114.4066051499725 118.2266051499725 1258
121.6 0.18032786885245902 91.08099730981519 94.90099730981518 2432
127.4 0.18032786885245902 90.99777435274663 94.81777435274662 2548
156.9 0.18032786885245902 80.4721387544654 84.2921387544654 3138
162.1 0.18032786885245902 76.02034691289735 79.84034691289735 3242
184.3 0.18032786885245902 63.83195225268056 67.65195225268056 3686
189.85 0.19672131147540983 50.10643577071426 53.926435770714264 3797
259.75 0.19672131147540983 45.16794059741959 48.98794059741959 5195
282.8 0.19672131147540983 43.399457075765135 47.219457075765135 5656
388.75 0.19672131147540983 40.77433110586158 44.59433110586158 7775
494.2 0.21311475409836064 35.96625458724147 39.78625458724147 9884
