% fevals/dim | frac | F - F_opt (-16.94) | best fitness | fevals
2.3 0.19672131147540983 57.28602563063775 40.346025630637754 46
7.4 0.19672131147540983 42.462288101646834 25.522288101646833 148
21.55 0.21311475409836064 36.41939814941688 19.479398149416877 431
31.95 0.21311475409836064 34.07631490021877 17.136314900218768 639
33.4 0.22950819672131148 23.64164262600334 6.701642626003338 668
36.55 0.22950819672131148 20.013934929524474 3.073934929524473 731
108.7 0.22950819672131148 15.890572116315143 -1.0494278836848583 2174
134.1 0.2459016393442623 11.854466177214665 -5.085533822785337 2682
339.35 0.2459016393442623 11.16219783949283 -5.777802160507171 6787
368.9 0.2459016393442623 10.11284848213377 -6.8271515178662305 7378
