8.75 0.19672131147540983 54.23642816 28.986428160000003 175
13.85 0.19672131147540983 46.56442816000001 21.314428160000013 277
31.25 0.19672131147540983 44.12762816000001 18.877628160000008 625
40.2 0.19672131147540983 40.76282816000001 15.512828160000012 804
47.8 0.21311475409836064 32.86522816 7.615228160000001 956
59.4 0.21311475409836064 31.111628160000002 5.861628160000002 1188
65.2 0.21311475409836064 27.879628159999996 2.6296281599999958 1304
67.25 0.21311475409836064 27.799628160000005 2.5496281600000046 1345
73.9 0.22950819672131148 22.36602816 -2.883971840000001 1478
76.8 0.22950819672131148 20.13722816 -5.112771840000001 1536
82.6 0.2459016393442623 15.526028159999997 -9.723971840000003 1652
93.35 0.2459016393442623 15.282828160000001 -9.967171839999999 1867
96.25 0.2459016393442623 12.540428160000001 -12.709571839999999 1925
101.0 0.2459016393442623 11.484428160000002 -13.765571839999998 2020
105.8 0.2459016393442623 10.67802816 -14.57197184 2116
114.2 0.2459016393442623 10.222028159999997 -15.027971840000003 2284
126.1 0.26229508196721313 8.991628159999998 -16.258371840000002 2522
134.45 0.26229508196721313 7.67962816 -17.57037184 2689
149.85 0.26229508196721313 6.532428160000002 -18.717571839999998 2997
152.75 0.26229508196721313 6.369228159999999 -18.88077184 3055
157.75 0.2786885245901639 6.202828159999999 -19.04717184 3155
165.5 0.2786885245901639 5.529228160000002 -19.720771839999998 3310
177.95 0.2786885245901639 5.410828160000001 -19.83917184 3559
189.55 0.2786885245901639 4.80762816 -20.44237184 3791
198.35 0.2786885245901639 4.380428160000001 -20.86957184 3967
205.05 0.29508196721311475 3.918028160000002 -21.331971839999998 4101
235.5 0.29508196721311475 3.316428160000001 -21.93357184 4710
238.4 0.29508196721311475 2.6220281599999993 -22.62797184 4768
364.55 0.3114754098360656 2.3932281599999996 -22.85677184 7291
398.4 0.3114754098360656 2.271628159999999 -22.97837184 7968
424.3 0.3114754098360656 2.13082816 -23.11917184 8486
