23.4 0.13114754098360656 304.41127587679875 170.82127587679875 468
29.0 0.13114754098360656 252.98805211007763 119.39805211007763 580
34.8 0.14754098360655737 233.76022257088704 100.17022257088703 696
67.95 0.14754098360655737 231.40294953482436 97.81294953482436 1359
86.75 0.14754098360655737 218.43578258526537 84.84578258526537 1735
104.8 0.14754098360655737 207.0413540645257 73.4513540645257 2096
111.85 0.14754098360655737 178.9700329550831 45.380032955083095 2237
151.9 0.14754098360655737 175.78403157823195 42.19403157823194 3038
290.05 0.14754098360655737 173.9800861619898 40.390086161989785 5801
457.3 0.16393442622950818 153.8228326114523 20.232832611452295 9146
