35.8 0.13114754098360656 308.11146636165046 174.52146636165045 716
46.0 0.13114754098360656 293.1585347816965 159.5685347816965 920
51.9 0.13114754098360656 271.1487129140641 137.5587129140641 1038
56.55 0.14754098360655737 229.75162642525706 96.16162642525705 1131
95.25 0.14754098360655737 218.47042426247407 84.88042426247407 1905
158.45 0.14754098360655737 212.27968255096062 78.68968255096061 3169
169.3 0.14754098360655737 210.63278384542474 77.04278384542474 3386
204.4 0.14754098360655737 187.395956941257 53.805956941256994 4088
210.5 0.14754098360655737 182.99328586401097 49.40328586401097 4210
461.7 0.14754098360655737 181.46025729715922 47.87025729715921 9234
483.3 0.14754098360655737 179.6710757101589 46.0810757101589 9666
