% fevals/dim | frac | F - F_opt (-51.91) | best fitness | fevals
1.2 0.0 1866999.7037960447 1866947.7937960448 24
17.7 0.0 1594448.7818273003 1594396.8718273004 354
22.55 0.0 1564857.5263022732 1564805.6163022732 451
38.0 0.0 1324673.3028051192 1324621.3928051193 760
43.55 0.0 933506.3070452623 933454.3970452623 871
62.25 0.0 771426.7797221267 771374.8697221266 1245
106.25 0.0 662691.864880284 662639.9548802839 2125
151.95 0.0 593096.2176493573 593044.3076493572 3039
152.55 0.0 574906.7165944068 574854.8065944067 3051
183.55 0.0 340108.7497489911 340056.83974899113 3671
187.3 0.0 337078.2737679554 337026.36376795545 3746
219.0 0.0 329138.1017399653 329086.19173996535 4380
327.6 0.0 291820.2476698615 291768.3376698615 6552
