31.7 0.0 10741.75002088755 10604.99002088755 634
49.9 0.01639344262295082 9772.467073477223 9635.707073477222 998
68.1 0.01639344262295082 8604.51322722774 8467.75322722774 1362
86.3 0.01639344262295082 8441.452522666856 8304.692522666855 1726
107.2 0.04918032786885246 3739.743105720134 3602.9831057201336 2144
133.65 0.04918032786885246 3050.285227542623 2913.525227542623 2673
151.85 0.06557377049180328 2477.1768551434016 2340.4168551434013 3037
166.55 0.06557377049180328 1738.225646854009 1601.465646854009 3331
202.95 0.06557377049180328 1738.125184332459 1601.365184332459 4059
239.35 0.06557377049180328 1676.0329847486419 1539.2729847486419 4787
306.2 0.08196721311475409 1305.3867822442623 1168.6267822442624 6124
447.3 0.09836065573770492 685.3166699252474 548.5566699252474 8946
