% fevals/dim | frac | F - F_opt (-34.75) | best fitness | fevals
1.05 0.09836065573770492 668.9911485518971 634.2411485518971 21
6.25 0.11475409836065574 546.7925435624156 512.0425435624156 125
8.5 0.11475409836065574 530.4008460754267 495.65084607542667 170
11.45 0.11475409836065574 504.2438305171954 469.4938305171954 229
17.45 0.11475409836065574 503.32784739081217 468.57784739081217 349
18.9 0.11475409836065574 487.4592162883213 452.7092162883213 378
29.65 0.11475409836065574 481.0837641198114 446.3337641198114 593
42.65 0.11475409836065574 443.53470018925333 408.78470018925333 853
50.1 0.11475409836065574 436.8082690497508 402.0582690497508 1002
65.3 0.11475409836065574 423.53498415487974 388.78498415487974 1306
112.1 0.11475409836065574 413.35599898491404 378.60599898491404 2242
