8.35 0.18032786885245902 71.29242815999999 46.042428159999986 167
11.4 0.19672131147540983 62.80442815999999 37.55442815999999 228
14.7 0.19672131147540983 59.68922816 34.43922816 294
17.05 0.19672131147540983 54.783628160000006 29.533628160000006 341
23.85 0.19672131147540983 46.52922816000001 21.27922816000001 477
29.6 0.19672131147540983 44.476428160000005 19.226428160000005 592
39.1 0.19672131147540983 43.015628160000006 17.765628160000006 782
54.1 0.19672131147540983 40.63002816 15.380028160000002 1082
72.4 0.19672131147540983 39.985228160000005 14.735228160000005 1448
84.85 0.21311475409836064 36.27322816 11.023228160000002 1697
102.9 0.21311475409836064 35.54522816000001 10.295228160000008 2058
115.35 0.21311475409836064 34.644428160000004 9.394428160000004 2307
121.45 0.21311475409836064 34.129228160000004 8.879228160000004 2429
