9.05 0.13114754098360656 280.60593026246937 147.01593026246937 181
72.45 0.13114754098360656 279.51122857912816 145.92122857912815 1449
84.7 0.13114754098360656 263.19060930884245 129.60060930884245 1694
96.05 0.14754098360655737 248.27625051673135 114.68625051673135 1921
114.2 0.14754098360655737 227.87320248626474 94.28320248626474 2284
138.1 0.14754098360655737 227.70538183322847 94.11538183322847 2762
180.1 0.14754098360655737 218.5835867477817 84.9935867477817 3602
198.2 0.14754098360655737 217.7946280201479 84.20462802014791 3964
215.7 0.14754098360655737 211.49148077664108 77.90148077664108 4314
345.45 0.14754098360655737 190.3184083293742 56.72840832937419 6909
