% fevals/dim | frac | F - F_opt (-34.75) | best fitness | fevals
1.05 0.09836065573770492 668.9911485518971 634.2411485518971 21
17.35 0.09836065573770492 649.6688873848889 614.9188873848889 347
24.4 0.11475409836065574 511.83051398644886 477.08051398644886 488
45.25 0.11475409836065574 419.10307165598795 384.35307165598795 905
79.45 0.13114754098360656 376.2134831813238 341.4634831813238 1589
111.65 0.13114754098360656 346.4749215072851 311.7249215072851 2233
170.05 0.13114754098360656 319.87551711971355 285.12551711971355 3401
177.7 0.13114754098360656 318.60167005592234 283.85167005592234 3554
210.3 0.13114754098360656 314.9116473631776 280.1616473631776 4206
226.45 0.13114754098360656 299.3354513852902 264.5854513852902 4529
238.35 0.13114754098360656 277.5150316169766 242.76503161697661 4767
255.1 0.13114754098360656 270.9534449731681 236.20344497316808 5102
319.0 0.14754098360655737 248.19953744934978 213.44953744934978 6380
339.15 0.14754098360655737 239.54757952894704 204.79757952894704 6783
364.2 0.14754098360655737 230.45820554483072 195.70820554483072 7284
400.3 0.14754098360655737 185.87233763909003 151.12233763909003 8006
