% fevals/dim | frac | F - F_opt (-34.75) | best fitness | fevals
1.05 0.09836065573770492 668.9911485518971 634.2411485518971 21
30.45 0.11475409836065574 630.9464292547466 596.1964292547466 609
31.7 0.11475409836065574 491.1849365301333 456.4349365301333 634
61.25 0.11475409836065574 417.35757440790456 382.60757440790456 1225
76.6 0.13114754098360656 389.0691410976482 354.3191410976482 1532
99.85 0.13114754098360656 386.8959353278997 352.1459353278997 1997
123.1 0.13114754098360656 356.46014074478967 321.71014074478967 2462
129.8 0.13114754098360656 327.41177289881654 292.66177289881654 2596
141.75 0.13114754098360656 304.649358456225 269.899358456225 2835
161.3 0.13114754098360656 300.4730151501898 265.7230151501898 3226
173.7 0.13114754098360656 251.70892565455767 216.95892565455767 3474
219.25 0.14754098360655737 225.71003865559817 190.96003865559817 4385
