% fevals/dim | frac | F - F_opt (-34.75) | best fitness | fevals
1.05 0.09836065573770492 668.9911485518971 634.2411485518971 21
4.8 0.11475409836065574 554.2380093463507 519.4880093463507 96
10.35 0.11475409836065574 488.2362701542446 453.4862701542446 207
20.95 0.13114754098360656 373.3624265816046 338.6124265816046 419
39.55 0.13114754098360656 371.65487677543143 336.90487677543143 791
45.35 0.13114754098360656 315.7334178980733 280.9834178980733 907
80.55 0.13114754098360656 302.40386055646763 267.65386055646763 1611
81.9 0.13114754098360656 288.1480864292523 253.39808642925232 1638
103.15 0.13114754098360656 274.7374905402032 239.98749054020323 2063
139.8 0.13114754098360656 271.12296997484145 236.37296997484145 2796
142.85 0.14754098360655737 227.46333777514303 192.71333777514303 2857
183.45 0.14754098360655737 210.92695631698305 176.17695631698305 3669
239.75 0.14754098360655737 195.90033856760874 161.15033856760874 4795
