6.8 0.0 4181217.6988333943 4180648.8188333944 136
10.1 0.0 2569369.5355514376 2568800.6555514378 202
13.4 0.0 2141152.161517824 2140583.281517824 268
21.05 0.0 978600.2289890586 978031.3489890586 421
24.35 0.0 690551.9017263465 689983.0217263465 487
37.5 0.0 672696.6198369309 672127.7398369309 750
57.35 0.0 625620.0334088183 625051.1534088183 1147
60.6 0.0 571243.2113283875 570674.3313283875 1212
65.25 0.0 547677.5021399073 547108.6221399073 1305
66.75 0.0 437585.1895871369 437016.3095871369 1335
73.05 0.0 403436.01275594713 402867.1327559471 1461
83.6 0.0 333637.38039642357 333068.50039642357 1672
111.1 0.0 317548.06381953094 316979.18381953094 2222
130.9 0.0 315953.20950252627 315384.32950252626 2618
136.55 0.0 309299.7896151199 308730.9096151199 2731
141.0 0.0 305245.7738286997 304676.8938286997 2820
148.25 0.0 301744.706649477 301175.826649477 2965
153.0 0.0 301614.2792937408 301045.3992937408 3060
164.6 0.0 293458.515161372 292889.635161372 3292
201.8 0.0 292092.1749676341 291523.2949676341 4036
218.65 0.0 290045.66035164974 289476.78035164974 4373
222.35 0.0 289363.74615789065 288794.86615789065 4447
232.25 0.0 288657.90742100275 288089.02742100274 4645
286.85 0.0 288544.4673596938 287975.5873596938 5737
339.65 0.0 288499.1891148266 287930.3091148266 6793
359.45 0.0 288484.91162895184 287916.03162895184 7189
388.75 0.0 288479.33698576264 287910.45698576263 7775
398.65 0.0 288468.98841433146 287900.10841433145 7973
405.25 0.0 288465.0594998879 287896.1794998879 8105
428.55 0.0 288440.102314013 287871.222314013 8571
452.8 0.0 288439.572827122 287870.692827122 9056
458.25 0.0 288438.45735810214 287869.57735810213 9165
