3.95 0.18032786885245902 79.00564770361105 178.80564770361104 79
8.8 0.18032786885245902 73.06309213240583 172.86309213240582 176
16.1 0.18032786885245902 71.68612876658166 171.48612876658166 322
21.15 0.18032786885245902 70.31597246893601 170.115972468936 423
31.2 0.18032786885245902 68.55949104254698 168.35949104254698 624
39.0 0.18032786885245902 64.43862609196266 164.23862609196266 780
68.1 0.18032786885245902 64.17489324726667 163.97489324726666 1362
70.65 0.19672131147540983 55.505973835850924 155.30597383585092 1413
100.2 0.19672131147540983 53.54687166946577 153.34687166946577 2004
144.75 0.19672131147540983 52.137448456312555 151.93744845631255 2895
153.9 0.19672131147540983 50.37216833063904 150.17216833063904 3078
167.15 0.19672131147540983 45.50446624011296 145.30446624011296 3343
217.2 0.19672131147540983 42.32188735998953 142.12188735998953 4344
260.1 0.21311475409836064 39.10196753700187 138.90196753700187 5202
291.3 0.21311475409836064 38.118329617498304 137.9183296174983 5826
294.8 0.21311475409836064 35.841996220827966 135.64199622082796 5896
357.2 0.21311475409836064 35.00089738592423 134.80089738592423 7144
455.9 0.21311475409836064 29.093403395290196 128.8934033952902 9118
471.5 0.21311475409836064 27.592587019205567 127.39258701920556 9430
