% fevals/dim | frac | F - F_opt (-20.33) | best fitness | fevals
3.7 0.06557377049180328 2156.089825346676 2135.7598253466763 74
29.25 0.08196721311475409 1083.6616509946905 1063.3316509946906 585
40.2 0.09836065573770492 857.6490895306866 837.3190895306866 804
42.8 0.14754098360655737 237.35242064489535 217.02242064489536 856
85.85 0.14754098360655737 211.69010270538382 191.36010270538384 1717
100.4 0.14754098360655737 201.73142510014537 181.4014251001454 2008
105.05 0.14754098360655737 195.39599305653388 175.0659930565339 2101
118.7 0.14754098360655737 176.0211145343659 155.6911145343659 2374
121.9 0.14754098360655737 167.4895884371054 147.1595884371054 2438
143.8 0.16393442622950818 154.0973495017078 133.76734950170783 2876
230.55 0.16393442622950818 147.0783003549399 126.7483003549399 4611
312.0 0.16393442622950818 143.67771532355033 123.34771532355033 6240
