% fevals/dim | frac | F - F_opt (92.94) | best fitness | fevals
3.95 0.09836065573770492 773.7421697707268 866.6821697707269 79
11.5 0.09836065573770492 690.2730378136014 783.2130378136014 230
27.85 0.09836065573770492 642.5463209466986 735.4863209466987 557
37.2 0.11475409836065574 428.1008644750785 521.0408644750785 744
55.9 0.11475409836065574 406.6873858257936 499.6273858257936 1118
76.8 0.13114754098360656 346.029963723082 438.969963723082 1536
87.85 0.13114754098360656 303.51261033091095 396.45261033091094 1757
126.35 0.13114754098360656 266.2558936274476 359.1958936274476 2527
160.95 0.13114754098360656 260.0040514567875 352.9440514567875 3219
185.95 0.14754098360655737 228.82305966508642 321.7630596650864 3719
191.55 0.14754098360655737 173.25892014143955 266.19892014143954 3831
230.55 0.16393442622950818 115.46341902484625 208.40341902484624 4611
266.35 0.19672131147540983 53.71249268873359 146.6524926887336 5327
