% fevals/dim | frac | F - F_opt (40.66) | best fitness | fevals
13.6 0.11475409836065574 531.3032507936514 571.9632507936514 272
41.7 0.11475409836065574 495.43113484651326 536.0911348465132 834
70.8 0.11475409836065574 429.53926221258905 470.199262212589 1416
116.1 0.13114754098360656 381.2345829597733 421.8945829597733 2322
189.8 0.13114754098360656 376.7406937773245 417.4006937773245 3796
208.7 0.13114754098360656 339.91387305359433 380.5738730535943 4174
242.7 0.13114754098360656 339.26896939541234 379.9289693954123 4854
258.3 0.13114754098360656 311.04455544829625 351.7045554482962 5166
271.4 0.13114754098360656 296.22554794400116 336.88554794400113 5428
315.85 0.13114754098360656 284.934076621058 325.594076621058 6317
329.85 0.13114754098360656 283.68554054023366 324.3455405402336 6597
365.0 0.13114754098360656 270.12708588993905 310.787085889939 7300
405.1 0.13114754098360656 268.493733233331 309.15373323333097 8102
415.25 0.13114754098360656 266.7629458571746 307.42294585717457 8305
430.35 0.14754098360655737 228.3290053692073 268.9890053692073 8607
