% fevals/dim | frac | F - F_opt (92.94) | best fitness | fevals
3.95 0.09836065573770492 773.7421697707268 866.6821697707269 79
24.5 0.09836065573770492 766.0877683157137 859.0277683157137 490
53.5 0.13114754098360656 309.14160863465094 402.08160863465093 1070
149.55 0.13114754098360656 286.71221267383055 379.65221267383055 2991
193.9 0.13114754098360656 264.5685334675954 357.5085334675954 3878
204.45 0.14754098360655737 210.0499260126819 302.9899260126819 4089
230.2 0.14754098360655737 167.54880529070107 260.48880529070107 4604
251.0 0.16393442622950818 129.98233492157578 222.92233492157578 5020
426.3 0.16393442622950818 115.28434531096369 208.22434531096368 8526
468.85 0.16393442622950818 107.90447649929641 200.8444764992964 9377
