% fevals/dim | frac | F - F_opt (40.66) | best fitness | fevals
3.1 0.09836065573770492 695.4299896415262 736.0899896415261 62
13.2 0.11475409836065574 557.8282590259402 598.4882590259401 264
16.15 0.11475409836065574 527.3603379422555 568.0203379422554 323
24.15 0.11475409836065574 495.67738211331437 536.3373821133143 483
31.3 0.11475409836065574 459.17773862095703 499.837738620957 626
38.45 0.11475409836065574 437.650249820588 478.31024982058796 769
41.9 0.11475409836065574 426.4899482694193 467.14994826941927 838
65.6 0.13114754098360656 390.6215783094723 431.28157830947225 1312
70.65 0.13114754098360656 383.81300674299086 424.47300674299083 1413
77.2 0.13114754098360656 339.90301955058555 380.5630195505855 1544
95.65 0.13114754098360656 325.63605152563287 366.29605152563283 1913
102.8 0.13114754098360656 303.56242632231954 344.2224263223195 2056
112.9 0.13114754098360656 292.95020168182873 333.6102016818287 2258
123.0 0.13114754098360656 276.9589701520556 317.61897015205557 2460
155.95 0.13114754098360656 270.1971921878717 310.85719218787165 3119
159.25 0.13114754098360656 266.96583772707265 307.6258377270726 3185
171.45 0.14754098360655737 247.75652963845366 288.41652963845365 3429
174.55 0.14754098360655737 235.88059299124436 276.54059299124435 3491
212.2 0.14754098360655737 224.30929830667398 264.969298306674 4244
224.25 0.14754098360655737 216.43248158372248 257.0924815837225 4485
244.05 0.14754098360655737 215.60100435846195 256.26100435846195 4881
247.55 0.14754098360655737 210.73579615118547 251.39579615118546 4951
266.5 0.14754098360655737 208.42975230003276 249.08975230003276 5330
277.4 0.14754098360655737 205.7321197344952 246.3921197344952 5548
288.35 0.14754098360655737 201.92018905020575 242.58018905020575 5767
296.8 0.14754098360655737 200.5609875122506 241.2209875122506 5936
307.25 0.14754098360655737 191.10519609453644 231.76519609453644 6145
333.25 0.14754098360655737 181.07374349189314 221.73374349189314 6665
348.4 0.14754098360655737 177.80967904036814 218.46967904036813 6968
368.6 0.14754098360655737 177.7345224417625 218.3945224417625 7372
370.5 0.14754098360655737 177.5738667881207 218.2338667881207 7410
375.55 0.14754098360655737 177.21155261565738 217.87155261565738 7511
382.65 0.14754098360655737 174.02465863203238 214.68465863203238 7653
387.1 0.14754098360655737 173.29767182131914 213.95767182131914 7742
396.1 0.14754098360655737 166.14449292810474 206.80449292810474 7922
439.9 0.14754098360655737 166.00921996190763 206.66921996190763 8798
450.0 0.14754098360655737 165.36717568508163 206.02717568508163 9000
472.3 0.14754098360655737 164.53229889451057 205.19229889451057 9446
