% fevals/dim | frac | F - F_opt (40.66) | best fitness | fevals
3.1 0.09836065573770492 695.4299896415262 736.0899896415261 62
5.15 0.09836065573770492 667.3192066837731 707.9792066837731 103
8.6 0.11475409836065574 554.0668109357657 594.7268109357657 172
12.55 0.11475409836065574 486.1126901906018 526.7726901906018 251
24.4 0.11475409836065574 450.9365208182155 491.5965208182155 488
36.25 0.11475409836065574 429.82821025392286 470.48821025392283 725
59.25 0.13114754098360656 391.00697465495546 431.6669746549554 1185
69.0 0.13114754098360656 369.8502975927861 410.51029759278606 1380
72.95 0.13114754098360656 361.9815328050039 402.64153280500386 1459
88.95 0.13114754098360656 359.1386306126527 399.7986306126527 1779
92.1 0.13114754098360656 335.97827120453087 376.63827120453084 1842
96.05 0.13114754098360656 327.0313774632896 367.69137746328954 1921
100.6 0.13114754098360656 312.4333857849243 353.0933857849243 2012
114.55 0.13114754098360656 303.8359458415441 344.4959458415441 2291
120.7 0.13114754098360656 291.68858803041655 332.3485880304165 2414
127.65 0.13114754098360656 280.19689499742947 320.85689499742944 2553
138.25 0.13114754098360656 276.7773518873232 317.4373518873232 2765
140.1 0.13114754098360656 268.77926134069617 309.43926134069613 2802
145.6 0.13114754098360656 263.68795459694616 304.3479545969461 2912
151.75 0.13114754098360656 255.0304996196779 295.6904996196779 3035
156.1 0.14754098360655737 249.48411341245205 290.14411341245204 3122
165.35 0.14754098360655737 237.51303194668296 278.17303194668295 3307
167.95 0.14754098360655737 227.07422502899746 267.73422502899746 3359
171.9 0.14754098360655737 223.10124273690778 263.7612427369078 3438
185.1 0.14754098360655737 222.27003252792426 262.93003252792425 3702
187.7 0.14754098360655737 220.95665974413728 261.6166597441373 3754
196.95 0.14754098360655737 208.10577107060675 248.76577107060675 3939
203.5 0.14754098360655737 200.65193694256925 241.31193694256925 4070
228.2 0.14754098360655737 193.9973177185855 234.6573177185855 4564
254.45 0.14754098360655737 188.77152677765022 229.43152677765022 5089
257.4 0.14754098360655737 183.29254956243648 223.95254956243647 5148
277.05 0.14754098360655737 177.20000191401215 217.86000191401214 5541
293.95 0.14754098360655737 174.89368089390183 215.55368089390183 5879
304.45 0.14754098360655737 169.75966544694006 210.41966544694006 6089
313.35 0.14754098360655737 169.54005171016888 210.20005171016888 6267
325.85 0.14754098360655737 168.25129932065647 208.91129932065647 6517
337.7 0.14754098360655737 167.56866187618257 208.22866187618257 6754
353.5 0.14754098360655737 166.73378508561154 207.39378508561154 7070
367.45 0.14754098360655737 166.59851211941444 207.25851211941443 7349
