% fevals/dim | frac | F - F_opt (92.94) | best fitness | fevals
3.95 0.09836065573770492 773.7421697707268 866.6821697707269 79
39.75 0.11475409836065574 513.6570254144726 606.5970254144727 795
65.35 0.13114754098360656 375.8967682622936 468.8367682622936 1307
123.0 0.13114754098360656 375.129080517208 468.069080517208 2460
147.35 0.13114754098360656 352.27468265350944 445.21468265350944 2947
174.4 0.13114754098360656 337.26748335480244 430.20748335480243 3488
195.7 0.13114754098360656 300.8666210034458 393.8066210034458 3914
256.85 0.13114754098360656 257.5932458636784 350.5332458636784 5137
280.7 0.14754098360655737 245.20327937771634 338.14327937771634 5614
294.55 0.14754098360655737 234.58887361151272 327.5288736115127 5891
315.4 0.14754098360655737 171.33013972946202 264.270139729462 6308
413.6 0.16393442622950818 136.57883973399314 229.51883973399313 8272
