19.6 0.0 14288.532759991804 14142.952759991804 392
25.3 0.01639344262295082 7140.549580408391 6994.969580408391 506
60.35 0.01639344262295082 6551.162259645108 6405.582259645108 1207
65.2 0.04918032786885246 3253.586643401984 3108.006643401984 1304
83.75 0.06557377049180328 1670.0868163902676 1524.5068163902677 1675
110.15 0.09836065573770492 906.7708414029336 761.1908414029335 2203
134.5 0.09836065573770492 898.4662937932312 752.8862937932312 2690
144.05 0.09836065573770492 726.0534348337843 580.4734348337843 2881
146.95 0.11475409836065574 567.2689836500006 421.6889836500005 2939
152.9 0.14754098360655737 191.233948360418 45.653948360417985 3058
175.4 0.19672131147540983 59.269740586768336 -86.31025941323168 3508
178.45 0.22950819672131148 16.353075131051668 -129.22692486894834 3569
220.85 0.29508196721311475 3.846190558777579 -141.73380944122243 4417
254.85 0.29508196721311475 3.690096286179312 -141.8899037138207 5097
293.15 0.29508196721311475 3.0818778855379776 -142.49812211446203 5863
483.5 0.29508196721311475 2.9587827928971535 -142.62121720710286 9670
497.6 0.29508196721311475 2.9048990994623125 -142.6751009005377 9952
