9.65 0.09836065573770492 699.3700447753904 664.6200447753904 193
21.95 0.09836065573770492 662.9286273188164 628.1786273188164 439
26.7 0.11475409836065574 629.6015339409919 594.8515339409919 534
39.45 0.11475409836065574 470.65644414599785 435.90644414599785 789
45.3 0.11475409836065574 457.95629822929794 423.20629822929794 906
62.65 0.11475409836065574 436.25955852451193 401.50955852451193 1253
66.35 0.13114754098360656 387.1251669756126 352.3751669756126 1327
80.15 0.13114754098360656 317.0339194069005 282.2839194069005 1603
85.9 0.13114754098360656 287.6115209178253 252.86152091782532 1718
134.0 0.13114754098360656 279.33455218855806 244.58455218855806 2680
171.15 0.13114754098360656 262.4097034019175 227.6597034019175 3423
184.25 0.14754098360655737 249.8905474210007 215.1405474210007 3685
193.35 0.14754098360655737 245.88763514930008 211.13763514930008 3867
205.1 0.14754098360655737 245.34896426828277 210.59896426828277 4102
254.8 0.14754098360655737 224.65541789941557 189.90541789941557 5096
337.05 0.14754098360655737 197.87112985030052 163.12112985030052 6741
