% fevals/dim | frac | F - F_opt (40.66) | best fitness | fevals
3.1 0.09836065573770492 695.4299896415262 736.0899896415261 62
5.25 0.09836065573770492 646.1823748694693 686.8423748694693 105
13.9 0.11475409836065574 582.8021405572974 623.4621405572974 278
19.65 0.11475409836065574 528.3443666324522 569.0043666324522 393
23.25 0.11475409836065574 517.1943735842414 557.8543735842413 465
39.6 0.11475409836065574 480.1240716523407 520.7840716523407 792
69.15 0.11475409836065574 411.23829966595326 451.89829966595323 1383
86.9 0.13114754098360656 388.19588278245703 428.855882782457 1738
119.3 0.13114754098360656 349.03489897126246 389.69489897126243 2386
143.45 0.13114754098360656 318.8323979961456 359.49239799614554 2869
174.1 0.13114754098360656 316.65645738407704 357.316457384077 3482
190.5 0.13114754098360656 296.0237396709456 336.68373967094556 3810
218.15 0.13114754098360656 295.0039187015733 335.66391870157327 4363
224.95 0.13114754098360656 274.5437109164674 315.20371091646734 4499
248.2 0.13114754098360656 266.800593362061 307.460593362061 4964
258.65 0.14754098360655737 250.96524788415044 291.62524788415044 5173
261.9 0.14754098360655737 249.27227550071368 289.9322755007137 5238
295.0 0.14754098360655737 235.70505993993007 276.36505993993006 5900
322.8 0.14754098360655737 218.7616241611939 259.4216241611939 6456
352.0 0.14754098360655737 210.9081684497325 251.5681684497325 7040
362.4 0.14754098360655737 205.33314498809108 245.99314498809107 7248
377.35 0.14754098360655737 198.72636706589483 239.38636706589483 7547
387.15 0.14754098360655737 190.3554677280079 231.0154677280079 7743
424.5 0.14754098360655737 189.83759719175282 230.49759719175282 8490
428.1 0.14754098360655737 189.16497010113005 229.82497010113005 8562
449.75 0.14754098360655737 187.44934993518694 228.10934993518694 8995
464.1 0.14754098360655737 182.01179120791556 222.67179120791556 9282
486.0 0.14754098360655737 167.46222092995941 208.1222209299594 9720
