% fevals/dim | frac | F - F_opt (92.94) | best fitness | fevals
3.95 0.09836065573770492 773.7421697707268 866.6821697707269 79
8.9 0.11475409836065574 538.6182987583438 631.5582987583439 178
18.8 0.11475409836065574 435.2755997733728 528.2155997733728 376
21.25 0.11475409836065574 408.72261131547816 501.66261131547816 425
38.6 0.13114754098360656 384.7366672046491 477.6766672046491 772
43.4 0.13114754098360656 257.93052558516797 350.87052558516797 868
58.25 0.14754098360655737 244.52798566160197 337.467985661602 1165
63.35 0.14754098360655737 161.47643900403625 254.41643900403625 1267
83.15 0.16393442622950818 151.99086254049436 244.93086254049436 1663
100.55 0.16393442622950818 122.44402982921429 215.38402982921428 2011
125.3 0.16393442622950818 117.58732513404954 210.52732513404953 2506
135.2 0.16393442622950818 116.60314294932425 209.54314294932425 2704
160.85 0.16393442622950818 116.23512527980108 209.17512527980108 3217
171.1 0.18032786885245902 95.18057320325852 188.12057320325852 3422
173.7 0.18032786885245902 90.93808279223663 183.87808279223663 3474
178.95 0.18032786885245902 85.42135678474568 178.36135678474568 3579
193.5 0.18032786885245902 69.89620797219868 162.83620797219868 3870
200.45 0.18032786885245902 68.90881551106884 161.84881551106884 4009
233.1 0.18032786885245902 64.06804720366716 157.00804720366716 4662
240.05 0.19672131147540983 50.1803723091127 143.1203723091127 4801
260.2 0.19672131147540983 49.471507465484024 142.41150746548402 5204
270.1 0.19672131147540983 45.96800703400692 138.9080070340069 5402
285.3 0.19672131147540983 39.9222006033329 132.8622006033329 5706
319.85 0.21311475409836064 36.546893490114684 129.48689349011468 6397
339.65 0.21311475409836064 33.02240633133084 125.96240633133084 6793
432.2 0.21311475409836064 30.555639852636205 123.4956398526362 8644
449.85 0.22950819672131148 22.94651759810162 115.88651759810162 8997
