7.65 0.0 11956.034334321874 11810.454334321874 153
27.5 0.01639344262295082 8404.318979730686 8258.738979730686 550
35.1 0.03278688524590164 4551.426592857534 4405.846592857534 702
52.85 0.04918032786885246 3061.3053517041517 2915.7253517041518 1057
59.55 0.04918032786885246 2987.0583305124396 2841.4783305124397 1191
68.4 0.06557377049180328 1705.9434289050614 1560.3634289050615 1368
70.65 0.09836065573770492 976.6766628853434 831.0966628853433 1413
78.25 0.14754098360655737 231.31160281710632 85.7316028171063 1565
85.85 0.14754098360655737 229.51570004635073 83.93570004635072 1717
89.0 0.14754098360655737 167.55679562161706 21.976795621617043 1780
113.6 0.16393442622950818 117.01015362795849 -28.569846372041525 2272
120.95 0.19672131147540983 61.188567259355665 -84.39143274064435 2419
136.8 0.19672131147540983 60.30837200532902 -85.271627994671 2736
137.95 0.19672131147540983 45.12720254278105 -100.45279745721896 2759
140.7 0.2786885245901639 4.5954691343773675 -140.98453086562265 2814
144.5 0.2786885245901639 4.532098986664749 -141.04790101333526 2890
149.3 0.29508196721311475 3.941077720528881 -141.63892227947113 2986
153.1 0.29508196721311475 3.899978290664478 -141.68002170933553 3062
158.75 0.29508196721311475 3.73709050393407 -141.84290949606594 3175
162.55 0.29508196721311475 3.628044425070584 -141.95195557492943 3251
182.1 0.29508196721311475 3.4603592898175464 -142.11964071018247 3642
185.9 0.29508196721311475 3.3124309988154437 -142.26756900118457 3718
207.75 0.29508196721311475 3.309663422815561 -142.27033657718445 4155
220.1 0.29508196721311475 3.300096837920421 -142.2799031620796 4402
250.4 0.29508196721311475 3.259524549950129 -142.32047545004988 5008
257.95 0.29508196721311475 3.201597981095972 -142.37840201890404 5159
265.6 0.29508196721311475 3.089516560878934 -142.49048343912108 5312
267.95 0.29508196721311475 3.0055238909401396 -142.57447610905987 5359
292.2 0.29508196721311475 2.9661631600291685 -142.61383683997084 5844
298.35 0.29508196721311475 2.7855317560424737 -142.79446824395754 5967
307.4 0.29508196721311475 2.7770534523120602 -142.80294654768795 6148
312.0 0.29508196721311475 2.733245826963298 -142.84675417303671 6240
321.15 0.29508196721311475 2.631014505164387 -142.94898549483563 6423
359.55 0.3114754098360656 2.4427953620994174 -143.1372046379006 7191
409.35 0.3114754098360656 2.1862440694106624 -143.39375593058935 8187
