% fevals/dim | frac | F - F_opt (92.94) | best fitness | fevals
2.15 0.08196721311475409 1098.4887963452672 1191.4287963452673 43
4.3 0.09836065573770492 800.0458578919418 892.9858578919418 86
6.95 0.09836065573770492 749.5608025294 842.5008025294001 139
9.6 0.11475409836065574 571.4374523180193 664.3774523180193 192
14.9 0.11475409836065574 496.0681277408815 589.0081277408815 298
17.55 0.13114754098360656 290.7077326808282 383.6477326808282 351
21.25 0.13114754098360656 264.42367855511395 357.36367855511395 425
36.8 0.14754098360655737 187.08315292412658 280.0231529241266 736
39.45 0.14754098360655737 185.55703040761966 278.49703040761966 789
52.7 0.14754098360655737 174.14584898194215 267.08584898194215 1054
58.6 0.16393442622950818 124.19740942156261 217.1374094215626 1172
66.55 0.16393442622950818 100.20044432672299 193.14044432672299 1331
93.05 0.19672131147540983 58.298630038765964 151.23863003876596 1861
119.55 0.21311475409836064 36.68588191716782 129.62588191716782 2391
162.15 0.21311475409836064 35.61978673676623 128.55978673676623 3243
200.7 0.21311475409836064 34.93457475566751 127.87457475566751 4014
213.0 0.21311475409836064 32.86638903371008 125.80638903371008 4260
239.5 0.21311475409836064 32.75298777588915 125.69298777588915 4790
248.4 0.21311475409836064 32.0872697947201 125.0272697947201 4968
256.6 0.21311475409836064 27.986120463593338 120.92612046359334 5132
300.5 0.21311475409836064 26.904070114087787 119.84407011408778 6010
316.0 0.21311475409836064 25.91794217538576 118.85794217538576 6320
350.8 0.22950819672131148 21.04508839538134 113.98508839538134 7016
431.4 0.22950819672131148 19.186162147057672 112.12616214705767 8628
