9.75 0.19672131147540983 61.03962816 35.78962816 195
14.35 0.19672131147540983 53.58042816000001 28.33042816000001 287
36.0 0.19672131147540983 41.90842816000001 16.658428160000007 720
39.7 0.21311475409836064 37.46202816000001 12.21202816000001 794
44.55 0.21311475409836064 37.102028159999996 11.852028159999996 891
50.8 0.22950819672131148 24.921228160000002 -0.32877183999999815 1016
75.1 0.22950819672131148 20.436428160000006 -4.8135718399999945 1502
79.05 0.22950819672131148 19.388428160000004 -5.861571839999996 1581
84.45 0.22950819672131148 18.43002816 -6.819971840000001 1689
88.4 0.2459016393442623 12.097228160000004 -13.152771839999996 1768
102.3 0.2459016393442623 11.71962816 -13.53037184 2046
115.6 0.2459016393442623 10.695628160000002 -14.554371839999998 2312
120.6 0.2459016393442623 10.476428160000003 -14.773571839999997 2412
124.3 0.26229508196721313 9.166028160000003 -16.083971839999997 2486
130.4 0.26229508196721313 8.506828159999998 -16.743171840000002 2608
139.5 0.2786885245901639 5.8924281600000015 -19.35757184 2790
144.1 0.2786885245901639 5.154828160000001 -20.09517184 2882
152.85 0.2786885245901639 4.9148281600000026 -20.335171839999997 3057
173.7 0.2786885245901639 4.073228159999999 -21.17677184 3474
181.55 0.29508196721311475 3.7164281599999995 -21.53357184 3631
190.9 0.29508196721311475 2.8124281599999996 -22.43757184 3818
204.75 0.3114754098360656 2.3596281599999998 -22.89037184 4095
225.15 0.3114754098360656 2.13082816 -23.11917184 4503
237.25 0.3114754098360656 2.122828160000001 -23.12717184 4745
260.75 0.3114754098360656 2.0892281599999976 -23.160771840000002 5215
262.75 0.3114754098360656 1.8604281599999979 -23.389571840000002 5255
