8.45 0.0 13829.28925600813 13683.709256008131 169
17.4 0.0 11531.085347953973 11385.505347953973 348
25.8 0.0 11408.896058311318 11263.316058311319 516
36.75 0.01639344262295082 7826.4434277414975 7680.863427741498 735
40.95 0.01639344262295082 7412.410419810207 7266.830419810207 819
48.2 0.01639344262295082 6726.621938771505 6581.041938771505 964
52.4 0.03278688524590164 6006.38628573095 5860.80628573095 1048
56.6 0.03278688524590164 4842.587285867944 4697.007285867944 1132
65.5 0.04918032786885246 2538.3613232705525 2392.7813232705525 1310
75.8 0.06557377049180328 1836.1176960050732 1690.5376960050733 1516
86.5 0.09836065573770492 953.0407662471894 807.4607662471893 1730
108.35 0.14754098360655737 224.27974443290023 78.69974443290022 2167
109.4 0.16393442622950818 130.2569538393498 -15.323046160650222 2188
116.75 0.21311475409836064 37.02562908685522 -108.5543709131448 2335
140.05 0.29508196721311475 3.6956128605954177 -141.8843871394046 2801
165.25 0.29508196721311475 3.6332212665001293 -141.94677873349988 3305
191.8 0.29508196721311475 3.5560227549059107 -142.0239772450941 3836
222.3 0.29508196721311475 3.2126371111185392 -142.36736288888147 4446
257.65 0.29508196721311475 3.091869834079205 -142.4881301659208 5153
297.6 0.29508196721311475 3.086747134245627 -142.49325286575439 5952
332.85 0.29508196721311475 2.98598692743559 -142.59401307256442 6657
362.25 0.29508196721311475 2.8118998570569715 -142.76810014294304 7245
374.85 0.29508196721311475 2.7788219749741074 -142.8011780250259 7497
400.15 0.29508196721311475 2.649192536805913 -142.9308074631941 8003
403.9 0.29508196721311475 2.5818824421807847 -142.99811755781923 8078
408.1 0.29508196721311475 2.5568829713251944 -143.02311702867482 8162
432.0 0.3114754098360656 2.380027588244417 -143.1999724117556 8640
497.8 0.3114754098360656 2.3746650806728553 -143.20533491932716 9956
