21.35 0.0 945635.8275473644 945425.9475473644 427
25.55 0.0 898908.6528999775 898698.7728999775 511
46.55 0.0 625862.2216668893 625652.3416668893 931
59.15 0.0 527667.3854549062 527457.5054549061 1183
83.1 0.0 473714.7339802746 473504.8539802746 1662
86.55 0.0 406413.48987655574 406203.60987655574 1731
92.1 0.0 340643.15560431534 340433.27560431533 1842
100.6 0.0 253709.984010635 253500.104010635 2012
111.75 0.0 188174.45315167046 187964.57315167045 2235
120.15 0.0 187125.09028332203 186915.21028332203 2403
129.9 0.0 103545.89233836044 103336.01233836044 2598
150.9 0.0 101574.34719268858 101364.46719268858 3018
155.1 0.0 101532.04780024009 101322.16780024009 3102
159.3 0.0 100391.79069308042 100181.91069308041 3186
163.5 0.0 99584.47812905001 99374.59812905 3270
171.9 0.0 95232.96489250819 95023.08489250818 3438
176.1 0.0 95188.24306179147 94978.36306179146 3522
189.15 0.0 90911.34817826781 90701.46817826781 3783
196.3 0.0 86536.95565735317 86327.07565735317 3926
213.1 0.0 85590.84038190456 85380.96038190456 4262
217.3 0.0 85432.45647720997 85222.57647720996 4346
221.5 0.0 85190.80070170404 84980.92070170403 4430
234.1 0.0 84114.5498486309 83904.66984863089 4682
240.4 0.0 83894.87464551037 83684.99464551036 4808
263.8 0.0 83779.48751195769 83569.60751195769 5276
274.25 0.0 83752.90479515378 83543.02479515377 5485
282.55 0.0 83727.06207200116 83517.18207200116 5651
289.0 0.0 83598.97570222522 83389.09570222521 5780
289.85 0.0 83481.12508709558 83271.24508709558 5797
298.25 0.0 83479.49575983474 83269.61575983473 5965
312.05 0.0 83475.15989689465 83265.27989689464 6241
319.3 0.0 83453.66062376584 83243.78062376584 6386
324.05 0.0 83418.59352385669 83208.71352385668 6481
353.4 0.0 83415.49518183255 83205.61518183255 7068
357.6 0.0 83405.09269154281 83195.21269154281 7152
374.45 0.0 83404.64867147047 83194.76867147046 7489
