13.45 0.19672131147540983 61.47482816 36.22482816 269
18.55 0.19672131147540983 57.266828159999996 32.016828159999996 371
23.65 0.19672131147540983 47.87482816000001 22.624828160000007 473
28.75 0.19672131147540983 47.439628160000005 22.189628160000005 575
55.4 0.21311475409836064 27.546828160000008 2.2968281600000076 1108
89.15 0.21311475409836064 26.898828159999997 1.6488281599999972 1783
101.3 0.22950819672131148 20.994828160000008 -4.255171839999992 2026
121.35 0.22950819672131148 20.407628160000005 -4.842371839999995 2427
126.8 0.22950819672131148 17.95162816000001 -7.298371839999991 2536
132.25 0.22950819672131148 17.414028159999997 -7.835971840000003 2645
147.55 0.2459016393442623 15.177228159999999 -10.072771840000001 2951
151.95 0.2459016393442623 13.29722816 -11.95277184 3039
178.15 0.26229508196721313 9.609228159999999 -15.640771840000001 3563
199.25 0.26229508196721313 8.788428159999999 -16.46157184 3985
208.05 0.26229508196721313 8.145228160000002 -17.104771839999998 4161
222.4 0.26229508196721313 7.481228160000001 -17.76877184 4448
224.6 0.2786885245901639 5.2236281600000005 -20.02637184 4492
247.9 0.2786885245901639 4.865228160000001 -20.38477184 4958
263.2 0.29508196721311475 3.7836281599999992 -21.46637184 5264
280.7 0.29508196721311475 3.2044281600000026 -22.045571839999997 5614
301.15 0.3114754098360656 2.2636281599999997 -22.98637184 6023
311.35 0.3114754098360656 2.122828160000001 -23.12717184 6227
348.4 0.3114754098360656 1.8604281599999979 -23.389571840000002 6968
