% fevals/dim | frac | F - F_opt (92.94) | best fitness | fevals
2.15 0.08196721311475409 1098.4887963452672 1191.4287963452673 43
4.4 0.09836065573770492 631.717942222698 724.657942222698 88
7.3 0.11475409836065574 483.4639765653761 576.4039765653761 146
16.0 0.13114754098360656 364.014989585138 456.954989585138 320
33.9 0.13114754098360656 362.49030189872144 455.43030189872144 678
36.0 0.13114754098360656 338.2825689118906 431.2225689118906 720
39.9 0.13114754098360656 271.1737988200915 364.1137988200915 798
49.4 0.14754098360655737 188.39516837215166 281.33516837215166 988
61.0 0.14754098360655737 177.26613545551896 270.20613545551896 1220
64.55 0.16393442622950818 144.48822730292014 237.42822730292013 1291
76.15 0.16393442622950818 119.25377576165715 212.19377576165715 1523
85.85 0.16393442622950818 102.22810480961158 195.16810480961158 1717
97.15 0.18032786885245902 98.82856408489027 191.76856408489027 1943
114.55 0.18032786885245902 96.68292222767752 189.62292222767752 2291
117.45 0.19672131147540983 59.14333171930454 152.08333171930454 2349
129.05 0.19672131147540983 45.01986090560325 137.95986090560325 2581
242.35 0.19672131147540983 44.98547055484596 137.92547055484596 4847
269.35 0.19672131147540983 43.90853047048245 136.84853047048244 5387
282.45 0.21311475409836064 37.55092407205689 130.49092407205688 5649
298.0 0.21311475409836064 31.934501226307404 124.8745012263074 5960
319.55 0.21311475409836064 31.317056547271804 124.2570565472718 6391
340.45 0.22950819672131148 22.238197506919605 115.1781975069196 6809
452.8 0.22950819672131148 21.848867997908513 114.78886799790851 9056
471.5 0.22950819672131148 20.36844880073835 113.30844880073835 9430
