% fevals/dim | frac | F - F_opt (-462.09) | best fitness | fevals
1.3 0.09836065573770492 763.0591719476872 300.96917194768724 26
8.8 0.09836065573770492 711.0988506865074 249.0088506865074 176
20.05 0.09836065573770492 696.2863727403001 234.1963727403001 401
22.05 0.11475409836065574 517.3841084241442 55.29410842414421 441
28.5 0.11475409836065574 444.19899041956984 -17.891009580430136 570
37.4 0.11475409836065574 434.8954513713137 -27.194548628686277 748
44.2 0.13114754098360656 390.24567089224126 -71.84432910775871 884
47.6 0.13114754098360656 320.3814822449537 -141.70851775504627 952
51.0 0.13114754098360656 309.59029542258475 -152.49970457741523 1020
54.4 0.13114754098360656 305.8261392125902 -156.26386078740978 1088
58.55 0.13114754098360656 304.41695261105014 -157.67304738894984 1171
74.8 0.13114754098360656 284.597989166257 -177.492010833743 1496
76.1 0.13114754098360656 279.0907659963772 -182.9992340036228 1522
81.6 0.13114754098360656 265.1613624582781 -196.92863754172186 1632
86.4 0.13114754098360656 253.62303581727176 -208.46696418272822 1728
91.2 0.14754098360655737 249.07531717286042 -213.01468282713955 1824
101.4 0.14754098360655737 243.60752740545576 -218.48247259454422 2028
116.9 0.14754098360655737 223.14105759209832 -238.94894240790165 2338
121.05 0.14754098360655737 209.86492895689747 -252.2250710431025 2421
126.25 0.14754098360655737 198.08109022317336 -264.0089097768266 2525
155.05 0.14754098360655737 197.92770385531048 -264.1622961446895 3101
156.85 0.14754098360655737 192.68151363204976 -269.4084863679502 3137
163.65 0.14754098360655737 186.2068830119983 -275.8831169880017 3273
178.15 0.14754098360655737 183.190076950113 -278.899923049887 3563
181.55 0.14754098360655737 174.46576264425704 -287.62423735574293 3631
188.35 0.14754098360655737 173.1047698499413 -288.98523015005867 3767
204.45 0.14754098360655737 170.079392633964 -292.01060736603597 4089
212.15 0.14754098360655737 169.44562091260974 -292.64437908739023 4243
226.55 0.14754098360655737 168.22227314079038 -293.8677268592096 4531
243.45 0.14754098360655737 166.74794253147564 -295.34205746852433 4869
256.35 0.14754098360655737 166.64043327872736 -295.4495667212726 5127
258.65 0.14754098360655737 166.19554674737577 -295.8944532526242 5173
266.4 0.14754098360655737 166.04530100735582 -296.04469899264416 5328
269.15 0.14754098360655737 163.74714486434 -298.34285513566 5383
284.0 0.14754098360655737 162.3861520700242 -299.7038479299758 5680
292.4 0.14754098360655737 161.9482076169578 -300.1417923830422 5848
302.6 0.14754098360655737 160.7020354762211 -301.38796452377886 6052
319.6 0.14754098360655737 159.41590414575825 -302.6740958542417 6392
