% fevals/dim | frac | F - F_opt (92.94) | best fitness | fevals
2.15 0.08196721311475409 1098.4887963452672 1191.4287963452673 43
6.8 0.09836065573770492 840.2575369740209 933.197536974021 136
10.2 0.09836065573770492 837.7981357096303 930.7381357096303 204
12.3 0.09836065573770492 817.4725309274163 910.4125309274164 246
14.65 0.11475409836065574 597.638772706076 690.578772706076 293
21.75 0.11475409836065574 530.8602401196144 623.8002401196145 435
25.95 0.11475409836065574 484.58945714466 577.52945714466 519
28.65 0.13114754098360656 391.345733948712 484.285733948712 573
39.05 0.13114754098360656 302.6081848874592 395.5481848874592 781
42.45 0.14754098360655737 215.0055799653445 307.9455799653445 849
72.5 0.14754098360655737 206.93504169753407 299.8750416975341 1450
77.0 0.14754098360655737 199.80077711324958 292.7407771132496 1540
83.7 0.14754098360655737 183.03557369439346 275.97557369439346 1674
85.2 0.16393442622950818 153.59923013782728 246.53923013782727 1704
88.7 0.16393442622950818 113.08711326360475 206.02711326360475 1774
92.1 0.16393442622950818 105.42733033167792 198.36733033167792 1842
107.45 0.18032786885245902 82.73195359300661 175.6719535930066 2149
126.0 0.18032786885245902 79.14668012601766 172.08668012601765 2520
131.0 0.18032786885245902 68.08963523593792 161.02963523593792 2620
148.55 0.19672131147540983 54.69097218690757 147.63097218690757 2971
155.35 0.19672131147540983 46.49007075161654 139.43007075161654 3107
158.75 0.19672131147540983 44.49926511528051 137.4392651152805 3175
210.35 0.21311475409836064 30.9333590190017 123.8733590190017 4207
220.9 0.21311475409836064 28.84545697844311 121.78545697844311 4418
304.8 0.21311475409836064 28.57963307851732 121.51963307851732 6096
323.5 0.21311475409836064 26.607118627626505 119.5471186276265 6470
375.95 0.21311475409836064 25.579496359984887 118.51949635998488 7519
391.1 0.22950819672131148 21.878151811546985 114.81815181154698 7822
415.25 0.22950819672131148 21.53662335471614 114.47662335471614 8305
435.4 0.22950819672131148 17.869827750542882 110.80982775054288 8708
486.85 0.2459016393442623 15.846508621259574 108.78650862125957 9737
