6.35 0.09836065573770492 771.2493001710867 811.9093001710867 127
8.8 0.11475409836065574 626.7444515655378 667.4044515655378 176
14.0 0.11475409836065574 537.8771390863299 578.5371390863298 280
16.6 0.11475409836065574 478.4060671112858 519.0660671112857 332
24.75 0.11475409836065574 469.8117146503496 510.47171465034955 495
32.4 0.11475409836065574 460.1973946751025 500.85739467510246 648
37.4 0.11475409836065574 423.50575485891966 464.1657548589196 748
41.1 0.11475409836065574 401.84029606333695 442.5002960633369 822
47.75 0.13114754098360656 387.63799299436914 428.2979929943691 955
49.65 0.13114754098360656 385.43783610112325 426.0978361011232 993
54.15 0.13114754098360656 370.6482515806548 411.30825158065477 1083
56.75 0.13114754098360656 367.5087155246231 408.16871552462305 1135
59.4 0.13114754098360656 349.00141711136905 389.661417111369 1188
62.25 0.13114754098360656 343.0538339007445 383.7138339007445 1245
67.45 0.13114754098360656 326.92844008076656 367.58844008076653 1349
69.8 0.13114754098360656 319.5140706528035 360.1740706528035 1396
72.65 0.13114754098360656 318.0075723730138 358.66757237301374 1453
75.25 0.13114754098360656 289.5228690048856 330.18286900488556 1505
77.85 0.13114754098360656 276.1542476180439 316.81424761804385 1557
90.15 0.13114754098360656 270.03068950796774 310.6906895079677 1803
96.05 0.13114754098360656 268.2854828302617 308.94548283026165 1921
101.05 0.13114754098360656 262.74436493858934 303.4043649385893 2021
109.05 0.14754098360655737 249.35762683508776 290.01762683508775 2181
120.3 0.14754098360655737 242.32528094539478 282.9852809453948 2406
125.5 0.14754098360655737 239.64620420282185 280.30620420282185 2510
132.45 0.14754098360655737 237.58940520731844 278.24940520731843 2649
133.15 0.14754098360655737 232.13395916809552 272.7939591680955 2663
143.7 0.14754098360655737 229.4482073573017 270.1082073573017 2874
150.5 0.14754098360655737 226.43951158504373 267.09951158504373 3010
151.05 0.14754098360655737 206.72315649591303 247.38315649591303 3021
158.85 0.14754098360655737 205.3554659850382 246.0154659850382 3177
167.6 0.14754098360655737 200.18589180692624 240.84589180692623 3352
174.45 0.14754098360655737 197.7437112127226 238.40371121272258 3489
181.5 0.14754098360655737 196.93855112970056 237.59855112970055 3630
188.4 0.14754098360655737 192.31712701914404 232.97712701914404 3768
211.35 0.14754098360655737 191.87096857006114 232.53096857006113 4227
213.95 0.14754098360655737 191.20317324980033 231.86317324980033 4279
217.9 0.14754098360655737 189.24009955477345 229.90009955477345 4358
221.0 0.14754098360655737 186.84818038605817 227.50818038605817 4420
221.85 0.14754098360655737 186.13409788269774 226.79409788269774 4437
226.2 0.14754098360655737 184.49480958729666 225.15480958729665 4524
234.6 0.14754098360655737 182.8105773271681 223.4705773271681 4692
243.55 0.14754098360655737 182.65869271950746 223.31869271950745 4871
249.9 0.14754098360655737 182.52341975331035 223.18341975331035 4998
