3.75 0.11475409836065574 627.9864057696873 593.2364057696873 75
15.05 0.11475409836065574 540.5997068430513 505.8497068430513 301
23.3 0.11475409836065574 515.6390966439089 480.88909664390894 466
26.55 0.11475409836065574 484.9975931747006 450.2475931747006 531
40.35 0.11475409836065574 412.69307458181726 377.94307458181726 807
46.0 0.11475409836065574 405.7437799967761 370.9937799967761 920
53.2 0.13114754098360656 389.89555797116316 355.14555797116316 1064
67.0 0.13114754098360656 334.2676084258319 299.5176084258319 1340
88.95 0.13114754098360656 333.99391654068353 299.24391654068353 1779
96.25 0.13114754098360656 332.46025628779466 297.71025628779466 1925
99.6 0.13114754098360656 290.6023454801702 255.8523454801702 1992
144.45 0.13114754098360656 266.3383576756214 231.5883576756214 2889
183.75 0.14754098360655737 235.7575071936248 201.0075071936248 3675
300.75 0.14754098360655737 229.6250321157753 194.8750321157753 6015
325.5 0.14754098360655737 218.07397504293144 183.32397504293144 6510
386.7 0.14754098360655737 212.8498514417559 178.0998514417559 7734
416.2 0.14754098360655737 199.26139960891413 164.51139960891413 8324
479.5 0.14754098360655737 189.28785612908106 154.53785612908106 9590
