9.3 0.09836065573770492 670.3377275882182 635.5877275882182 186
11.95 0.11475409836065574 589.8022094343518 555.0522094343518 239
24.85 0.11475409836065574 479.76419146970875 445.01419146970875 497
29.6 0.11475409836065574 430.3973036195306 395.6473036195306 592
37.85 0.13114754098360656 366.03647270982253 331.28647270982253 757
61.55 0.13114754098360656 346.5922414564709 311.8422414564709 1231
71.05 0.13114754098360656 324.5318004559807 289.7818004559807 1421
78.2 0.13114754098360656 319.6076085220595 284.8576085220595 1564
88.4 0.13114754098360656 317.3842980161851 282.6342980161851 1768
97.9 0.13114754098360656 306.2103273945986 271.4603273945986 1958
109.45 0.13114754098360656 278.0170511638104 243.26705116381038 2189
121.65 0.14754098360655737 246.37756166153633 211.62756166153633 2433
221.5 0.14754098360655737 242.85544781028597 208.10544781028597 4430
241.35 0.14754098360655737 240.06867589839482 205.31867589839482 4827
293.5 0.14754098360655737 230.93221937096334 196.18221937096334 5870
311.5 0.14754098360655737 228.0253088667493 193.2753088667493 6230
324.8 0.14754098360655737 214.9059890571341 180.1559890571341 6496
393.4 0.14754098360655737 211.99803525771225 177.24803525771225 7868
426.5 0.14754098360655737 211.89876031950473 177.14876031950473 8530
472.05 0.14754098360655737 189.6779796410541 154.9279796410541 9441
