% fevals/dim | frac | F - F_opt (40.66) | best fitness | fevals
3.1 0.09836065573770492 695.4299896415262 736.0899896415261 62
3.3 0.09836065573770492 680.6607811479023 721.3207811479023 66
9.6 0.09836065573770492 649.4260285077695 690.0860285077695 192
12.5 0.09836065573770492 633.5775265511172 674.2375265511172 250
22.85 0.11475409836065574 576.0655933629371 616.725593362937 457
26.1 0.11475409836065574 573.4939054578422 614.1539054578421 522
31.05 0.11475409836065574 571.5872335111437 612.2472335111437 621
35.6 0.11475409836065574 529.1117380741438 569.7717380741437 712
37.55 0.11475409836065574 498.6204799728223 539.2804799728223 751
47.3 0.11475409836065574 457.0841672907994 497.7441672907994 946
58.8 0.11475409836065574 412.308008669071 452.96800866907097 1176
70.25 0.11475409836065574 404.28253747846065 444.9425374784606 1405
77.05 0.13114754098360656 367.4387585919063 408.0987585919063 1541
81.75 0.13114754098360656 363.9935647811765 404.65356478117644 1635
85.0 0.13114754098360656 295.72747562610016 336.3874756261001 1700
104.5 0.13114754098360656 289.58144386680124 330.2414438668012 2090
115.85 0.13114754098360656 265.5296528125235 306.1896528125235 2317
119.4 0.13114754098360656 257.6143365478846 298.27433654788456 2388
125.9 0.14754098360655737 249.74557176010237 290.40557176010236 2518
145.4 0.14754098360655737 233.5020987056882 274.1620987056882 2908
148.65 0.14754098360655737 232.6672219151172 273.3272219151172 2973
162.15 0.14754098360655737 223.30668492075748 263.9666849207575 3243
171.9 0.14754098360655737 220.20090290984896 260.86090290984896 3438
184.9 0.14754098360655737 211.6873493791272 252.3473493791272 3698
199.65 0.14754098360655737 204.94278539574324 245.60278539574324 3993
214.6 0.14754098360655737 200.39321237945788 241.05321237945788 4292
224.35 0.14754098360655737 197.35720413622244 238.01720413622243 4487
229.1 0.14754098360655737 192.89129059917573 233.55129059917573 4582
233.1 0.14754098360655737 190.09427938791356 230.75427938791356 4662
236.05 0.14754098360655737 181.04907248079797 221.70907248079797 4721
259.1 0.14754098360655737 176.2823734060334 216.9423734060334 5182
281.85 0.14754098360655737 175.77560209540454 216.43560209540453 5637
284.1 0.14754098360655737 175.02605858528847 215.68605858528846 5682
287.0 0.14754098360655737 170.5850033271061 211.2450033271061 5740
297.8 0.14754098360655737 170.07579863314004 210.73579863314004 5956
299.95 0.14754098360655737 167.76860882064187 208.42860882064187 5999
303.25 0.14754098360655737 167.54899508387066 208.20899508387066 6065
317.4 0.14754098360655737 165.4423322836873 206.1023322836873 6348
358.9 0.14754098360655737 164.2451413206529 204.9051413206529 7178
