39.5 0.0 1266337.6221872154 1266127.7421872155 790
45.9 0.0 1263929.3032501286 1263719.4232501287 918
65.35 0.0 1133392.239675032 1133182.359675032 1307
73.9 0.0 850928.2511206839 850718.3711206838 1478
78.2 0.0 621793.8105239992 621583.9305239992 1564
90.85 0.0 490605.29209092684 490395.41209092684 1817
97.1 0.0 369261.51655743987 369051.63655743987 1942
103.5 0.0 323246.0876753916 323036.2076753916 2070
116.3 0.0 320050.181539849 319840.301539849 2326
122.95 0.0 272138.79299106356 271928.91299106355 2459
129.1 0.0 252754.9875111489 252545.1075111489 2582
142.15 0.0 246783.68765191254 246573.80765191253 2843
148.55 0.0 164077.97977843034 163868.09977843033 2971
169.15 0.0 147911.79376039992 147701.9137603999 3383
177.15 0.0 101207.03784833531 100997.15784833531 3543
196.35 0.0 99970.72641912485 99760.84641912485 3927
220.15 0.0 87883.33960435464 87673.45960435463 4403
272.65 0.0 87423.50787074522 87213.62787074521 5453
276.4 0.0 85523.44635689342 85313.56635689341 5528
295.6 0.0 85490.78087715912 85280.90087715912 5912
302.0 0.0 85253.87344691294 85043.99344691294 6040
310.5 0.0 84627.93137037978 84418.05137037978 6210
320.45 0.0 84085.7231689354 83875.84316893539 6409
327.5 0.0 83693.55033369803 83483.67033369803 6550
359.3 0.0 83646.27644686295 83436.39644686294 7186
378.5 0.0 83512.14091043819 83302.26091043818 7570
416.9 0.0 83495.70099003684 83285.82099003684 8338
450.0 0.0 83483.76109791746 83273.88109791746 9000
464.65 0.0 83473.89201444114 83264.01201444113 9293
473.5 0.0 83415.0511617602 83205.1711617602 9470
499.1 0.0 83406.27799873131 83196.3979987313 9982
