4.2 0.09836065573770492 695.297618477984 660.547618477984 84
17.7 0.09836065573770492 645.4077039301346 610.6577039301346 354
30.55 0.11475409836065574 591.2943273923992 556.5443273923992 611
34.7 0.11475409836065574 473.8976276490493 439.1476276490493 694
37.9 0.11475409836065574 462.9275907957794 428.1775907957794 758
59.65 0.11475409836065574 446.01126985986804 411.26126985986804 1193
63.75 0.11475409836065574 442.78711469595385 408.03711469595385 1275
67.95 0.11475409836065574 435.90999753681865 401.15999753681865 1359
74.25 0.11475409836065574 424.89395811853075 390.14395811853075 1485
80.35 0.13114754098360656 392.35500252633994 357.60500252633994 1607
85.1 0.13114754098360656 391.5545312182728 356.8045312182728 1702
92.3 0.13114754098360656 342.6935718323358 307.9435718323358 1846
107.45 0.13114754098360656 316.9723659225334 282.2223659225334 2149
122.2 0.13114754098360656 267.25131642690474 232.50131642690474 2444
150.95 0.14754098360655737 237.70375247198928 202.95375247198928 3019
180.0 0.14754098360655737 212.36318074426896 177.61318074426896 3600
256.6 0.14754098360655737 210.0083847703794 175.2583847703794 5132
373.8 0.14754098360655737 206.679812312568 171.929812312568 7476
378.05 0.14754098360655737 179.02862389392212 144.27862389392212 7561
