13.4 0.11475409836065574 562.4471156796762 527.6971156796762 268
29.6 0.11475409836065574 527.5689216200539 492.81892162005386 592
33.0 0.11475409836065574 451.3777206240052 416.6277206240052 660
36.4 0.11475409836065574 414.7874537929666 380.0374537929666 728
50.3 0.13114754098360656 365.244726980087 330.494726980087 1006
70.4 0.13114754098360656 356.9174698996695 322.1674698996695 1408
77.5 0.13114754098360656 316.85900785078456 282.10900785078456 1550
87.7 0.13114754098360656 281.6030349550277 246.85303495502768 1754
108.35 0.13114754098360656 278.22466321132663 243.47466321132663 2167
121.8 0.14754098360655737 231.2682744032516 196.5182744032516 2436
254.4 0.14754098360655737 227.17036535091157 192.42036535091157 5088
288.55 0.14754098360655737 227.10515847494196 192.35515847494196 5771
291.95 0.14754098360655737 219.9271995350128 185.1771995350128 5839
310.95 0.14754098360655737 184.99934763832817 150.24934763832817 6219
