7.65 0.0 13057.401774765483 12911.821774765483 153
12.8 0.0 12049.341890316042 11903.761890316042 256
23.15 0.01639344262295082 8377.324938892176 8231.744938892176 463
37.45 0.01639344262295082 7527.547296345999 7381.967296345999 749
41.3 0.03278688524590164 4932.204308649353 4786.624308649353 826
42.05 0.06557377049180328 2333.5546984566604 2187.9746984566605 841
52.8 0.06557377049180328 2215.327930745853 2069.747930745853 1056
62.45 0.06557377049180328 2185.2539382772597 2039.6739382772598 1249
67.85 0.09836065573770492 706.1864013054723 560.6064013054722 1357
71.8 0.13114754098360656 393.3391728089255 247.7591728089255 1436
75.6 0.13114754098360656 392.99310541652403 247.41310541652402 1512
84.55 0.13114754098360656 294.4781392366394 148.89813923663937 1691
98.15 0.16393442622950818 115.44098814527855 -30.13901185472146 1963
103.25 0.19672131147540983 49.2424440173242 -96.33755598267581 2065
114.35 0.2786885245901639 4.954451383034666 -140.62554861696535 2287
127.05 0.2786885245901639 4.641724389692769 -140.93827561030724 2541
131.35 0.2786885245901639 4.074067552998002 -141.505932447002 2627
144.2 0.2786885245901639 4.047380550663405 -141.5326194493366 2884
148.0 0.29508196721311475 3.6327102494800556 -141.94728975051996 2960
174.6 0.29508196721311475 3.517526644278064 -142.06247335572195 3492
186.0 0.29508196721311475 3.4992205602617332 -142.08077943973828 3720
189.8 0.29508196721311475 3.2515789462576663 -142.32842105374235 3796
228.3 0.29508196721311475 3.148544695445821 -142.4314553045542 4566
256.9 0.29508196721311475 3.096129011295943 -142.48387098870407 5138
283.9 0.29508196721311475 3.0382507577052422 -142.54174924229477 5678
288.7 0.29508196721311475 2.8493896166379784 -142.73061038336203 5774
317.1 0.29508196721311475 2.845057980737522 -142.7349420192625 6342
324.7 0.29508196721311475 2.6667918684575795 -142.91320813154243 6494
365.25 0.3114754098360656 2.503500488533973 -143.07649951146604 7305
414.35 0.3114754098360656 2.3862862676193686 -143.19371373238064 8287
422.35 0.3114754098360656 2.3351059499032942 -143.24489405009672 8447
425.75 0.3114754098360656 2.216323373084549 -143.36367662691546 8515
448.55 0.3114754098360656 2.1651430553684463 -143.41485694463157 8971
