9.65 0.09836065573770492 653.117136119314 618.367136119314 193
15.6 0.11475409836065574 567.1107260647291 532.3607260647291 312
18.85 0.11475409836065574 529.362969903978 494.61296990397796 377
32.5 0.11475409836065574 465.77449653742985 431.02449653742985 650
38.9 0.11475409836065574 412.71329413230023 377.96329413230023 778
43.6 0.13114754098360656 373.4633165199947 338.7133165199947 872
50.85 0.13114754098360656 343.8005917340169 309.0505917340169 1017
71.5 0.13114754098360656 311.7389376044033 276.9889376044033 1430
92.8 0.13114754098360656 298.7248115481939 263.9748115481939 1856
106.1 0.13114754098360656 276.81772208992993 242.06772208992993 2122
116.75 0.13114754098360656 269.73280323930544 234.98280323930544 2335
121.0 0.14754098360655737 239.7472874392741 204.9972874392741 2420
144.6 0.14754098360655737 216.90268671898716 182.15268671898716 2892
171.0 0.14754098360655737 216.86747668910283 182.11747668910283 3420
266.8 0.14754098360655737 172.0302827713577 137.2802827713577 5336
