2.8 0.09836065573770492 679.9523952061322 645.2023952061322 56
10.2 0.09836065573770492 644.8365885568827 610.0865885568827 204
11.05 0.11475409836065574 595.8181278959548 561.0681278959548 221
15.2 0.11475409836065574 490.5936419954556 455.8436419954556 304
21.25 0.11475409836065574 451.89689980848163 417.14689980848163 425
23.35 0.11475409836065574 430.80201042522106 396.05201042522106 467
31.3 0.13114754098360656 388.2704179232304 353.5204179232304 626
34.05 0.13114754098360656 368.06224737772214 333.31224737772214 681
41.95 0.13114754098360656 345.18078126857216 310.43078126857216 839
50.2 0.13114754098360656 278.6950895410913 243.9450895410913 1004
57.0 0.13114754098360656 271.23774138525766 236.48774138525766 1140
72.5 0.13114754098360656 255.6059608755337 220.8559608755337 1450
96.25 0.14754098360655737 247.64371463948913 212.89371463948913 1925
116.5 0.14754098360655737 236.25440030870223 201.50440030870223 2330
119.8 0.14754098360655737 225.5104506741957 190.7604506741957 2396
130.65 0.14754098360655737 176.91424293470703 142.16424293470703 2613
263.8 0.14754098360655737 170.80249608993213 136.05249608993213 5276
