% fevals/dim | frac | F - F_opt (-16.94) | best fitness | fevals
2.05 0.18032786885245902 82.92177503418866 65.98177503418866 41
5.25 0.19672131147540983 57.09495421777724 40.154954217777245 105
8.95 0.19672131147540983 54.82031845374581 37.880318453745815 179
11.55 0.19672131147540983 51.87534571174537 34.93534571174537 231
13.35 0.19672131147540983 47.30520220762749 30.365202207627487 267
19.0 0.21311475409836064 37.77604843095933 20.836048430959327 380
33.6 0.21311475409836064 32.7524878184048 15.8124878184048 672
38.65 0.21311475409836064 26.80007067401764 9.860070674017638 773
41.4 0.21311475409836064 25.340464691480474 8.400464691480472 828
43.05 0.22950819672131148 23.409554774521656 6.469554774521654 861
45.65 0.22950819672131148 19.927632118484162 2.9876321184841608 913
59.25 0.2459016393442623 15.831586420539905 -1.1084135794600964 1185
148.35 0.2459016393442623 15.035966007514201 -1.9040339924858003 2967
171.05 0.26229508196721313 9.659448371596435 -7.2805516284035665 3421
302.9 0.26229508196721313 9.37394644830924 -7.566053551690761 6058
347.8 0.26229508196721313 9.334564116958099 -7.605435883041903 6956
383.35 0.26229508196721313 8.60745610613937 -8.332543893860631 7667
