7.95 0.09836065573770492 756.1586288121048 796.8186288121047 159
10.2 0.11475409836065574 525.3571280438688 566.0171280438688 204
14.75 0.11475409836065574 522.3993857463684 563.0593857463683 295
15.2 0.11475409836065574 493.7000759146199 534.3600759146199 304
18.7 0.11475409836065574 444.1770183389117 484.83701833891166 374
25.2 0.11475409836065574 423.78559994890895 464.4455999489089 504
40.15 0.11475409836065574 421.392272933849 462.05227293384894 803
43.55 0.11475409836065574 410.5610015172516 451.2210015172516 871
44.4 0.13114754098360656 363.75818846637685 404.4181884663768 888
53.25 0.13114754098360656 325.2893924749276 365.94939247492755 1065
72.45 0.13114754098360656 324.8147603826985 365.4747603826985 1449
75.35 0.13114754098360656 317.5467742057414 358.20677420574134 1507
76.85 0.13114754098360656 294.77514655565426 335.4351465556542 1537
84.3 0.13114754098360656 292.40881862476124 333.0688186247612 1686
85.9 0.13114754098360656 288.7073703955559 329.3673703955559 1718
88.65 0.13114754098360656 286.16307679293664 326.8230767929366 1773
91.5 0.13114754098360656 270.5722322952814 311.2322322952814 1830
109.85 0.13114754098360656 265.68263156689284 306.3426315668928 2197
115.5 0.14754098360655737 243.2077276717142 283.8677276717142 2310
130.9 0.14754098360655737 227.93335903986755 268.59335903986755 2618
139.75 0.14754098360655737 225.8720334202254 266.5320334202254 2795
145.65 0.14754098360655737 214.20469150192673 254.86469150192673 2913
153.0 0.14754098360655737 208.23423014367967 248.89423014367966 3060
175.05 0.14754098360655737 204.1585792640672 244.8185792640672 3501
180.95 0.14754098360655737 203.49078394380635 244.15078394380635 3619
183.45 0.14754098360655737 198.63546067255928 239.29546067255927 3669
198.2 0.14754098360655737 198.34830309870156 239.00830309870156 3964
231.55 0.14754098360655737 197.96766535229844 238.62766535229844 4631
237.55 0.14754098360655737 197.8323923861014 238.4923923861014 4751
246.3 0.14754098360655737 197.19034810927542 237.85034810927542 4926
258.1 0.14754098360655737 196.9031905354177 237.5631905354177 5162
