4.35 0.0 14534.89690050174 14389.31690050174 87
5.45 0.0 14390.219485163581 14244.639485163581 109
14.1 0.01639344262295082 8784.686849748621 8639.106849748621 282
24.35 0.04918032786885246 3036.0747093789314 2890.4947093789315 487
27.05 0.04918032786885246 2763.3037874482184 2617.7237874482184 541
35.15 0.06557377049180328 2317.980996757082 2172.400996757082 703
39.45 0.08196721311475409 1084.1325638778578 938.5525638778578 789
46.75 0.11475409836065574 487.03532452765285 341.4553245276528 935
50.25 0.11475409836065574 440.9624257487967 295.38242574879666 1005
55.65 0.11475409836065574 440.90618660246423 295.3261866024642 1113
58.35 0.14754098360655737 215.54347182125974 69.96347182125973 1167
67.0 0.16393442622950818 147.8488332903627 2.268833290362693 1340
72.35 0.16393442622950818 137.24751355250882 -8.332486447491192 1447
75.05 0.21311475409836064 27.109216335380353 -118.47078366461966 1501
82.4 0.22950819672131148 21.66420502519955 -123.91579497480046 1648
85.9 0.22950819672131148 21.19058559906243 -124.38941440093758 1718
92.85 0.2786885245901639 4.721043420870245 -140.85895657912977 1857
98.75 0.2786885245901639 4.538601662026679 -141.04139833797333 1975
101.25 0.29508196721311475 3.8300554546339924 -141.74994454536602 2025
104.75 0.29508196721311475 3.709045651069033 -141.87095434893098 2095
112.45 0.29508196721311475 3.496564806813325 -142.0834351931867 2249
116.7 0.29508196721311475 3.3221858895649348 -142.25781411043508 2334
131.95 0.29508196721311475 3.1736662533513424 -142.40633374664867 2639
161.65 0.29508196721311475 3.0416173509805446 -142.53838264901947 3233
164.35 0.29508196721311475 3.0072946070712305 -142.57270539292878 3287
170.45 0.29508196721311475 2.9356247919212137 -142.6443752080788 3409
190.7 0.29508196721311475 2.8420581493518 -142.7379418506482 3814
193.8 0.29508196721311475 2.838807892509436 -142.74119210749058 3876
211.55 0.29508196721311475 2.778576418694854 -142.80142358130516 4231
221.35 0.29508196721311475 2.552964018410421 -143.0270359815896 4427
265.25 0.3114754098360656 2.415195302540411 -143.1648046974596 5305
332.95 0.3114754098360656 2.344112448914501 -143.2358875510855 6659
