6.75 0.18032786885245902 69.99162816 44.741628160000005 135
10.1 0.18032786885245902 67.45402816 42.20402815999999 202
17.25 0.19672131147540983 52.047628159999995 26.797628159999995 345
31.3 0.19672131147540983 51.99802816 26.748028159999997 626
33.55 0.19672131147540983 40.80122816 15.55122816 671
36.9 0.21311475409836064 32.527628160000006 7.277628160000006 738
56.9 0.21311475409836064 28.82522816 3.5752281600000018 1138
66.1 0.21311475409836064 26.412428160000008 1.1624281600000081 1322
67.3 0.21311475409836064 25.39322816 0.1432281599999996 1346
73.05 0.22950819672131148 19.855628160000002 -5.394371839999998 1461
79.35 0.22950819672131148 19.354828160000007 -5.895171839999993 1587
87.1 0.22950819672131148 15.974028160000001 -9.275971839999999 1742
93.45 0.2459016393442623 14.441228160000001 -10.808771839999999 1869
96.1 0.2459016393442623 14.025228160000001 -11.224771839999999 1922
99.85 0.2459016393442623 13.33402816 -11.91597184 1997
103.05 0.2459016393442623 12.79962816 -12.45037184 2061
106.4 0.2459016393442623 11.98362816 -13.26637184 2128
108.65 0.2459016393442623 10.090828160000001 -15.159171839999999 2173
113.2 0.2459016393442623 10.08122816 -15.16877184 2264
116.55 0.26229508196721313 8.372428159999998 -16.87757184 2331
127.0 0.26229508196721313 7.2652281599999995 -17.98477184 2540
140.5 0.26229508196721313 6.342028159999998 -18.907971840000002 2810
152.4 0.2786885245901639 6.03322816 -19.21677184 3048
155.75 0.2786885245901639 5.185228160000001 -20.06477184 3115
162.55 0.2786885245901639 4.794828160000002 -20.45517184 3251
170.5 0.2786885245901639 4.750028159999999 -20.49997184 3410
172.6 0.2786885245901639 4.260428160000004 -20.989571839999996 3452
180.55 0.2786885245901639 4.119628160000001 -21.13037184 3611
183.2 0.29508196721311475 3.722828159999999 -21.52717184 3664
186.55 0.29508196721311475 3.316428160000001 -21.93357184 3731
193.35 0.29508196721311475 2.5484281600000003 -22.70157184 3867
217.7 0.3114754098360656 2.2860281600000008 -22.96397184 4354
234.15 0.3114754098360656 2.122828160000001 -23.12717184 4683
238.85 0.3114754098360656 2.00122816 -23.24877184 4777
264.95 0.3114754098360656 1.8604281599999979 -23.389571840000002 5299
