16.95 0.19672131147540983 61.430028160000006 36.180028160000006 339
36.55 0.19672131147540983 57.83642816 32.58642816 731
41.45 0.19672131147540983 56.466828160000006 31.216828160000006 829
48.85 0.19672131147540983 55.95162816000001 30.701628160000013 977
49.85 0.19672131147540983 50.36122816 25.111228160000003 997
64.55 0.19672131147540983 40.38202816 15.132028159999997 1291
78.4 0.21311475409836064 35.27322816000001 10.02322816000001 1568
88.2 0.21311475409836064 30.98842816000001 5.738428160000009 1764
93.1 0.21311475409836064 29.542028160000005 4.2920281600000045 1862
112.7 0.22950819672131148 24.746828160000003 -0.5031718399999967 2254
136.8 0.22950819672131148 23.11802816 -2.1319718399999985 2736
141.7 0.22950819672131148 16.47482816 -8.775171839999999 2834
156.4 0.2459016393442623 15.719628160000003 -9.530371839999997 3128
161.3 0.2459016393442623 14.090828160000003 -11.159171839999997 3226
175.6 0.2459016393442623 12.298828160000001 -12.951171839999999 3512
180.5 0.2459016393442623 11.409228159999998 -13.840771840000002 3610
187.3 0.26229508196721313 9.446028160000001 -15.803971839999999 3746
201.65 0.26229508196721313 8.97402816 -16.27597184 4033
225.25 0.26229508196721313 8.729228159999998 -16.520771840000002 4505
229.15 0.26229508196721313 8.138828160000003 -17.111171839999997 4583
234.4 0.26229508196721313 7.25882816 -17.99117184 4688
249.05 0.2786885245901639 5.6380281599999975 -19.611971840000002 4981
260.5 0.2786885245901639 4.9660281600000005 -20.28397184 5210
282.9 0.2786885245901639 4.542028160000001 -20.70797184 5658
301.4 0.2786885245901639 4.012428159999999 -21.23757184 6028
317.2 0.29508196721311475 3.6268281599999987 -21.62317184 6344
319.0 0.29508196721311475 2.77562816 -22.47437184 6380
355.45 0.29508196721311475 2.534028160000002 -22.715971839999998 7109
378.0 0.3114754098360656 2.3516281600000006 -22.89837184 7560
382.6 0.3114754098360656 2.2076281599999987 -23.04237184 7652
401.25 0.3114754098360656 2.050828160000002 -23.199171839999998 8025
408.6 0.3114754098360656 2.00122816 -23.24877184 8172
413.0 0.3114754098360656 1.8604281599999979 -23.389571840000002 8260
