13.5 0.0 1199727.4663324042 1199517.5863324043 270
19.7 0.0 1161144.0320842653 1160934.1520842654 394
29.0 0.0 785378.5362981524 785168.6562981524 580
39.8 0.0 693975.3589210233 693765.4789210233 796
42.8 0.0 343820.73271756095 343610.85271756095 856
50.7 0.0 208260.28481700819 208050.40481700818 1014
60.0 0.0 204709.01511507228 204499.13511507228 1200
63.1 0.0 193935.78513075208 193725.90513075207 1262
73.95 0.0 190395.47799466568 190185.59799466567 1479
77.6 0.0 151834.17477042196 151624.29477042196 1552
83.25 0.0 146714.16413906132 146504.28413906132 1665
87.9 0.0 122723.28138178373 122513.40138178373 1758
103.4 0.0 110903.62696028991 110693.74696028991 2068
106.95 0.0 100860.51366298909 100650.63366298909 2139
117.0 0.0 99158.50278624416 98948.62278624416 2340
118.45 0.0 89715.2555144607 89505.3755144607 2369
122.8 0.0 89406.27788597559 89196.39788597559 2456
131.45 0.0 89302.99055561148 89093.11055561148 2629
137.05 0.0 88565.81548813809 88355.93548813809 2741
140.95 0.0 88009.28154191181 87799.40154191181 2819
147.15 0.0 87575.4363805307 87365.55638053069 2943
157.85 0.0 86805.91356129643 86596.03356129643 3157
159.6 0.0 86711.30684525085 86501.42684525084 3192
165.05 0.0 86441.73665072747 86231.85665072747 3301
179.1 0.0 86428.03815772192 86218.15815772192 3582
179.9 0.0 86280.33647481696 86070.45647481695 3598
198.05 0.0 86089.23087363652 85879.35087363652 3961
205.85 0.0 85978.7965589113 85768.9165589113 4117
222.3 0.0 85911.59337072351 85701.7133707235 4446
225.4 0.0 85903.84301711532 85693.96301711531 4508
231.6 0.0 85884.04552156114 85674.16552156114 4632
247.1 0.0 85867.52200492406 85657.64200492406 4942
250.0 0.0 85857.95730228556 85648.07730228556 5000
262.15 0.0 85856.32797502472 85646.44797502471 5243
