3.25 0.06557377049180328 2242.548959028662 2019.568959028662 65
6.45 0.06557377049180328 2091.9414677474247 1868.9614677474246 129
11.65 0.06557377049180328 1648.514372268512 1425.534372268512 233
14.85 0.08196721311475409 1558.3493538359155 1335.3693538359155 297
30.15 0.08196721311475409 1487.7169193384918 1264.7369193384918 603
33.35 0.08196721311475409 1473.4793486068274 1250.4993486068274 667
37.25 0.08196721311475409 1343.4416702181695 1120.4616702181695 745
45.9 0.08196721311475409 1310.7328803122816 1087.7528803122816 918
50.05 0.08196721311475409 1217.2798423104293 994.2998423104293 1001
51.95 0.08196721311475409 1144.4066200178393 921.4266200178392 1039
61.65 0.08196721311475409 1072.954120126963 849.974120126963 1233
64.85 0.08196721311475409 1072.9146906684994 849.9346906684993 1297
84.4 0.08196721311475409 1010.0185537088574 787.0385537088574 1688
94.65 0.09836065573770492 916.0897863269299 693.1097863269299 1893
96.45 0.09836065573770492 901.2504602215766 678.2704602215766 1929
109.25 0.09836065573770492 823.104820785894 600.124820785894 2185
112.45 0.09836065573770492 774.8549734463624 551.8749734463623 2249
139.5 0.09836065573770492 745.036003012208 522.056003012208 2790
144.4 0.09836065573770492 723.1658491596119 500.18584915961185 2888
161.65 0.09836065573770492 690.7700618888995 467.79006188889946 3233
166.85 0.09836065573770492 686.4218507245444 463.44185072454434 3337
177.2 0.09836065573770492 661.2812547162631 438.3012547162631 3544
192.4 0.11475409836065574 625.3094742599384 402.32947425993837 3848
197.7 0.11475409836065574 619.0394450843817 396.05944508438165 3954
202.0 0.11475409836065574 569.9716902168051 346.99169021680507 4040
205.2 0.11475409836065574 547.4482317430294 324.4682317430294 4104
219.55 0.11475409836065574 545.8273189827252 322.84731898272514 4391
235.55 0.11475409836065574 531.0062175121207 308.02621751212064 4711
240.5 0.11475409836065574 506.35410184787565 283.37410184787564 4810
259.1 0.11475409836065574 500.38866052156413 277.4086605215641 5182
265.5 0.11475409836065574 490.29869939109835 267.31869939109833 5310
272.6 0.11475409836065574 482.36724418660697 259.38724418660695 5452
280.2 0.11475409836065574 477.2327183027397 254.25271830273974 5604
287.55 0.11475409836065574 470.6312041751274 247.6512041751274 5751
300.8 0.11475409836065574 458.6911562732368 235.7111562732368 6016
303.9 0.11475409836065574 457.61880592070725 234.63880592070726 6078
307.5 0.11475409836065574 437.41861911828084 214.43861911828085 6150
333.4 0.11475409836065574 402.92124387767296 179.94124387767297 6668
343.1 0.13114754098360656 382.56227443395056 159.58227443395057 6862
361.75 0.13114754098360656 364.2223642898241 141.2423642898241 7235
375.1 0.13114754098360656 359.21703791547554 136.23703791547555 7502
393.25 0.13114754098360656 353.84687895722845 130.86687895722847 7865
