29.7 0.0 11155.908256934586 11010.328256934587 594
52.85 0.01639344262295082 9419.772689971427 9274.192689971427 1057
54.9 0.03278688524590164 4317.182334167474 4171.6023341674745 1098
71.0 0.04918032786885246 3721.526623646791 3575.946623646791 1420
76.15 0.04918032786885246 3193.2316869873976 3047.6516869873976 1523
97.45 0.11475409836065574 550.6657840808498 405.08578408084975 1949
116.05 0.14754098360655737 218.53434444827784 72.95434444827782 2321
152.85 0.14754098360655737 186.14382522667785 40.563825226677835 3057
168.45 0.26229508196721313 6.624513803755946 -138.95548619624407 3369
216.7 0.26229508196721313 6.564963188226557 -139.01503681177346 4334
233.75 0.2786885245901639 4.09893915808874 -141.48106084191127 4675
241.75 0.29508196721311475 3.6798339251762684 -141.90016607482374 4835
294.8 0.29508196721311475 3.6131757710566603 -141.96682422894335 5896
332.8 0.29508196721311475 3.524039343691072 -142.05596065630894 6656
421.45 0.29508196721311475 3.396331818842441 -142.18366818115757 8429
434.9 0.29508196721311475 3.3491198185755593 -142.23088018142445 8698
452.0 0.29508196721311475 3.2394828035563137 -142.3405171964437 9040
485.5 0.29508196721311475 3.1319646648393302 -142.44803533516068 9710
