4.8 0.18032786885245902 71.88896391938043 23.28896391938043 96
9.3 0.18032786885245902 69.5417089028041 20.941708902804102 186
13.3 0.18032786885245902 67.61121238948566 19.011212389485657 266
26.5 0.18032786885245902 66.77169528890371 18.171695288903713 530
26.55 0.18032786885245902 66.76020771280798 18.16020771280798 531
30.8 0.19672131147540983 60.31049598576855 11.710495985768546 616
38.45 0.19672131147540983 58.205951248261165 9.605951248261164 769
42.75 0.19672131147540983 55.15517851871319 6.555178518713191 855
45.6 0.19672131147540983 50.73331057732518 2.133310577325176 912
50.9 0.19672131147540983 47.24934590156233 -1.3506540984376727 1018
58.4 0.21311475409836064 35.396729279826076 -13.203270720173926 1168
66.35 0.21311475409836064 29.797169404688876 -18.802830595311125 1327
72.35 0.21311475409836064 26.561801061064546 -22.038198938935455 1447
84.3 0.21311475409836064 26.425929662465133 -22.174070337534868 1686
85.6 0.22950819672131148 23.665671828578503 -24.934328171421498 1712
90.2 0.22950819672131148 22.476196490581255 -26.123803509418746 1804
112.55 0.22950819672131148 20.68926572330244 -27.91073427669756 2251
124.5 0.22950819672131148 20.139052189035247 -28.460947810964754 2490
125.1 0.22950819672131148 19.15977706299438 -29.440222937005622 2502
153.15 0.22950819672131148 16.588197657716314 -32.01180234228369 3063
155.8 0.2459016393442623 15.47402639715208 -33.12597360284792 3116
198.2 0.2459016393442623 14.877722016318351 -33.72227798368165 3964
220.45 0.2459016393442623 14.733948234362693 -33.86605176563731 4409
241.0 0.2459016393442623 14.566184863076352 -34.03381513692365 4820
242.55 0.2459016393442623 14.045522788297298 -34.554477211702704 4851
253.25 0.2459016393442623 13.887734278529663 -34.71226572147034 5065
