11.55 0.13114754098360656 262.7063636419458 196.31636364194583 231
20.8 0.13114754098360656 258.62571975746914 192.23571975746916 416
23.85 0.14754098360655737 245.90427632729063 179.51427632729064 477
26.6 0.14754098360655737 221.84264290368628 155.4526429036863 532
31.05 0.14754098360655737 211.85533839502546 145.46533839502547 621
42.0 0.14754098360655737 208.99009360754968 142.6000936075497 840
46.35 0.14754098360655737 193.89283488247526 127.50283488247526 927
53.65 0.14754098360655737 179.72975333258063 113.33975333258063 1073
64.6 0.16393442622950818 152.95764980745412 86.56764980745412 1292
77.2 0.16393442622950818 142.87070062326808 76.48070062326808 1544
88.15 0.16393442622950818 123.59469484971419 57.20469484971419 1763
102.75 0.16393442622950818 119.23888430813764 52.84888430813764 2055
109.05 0.16393442622950818 102.94796385342833 36.55796385342833 2181
120.0 0.18032786885245902 95.7678248438223 29.377824843822296 2400
123.65 0.18032786885245902 94.63898695213761 28.248986952137614 2473
131.95 0.18032786885245902 89.1595128192929 22.7695128192929 2639
150.85 0.18032786885245902 86.99767515307812 20.60767515307812 3017
154.5 0.18032786885245902 79.99051074580775 13.600510745807753 3090
161.15 0.18032786885245902 78.36256374085323 11.972563740853232 3223
169.1 0.18032786885245902 78.19154730111892 11.801547301118916 3382
179.55 0.18032786885245902 71.60161862658 5.211618626580005 3591
183.2 0.18032786885245902 68.7842618699732 2.3942618699731923 3664
186.85 0.18032786885245902 63.47803527875965 -2.911964721240352 3737
208.6 0.18032786885245902 63.33836771577791 -3.0516322842220873 4172
212.6 0.19672131147540983 54.02755259011961 -12.362447409880389 4252
223.6 0.19672131147540983 46.56161814932435 -19.828381850675648 4472
230.9 0.19672131147540983 43.20179986304058 -23.188200136959424 4618
241.8 0.19672131147540983 40.265568026653895 -26.124431973346105 4836
249.1 0.21311475409836064 38.991293040950765 -27.398706959049235 4982
252.8 0.21311475409836064 31.25705512739961 -35.13294487260039 5056
281.95 0.21311475409836064 30.889569333191247 -35.500430666808754 5639
285.25 0.21311475409836064 30.029427598299556 -36.360572401700445 5705
288.75 0.21311475409836064 27.02162852981168 -39.36837147018832 5775
293.75 0.22950819672131148 24.914623322403955 -41.475376677596046 5875
296.05 0.22950819672131148 24.740296131092293 -41.64970386890771 5921
305.0 0.22950819672131148 22.180202722094272 -44.20979727790573 6100
313.1 0.22950819672131148 17.401169582842385 -48.988830417157615 6262
335.0 0.22950819672131148 16.401169582842385 -49.988830417157615 6700
338.65 0.2459016393442623 14.914130410362361 -51.47586958963764 6773
349.6 0.2459016393442623 11.804237583894448 -54.58576241610555 6992
368.5 0.26229508196721313 8.340568680234888 -58.04943131976511 7370
378.8 0.26229508196721313 7.665961421664875 -58.724038578335126 7576
393.6 0.26229508196721313 7.564013146556725 -58.825986853443275 7872
408.3 0.2786885245901639 5.961818602517127 -60.428181397482874 8166
421.55 0.29508196721311475 3.8329807108324374 -62.55701928916756 8431
440.3 0.29508196721311475 3.2714305991201016 -63.1185694008799 8806
459.85 0.29508196721311475 2.8329807108324374 -63.55701928916756 9197
488.75 0.3114754098360656 1.8329807108324303 -64.55701928916757 9775
