% fevals/dim | frac | F - F_opt (-209.88) | best fitness | fevals
0.05 0.0 11009439.068132479 11009229.188132478 1
4.7 0.0 1326929.024645329 1326719.144645329 94
20.65 0.0 995915.2120457222 995705.3320457222 413
31.7 0.0 832749.5885061742 832539.7085061742 634
98.05 0.0 776996.8815787144 776787.0015787143 1961
155.45 0.0 717690.9044317318 717481.0244317318 3109
164.45 0.0 702417.6496243097 702207.7696243097 3289
205.75 0.0 676771.7330746014 676561.8530746014 4115
214.0 0.0 644069.2612281069 643859.3812281069 4280
405.35 0.0 636086.7001298103 635876.8201298103 8107
419.25 0.0 631270.1496271322 631060.2696271322 8385
425.45 0.0 434743.93734670384 434534.05734670383 8509
