% fevals/dim | frac | F - F_opt (-66.39) | best fitness | fevals
0.05 0.11475409836065574 399.2761284089512 332.8861284089512 1
1.8 0.14754098360655737 200.84347537314432 134.45347537314433 36
15.35 0.14754098360655737 186.8318763805968 120.44187638059681 307
30.0 0.16393442622950818 141.8608618424071 75.4708618424071 600
46.1 0.16393442622950818 114.8808489288329 48.490848928832904 922
68.85 0.16393442622950818 110.0009079022308 43.61090790223079 1377
80.7 0.18032786885245902 95.05172107243976 28.66172107243976 1614
98.25 0.18032786885245902 72.15533706748636 5.765337067486357 1965
105.1 0.19672131147540983 58.13229848882747 -8.257701511172527 2102
121.5 0.21311475409836064 36.65067740922569 -29.739322590774307 2430
141.0 0.21311475409836064 27.831620369387828 -38.55837963061217 2820
148.85 0.21311475409836064 27.498094448513363 -38.89190555148664 2977
163.65 0.2459016393442623 12.768975491955558 -53.62102450804444 3273
178.45 0.2786885245901639 5.655805667941834 -60.734194332058166 3569
215.65 1.0 0.0 -66.39 4313
