% fevals/dim | frac | F - F_opt (-99.25) | best fitness | fevals
0.05 0.19672131147540983 54.46286567634892 -44.78713432365108 1
1.0 0.21311475409836064 33.60879504911091 -65.64120495088909 20
19.4 0.21311475409836064 26.346914329490062 -72.90308567050994 388
34.6 0.22950819672131148 20.7881715747873 -78.4618284252127 692
40.3 0.22950819672131148 17.647146455201025 -81.60285354479898 806
62.45 0.22950819672131148 17.57882838825803 -81.67117161174197 1249
76.45 0.2459016393442623 14.635298228913513 -84.61470177108649 1529
83.25 0.2459016393442623 10.458540268368822 -88.79145973163118 1665
98.7 0.26229508196721313 9.740696678222008 -89.50930332177799 1974
118.6 0.2786885245901639 5.663831963961314 -93.58616803603869 2372
172.55 0.2786885245901639 4.306719673021703 -94.9432803269783 3451
272.05 0.29508196721311475 3.833500485795497 -95.4164995142045 5441
