% fevals/dim | frac | F - F_opt (-99.25) | best fitness | fevals
0.05 0.19672131147540983 54.46286567634892 -44.78713432365108 1
1.0 0.21311475409836064 33.60879504911091 -65.64120495088909 20
19.35 0.21311475409836064 32.35657711660741 -66.89342288339259 387
41.2 0.22950819672131148 18.571473612806358 -80.67852638719364 824
85.2 0.22950819672131148 17.638595601067223 -81.61140439893278 1704
110.1 0.2459016393442623 13.751334001470354 -85.49866599852965 2202
132.85 0.2459016393442623 13.008951689296865 -86.24104831070314 2657
141.8 0.2459016393442623 12.596809882549238 -86.65319011745076 2836
152.95 0.26229508196721313 9.718051659118345 -89.53194834088166 3059
218.05 0.26229508196721313 8.377821373664844 -90.87217862633516 4361
355.95 0.26229508196721313 8.283597576084532 -90.96640242391547 7119
366.3 0.26229508196721313 8.151306434773943 -91.09869356522606 7326
385.7 0.26229508196721313 7.9465546614732006 -91.3034453385268 7714
392.35 0.26229508196721313 7.386862233809893 -91.8631377661901 7847
418.85 0.26229508196721313 6.780808505679133 -92.46919149432087 8377
446.4 0.26229508196721313 6.456110774993277 -92.79388922500672 8928
