% fevals/dim | frac | F - F_opt (-209.88) | best fitness | fevals
0.05 0.0 11009439.068132479 11009229.188132478 1
2.45 0.0 2224775.0214347523 2224565.1414347524 49
5.8 0.0 2183953.2111805486 2183743.3311805488 116
14.25 0.0 2129367.5571328555 2129157.6771328556 285
16.95 0.0 1435329.0521369209 1435119.172136921 339
19.75 0.0 1283437.4487012408 1283227.568701241 395
21.95 0.0 1218353.0990004404 1218143.2190004406 439
24.95 0.0 1046249.5053014527 1046039.6253014527 499
28.65 0.0 334980.86414857494 334770.98414857493 573
31.55 0.0 312346.31291575456 312136.43291575456 631
33.05 0.0 298247.32465696835 298037.44465696835 661
38.85 0.0 210467.17405032658 210257.29405032657 777
44.85 0.0 163525.41240163072 163315.5324016307 897
59.45 0.0 110233.5553158293 110023.6753158293 1189
73.35 0.0 100211.47804853607 100001.59804853606 1467
75.75 0.0 95934.42287020567 95724.54287020567 1515
78.75 0.0 92945.7407652113 92735.8607652113 1575
88.65 0.0 89974.7099612399 89764.8299612399 1773
100.65 0.0 89290.493269888 89080.613269888 2013
116.1 0.0 89242.82120628028 89032.94120628027 2322
117.7 0.0 87730.10387646993 87520.22387646993 2354
146.6 0.0 87402.08989549162 87192.20989549161 2932
149.6 0.0 87161.85035378559 86951.97035378558 2992
152.6 0.0 86901.17332072773 86691.29332072772 3052
175.95 0.0 86766.76409558479 86556.88409558478 3519
