% fevals/dim | frac | F - F_opt (-99.25) | best fitness | fevals
0.05 0.19672131147540983 54.46286567634892 -44.78713432365108 1
1.0 0.21311475409836064 33.60879504911091 -65.64120495088909 20
15.15 0.21311475409836064 29.66721237681091 -69.58278762318909 303
19.75 0.21311475409836064 26.02372588332088 -73.22627411667912 395
25.7 0.22950819672131148 24.750794765614515 -74.49920523438549 514
31.9 0.22950819672131148 18.838256964935354 -80.41174303506465 638
42.7 0.2459016393442623 14.439848990183592 -84.81015100981641 854
51.1 0.2459016393442623 11.611331489322652 -87.63866851067735 1022
68.0 0.26229508196721313 9.129135650034385 -90.12086434996561 1360
76.4 0.26229508196721313 8.687968832621962 -90.56203116737804 1528
96.9 0.26229508196721313 6.882966290517302 -92.3670337094827 1938
102.45 0.26229508196721313 6.528405277225303 -92.7215947227747 2049
110.35 0.2786885245901639 6.2408601238361285 -93.00913987616387 2207
112.6 0.2786885245901639 4.736565816368994 -94.513434183631 2252
129.8 0.2786885245901639 4.609778286279322 -94.64022171372068 2596
150.75 0.2786885245901639 4.555295504728846 -94.69470449527115 3015
161.35 0.2786885245901639 4.072616177621256 -95.17738382237874 3227
170.65 0.29508196721311475 3.4591199387079 -95.7908800612921 3413
190.6 0.29508196721311475 3.240721888728686 -96.00927811127131 3812
210.5 0.29508196721311475 2.9573865011675906 -96.29261349883241 4210
219.4 0.29508196721311475 2.863786811494407 -96.3862131885056 4388
241.65 0.3114754098360656 2.4834784945052917 -96.76652150549471 4833
272.3 0.3114754098360656 2.4413782914148072 -96.80862170858519 5446
303.95 0.3114754098360656 2.196787591441378 -97.05321240855862 6079
326.85 0.3114754098360656 2.0155455575238364 -97.23445444247616 6537
344.65 0.3114754098360656 1.9184878672401027 -97.3315121327599 6893
444.55 0.3114754098360656 1.9124945680988361 -97.33750543190116 8891
452.3 0.3114754098360656 1.6728224744365292 -97.57717752556347 9046
456.7 0.3114754098360656 1.6645720518676512 -97.58542794813235 9134
460.3 0.32786885245901637 1.4027480913554058 -97.8472519086446 9206
