% fevals/dim | frac | F - F_opt (-66.39) | best fitness | fevals
0.05 0.11475409836065574 399.2761284089512 332.8861284089512 1
1.8 0.14754098360655737 200.84347537314432 134.45347537314433 36
7.9 0.14754098360655737 191.97322115901034 125.58322115901034 158
14.45 0.16393442622950818 136.6134508808672 70.22345088086719 289
15.45 0.16393442622950818 107.56107900761133 41.171079007611326 309
23.1 0.18032786885245902 76.47339577082253 10.083395770822534 462
27.55 0.18032786885245902 67.05418128199118 0.6641812819911763 551
29.3 0.19672131147540983 56.88103154831089 -9.508968451689114 586
33.25 0.19672131147540983 53.21342536527455 -13.176574634725448 665
35.95 0.19672131147540983 42.71707406317564 -23.672925936824363 719
42.45 0.21311475409836064 38.68985252208083 -27.700147477919174 849
44.85 0.21311475409836064 30.97097789215578 -35.41902210784422 897
48.25 0.2459016393442623 13.696918105296788 -52.69308189470321 965
58.4 0.26229508196721313 9.305536210167162 -57.08446378983284 1168
60.95 0.2786885245901639 4.359818286283783 -62.03018171371622 1219
70.05 0.2786885245901639 4.005737668260011 -62.38426233173999 1401
78.35 0.3114754098360656 2.3357214690901174 -64.05427853090988 1567
82.0 1.0 0.0 -66.39 1640
