% fevals/dim | frac | F - F_opt (7.64) | best fitness | fevals
0.05 0.16393442622950818 150.0309504325618 157.6709504325618 1
2.2 0.18032786885245902 75.08110081744556 82.72110081744556 44
5.45 0.19672131147540983 53.1262283238309 60.7662283238309 109
8.7 0.19672131147540983 49.471773007735095 57.111773007735096 174
13.7 0.21311475409836064 31.377982425177542 39.01798242517754 274
19.8 0.21311475409836064 29.095296342210297 36.7352963422103 396
26.0 0.21311475409836064 27.106816667762082 34.74681666776208 520
31.9 0.21311475409836064 25.87400867979578 33.51400867979578 638
36.05 0.22950819672131148 22.17332619058238 29.81332619058238 721
39.7 0.22950819672131148 20.477841572342847 28.117841572342847 794
42.75 0.22950819672131148 18.454404244187174 26.094404244187174 855
50.35 0.22950819672131148 17.41978599733731 25.05978599733731 1007
57.25 0.22950819672131148 17.213972468945013 24.853972468945013 1145
64.9 0.2459016393442623 15.67130971558436 23.31130971558436 1298
67.0 0.2459016393442623 14.569306586492953 22.209306586492954 1340
71.65 0.2459016393442623 13.656257696747165 21.296257696747166 1433
79.75 0.2459016393442623 11.889473447958885 19.529473447958885 1595
96.1 0.2459016393442623 11.302274127399947 18.942274127399948 1922
138.35 0.2459016393442623 10.628041455236325 18.268041455236325 2767
162.4 0.2459016393442623 10.615663174360932 18.255663174360933 3248
163.95 0.2459016393442623 10.61383741583645 18.25383741583645 3279
167.6 0.2459016393442623 10.117128478329757 17.757128478329758 3352
203.45 0.26229508196721313 9.933098852360867 17.573098852360868 4069
215.15 0.26229508196721313 9.582848778008831 17.22284877800883 4303
219.6 0.26229508196721313 9.280203166287638 16.92020316628764 4392
228.65 0.26229508196721313 9.142301248581791 16.782301248581792 4573
232.6 0.26229508196721313 9.068239399238553 16.708239399238554 4652
258.1 0.26229508196721313 8.994700259562709 16.63470025956271 5162
263.9 0.26229508196721313 8.91325767840571 16.55325767840571 5278
306.15 0.26229508196721313 8.805797270630762 16.445797270630763 6123
325.65 0.26229508196721313 8.629908075424428 16.26990807542443 6513
