% fevals/dim | frac | F - F_opt (77.89) | best fitness | fevals
0.05 0.0 340158582.2653143 340158660.15531427 1
2.95 0.0 229394628.08120862 229394705.9712086 59
4.3 0.0 196048498.59617567 196048576.48617566 86
8.95 0.0 51672009.98762226 51672087.87762226 179
13.25 0.0 44011079.9218475 44011157.8118475 265
20.55 0.0 43546593.34650313 43546671.23650313 411
38.6 0.0 28874333.853046022 28874411.743046023 772
47.15 0.0 24770407.171495933 24770485.061495934 943
51.6 0.0 18331302.963770732 18331380.853770733 1032
60.1 0.0 12686958.345203675 12687036.235203676 1202
73.3 0.0 10050534.439638272 10050612.329638273 1466
82.85 0.0 9283157.143627897 9283235.033627898 1657
89.2 0.0 5881392.128329399 5881470.018329399 1784
116.85 0.0 5582500.500575263 5582578.390575263 2337
122.45 0.0 5580172.536795765 5580250.426795765 2449
126.6 0.0 2405859.268143998 2405937.158143998 2532
162.35 0.0 2244353.576763667 2244431.4667636673 3247
197.55 0.0 1900129.96516928 1900207.85516928 3951
230.6 0.0 1737227.5932553848 1737305.4832553847 4612
