% fevals/dim | frac | F - F_opt (-462.09) | best fitness | fevals
0.05 0.09836065573770492 912.4201901789254 450.3301901789254 1
0.35 0.09836065573770492 894.3164535019428 432.2264535019428 7
3.35 0.09836065573770492 749.7068922625542 287.61689226255425 67
6.55 0.11475409836065574 621.7955179017904 159.70551790179042 131
8.55 0.11475409836065574 576.3380970940088 114.24809709400887 171
14.85 0.11475409836065574 522.9114713697556 60.82147136975567 297
27.2 0.11475409836065574 458.43758806140744 -3.652411938592536 544
32.95 0.11475409836065574 451.5605105426303 -10.529489457369664 659
33.4 0.11475409836065574 408.48159486717054 -53.60840513282943 668
36.15 0.13114754098360656 386.71005818377523 -75.37994181622474 723
42.8 0.13114754098360656 371.85777022960616 -90.23222977039381 856
45.95 0.13114754098360656 355.0557457212579 -107.03425427874208 919
48.3 0.13114754098360656 279.85697419709993 -182.23302580290004 966
73.05 0.13114754098360656 271.43916136872156 -190.65083863127842 1461
74.3 0.13114754098360656 266.06066455034863 -196.02933544965134 1486
79.3 0.14754098360655737 230.93498060285663 -231.15501939714335 1586
97.35 0.14754098360655737 228.47442156606164 -233.61557843393834 1947
102.8 0.14754098360655737 223.1027580606456 -238.98724193935436 2056
108.3 0.14754098360655737 201.2142896213474 -260.87571037865257 2166
137.2 0.14754098360655737 193.5730777717809 -268.5169222282191 2744
142.7 0.14754098360655737 190.2695251261119 -271.8204748738881 2854
148.2 0.14754098360655737 176.5429412715273 -285.5470587284727 2964
172.4 0.14754098360655737 175.4419411733616 -286.64805882663836 3448
182.5 0.14754098360655737 169.0840130435899 -293.0059869564101 3650
197.15 0.14754098360655737 163.45794315975263 -298.63205684024734 3943
234.25 0.14754098360655737 162.1461095355093 -299.94389046449066 4685
240.75 0.14754098360655737 160.63794097550664 -301.45205902449334 4815
249.35 0.14754098360655737 160.43456020158686 -301.6554397984131 4987
252.45 0.14754098360655737 159.96440821024288 -302.1255917897571 5049
254.5 0.14754098360655737 159.35180964504377 -302.7381903549562 5090
260.35 0.14754098360655737 159.14842887112405 -302.9415711288759 5207
271.8 0.16393442622950818 157.1293020416469 -304.9606979583531 5436
278.7 0.16393442622950818 156.53349525220716 -305.5565047477928 5574
304.8 0.16393442622950818 155.46755350383933 -306.62244649616065 6096
