% fevals/dim | frac | F - F_opt (7.64) | best fitness | fevals
0.05 0.16393442622950818 150.0309504325618 157.6709504325618 1
2.2 0.18032786885245902 75.08110081744556 82.72110081744556 44
3.25 0.19672131147540983 52.82835198142988 60.46835198142988 65
6.35 0.19672131147540983 47.40174653384301 55.04174653384301 127
8.95 0.19672131147540983 47.004971285009155 54.644971285009156 179
12.15 0.21311475409836064 38.717360755143666 46.35736075514367 243
15.5 0.21311475409836064 31.996250442241397 39.6362504422414 310
18.1 0.21311475409836064 29.04785922451333 36.68785922451333 362
20.7 0.22950819672131148 19.385109623124784 27.025109623124784 414
23.1 0.22950819672131148 18.183235598791228 25.82323559879123 462
23.9 0.22950819672131148 17.984367875285702 25.624367875285703 478
28.5 0.2459016393442623 13.377155516417925 21.017155516417926 570
33.7 0.2459016393442623 12.066936359781263 19.706936359781263 674
41.0 0.2459016393442623 11.781723861576086 19.421723861576087 820
47.15 0.2459016393442623 10.378629440401504 18.018629440401504 943
61.35 0.26229508196721313 9.69529025048303 17.33529025048303 1227
79.55 0.26229508196721313 8.89526662416046 16.53526662416046 1591
87.05 0.26229508196721313 8.201795001329913 15.841795001329913 1741
110.45 0.26229508196721313 7.038364175741994 14.678364175741994 2209
149.45 0.26229508196721313 6.584461768881771 14.22446176888177 2989
182.5 0.26229508196721313 6.530425633139079 14.170425633139079 3650
185.85 0.26229508196721313 6.52737795906278 14.16737795906278 3717
194.35 0.2786885245901639 5.886911501180035 13.526911501180034 3887
222.85 0.2786885245901639 5.735921986410676 13.375921986410676 4457
