% fevals/dim | frac | F - F_opt (40.66) | best fitness | fevals
0.05 0.09836065573770492 813.9802044710219 854.6402044710219 1
2.45 0.11475409836065574 513.7257457950711 554.3857457950711 49
18.15 0.11475409836065574 453.0568181843764 493.7168181843764 363
213.6 0.11475409836065574 439.5476063752162 480.2076063752162 4272
260.2 0.11475409836065574 417.0785829326637 457.7385829326637 5204
285.8 0.11475409836065574 405.8287360565232 446.4887360565232 5716
299.25 0.13114754098360656 391.0749498488009 431.73494984880085 5985
398.65 0.13114754098360656 356.8183708517489 397.4783708517489 7973
405.5 0.13114754098360656 344.3121392315986 384.9721392315986 8110
478.65 0.13114754098360656 330.92674326446786 371.5867432644678 9573
