% fevals/dim | frac | F - F_opt (-462.09) | best fitness | fevals
0.05 0.09836065573770492 912.4201901789254 450.3301901789254 1
3.95 0.09836065573770492 777.5851727515064 315.49517275150646 79
6.85 0.11475409836065574 595.4306903545847 133.34069035458475 137
10.9 0.11475409836065574 540.5641711598438 78.47417115984382 218
17.9 0.11475409836065574 421.8838441976761 -40.20615580232385 358
33.35 0.13114754098360656 367.509700558483 -94.58029944151696 667
37.55 0.13114754098360656 355.9260934626306 -106.16390653736937 751
44.45 0.13114754098360656 343.7048920614792 -118.38510793852078 889
47.4 0.13114754098360656 306.7235851070045 -155.36641489299546 948
61.8 0.13114754098360656 302.27370152821766 -159.81629847178232 1236
63.4 0.13114754098360656 292.7124878796186 -169.37751212038137 1268
67.65 0.13114754098360656 271.77128748138085 -190.31871251861912 1353
85.1 0.13114754098360656 254.16867738922417 -207.9213226107758 1702
98.35 0.13114754098360656 251.6151643194559 -210.47483568054406 1967
106.1 0.14754098360655737 239.02861354497753 -223.06138645502244 2122
115.2 0.14754098360655737 234.34556127537616 -227.74443872462382 2304
122.25 0.14754098360655737 223.85984732545558 -238.2301526745444 2445
147.45 0.14754098360655737 222.35185979949875 -239.73814020050122 2949
153.2 0.14754098360655737 213.5150072669859 -248.57499273301408 3064
177.2 0.14754098360655737 212.38262108876393 -249.70737891123605 3544
191.3 0.14754098360655737 207.89472899595336 -254.19527100404662 3826
224.5 0.14754098360655737 198.25707378049964 -263.83292621950034 4490
228.7 0.14754098360655737 194.64507944737431 -267.44492055262566 4574
265.55 0.14754098360655737 192.46810731393975 -269.6218926860602 5311
279.1 0.14754098360655737 192.12181610048566 -269.9681838995143 5582
285.8 0.14754098360655737 190.5034785680179 -271.5865214319821 5716
298.75 0.14754098360655737 188.77139296593492 -273.31860703406505 5975
303.3 0.14754098360655737 187.98021522112919 -274.1097847788708 6066
320.2 0.14754098360655737 185.80324308769457 -276.2867569123054 6404
353.8 0.14754098360655737 184.29525556173775 -277.7947444382622 7076
372.85 0.14754098360655737 183.7825324964573 -278.3074675035427 7457
401.15 0.14754098360655737 182.9342627674219 -279.1557372325781 8023
410.05 0.14754098360655737 179.64093161710088 -282.4490683828991 8201
418.45 0.14754098360655737 177.4639594836662 -284.6260405163338 8369
