% fevals/dim | frac | F - F_opt (7.64) | best fitness | fevals
0.05 0.16393442622950818 150.0309504325618 157.6709504325618 1
2.2 0.18032786885245902 75.08110081744556 82.72110081744556 44
3.25 0.19672131147540983 50.80529797227082 58.44529797227082 65
8.45 0.19672131147540983 48.79111356245508 56.43111356245508 169
10.5 0.21311475409836064 31.538132195739266 39.178132195739266 210
19.7 0.21311475409836064 25.848034538865 33.488034538865 394
27.55 0.22950819672131148 19.036267761611956 26.676267761611957 551
29.15 0.22950819672131148 15.982774810409957 23.622774810409958 583
32.45 0.2459016393442623 12.774947967246863 20.414947967246864 649
43.9 0.2459016393442623 10.98892872181511 18.62892872181511 878
51.5 0.26229508196721313 9.94340389948582 17.58340389948582 1030
54.05 0.26229508196721313 9.576991697290513 17.216991697290513 1081
64.65 0.26229508196721313 8.493582733796902 16.133582733796903 1293
73.45 0.26229508196721313 8.02117305383253 15.661173053832531 1469
83.85 0.26229508196721313 7.747388380710011 15.38738838071001 1677
86.1 0.26229508196721313 7.378962279067399 15.018962279067399 1722
96.6 0.26229508196721313 7.172777813690389 14.812777813690388 1932
100.75 0.26229508196721313 7.170552197899359 14.810552197899359 2015
114.25 0.26229508196721313 6.9992365153573965 14.639236515357396 2285
126.95 0.26229508196721313 6.7037887235546405 14.34378872355464 2539
141.9 0.2786885245901639 6.100924390674028 13.740924390674028 2838
175.45 0.2786885245901639 5.966531889766423 13.606531889766423 3509
180.0 0.2786885245901639 5.70812052509259 13.34812052509259 3600
199.0 0.2786885245901639 5.627100621307098 13.267100621307097 3980
212.35 0.2786885245901639 5.547318583928724 13.187318583928723 4247
218.1 0.2786885245901639 5.516237840722073 13.156237840722072 4362
224.6 0.2786885245901639 5.402033599615835 13.042033599615834 4492
259.7 0.2786885245901639 5.373263710616402 13.013263710616402 5194
263.75 0.2786885245901639 4.780108608611211 12.42010860861121 5275
273.7 0.2786885245901639 4.76166527119807 12.40166527119807 5474
288.35 0.2786885245901639 4.644255193855975 12.284255193855975 5767
294.7 0.2786885245901639 4.428828888362056 12.068828888362056 5894
306.0 0.2786885245901639 4.427966044864772 12.067966044864772 6120
313.85 0.2786885245901639 4.404414777389724 12.044414777389724 6277
334.3 0.2786885245901639 4.3638525508432116 12.003852550843211 6686
347.05 0.2786885245901639 4.278279005325072 11.918279005325072 6941
352.1 0.2786885245901639 4.274351785813306 11.914351785813306 7042
372.55 0.2786885245901639 4.2175960077760815 11.857596007776081 7451
