% fevals/dim | frac | F - F_opt (-462.09) | best fitness | fevals
0.05 0.09836065573770492 912.4201901789254 450.3301901789254 1
0.35 0.09836065573770492 894.3164535019428 432.2264535019428 7
5.8 0.11475409836065574 597.0283014062488 134.93830140624885 116
7.7 0.11475409836065574 591.1056947712773 129.0156947712773 154
11.55 0.11475409836065574 554.1503612902294 92.06036129022942 231
14.1 0.11475409836065574 550.6320982238352 88.54209822383524 282
17.25 0.11475409836065574 508.57345354223776 46.48345354223778 345
21.1 0.11475409836065574 456.410646965277 -5.679353034722965 422
23.4 0.13114754098360656 368.6398095990105 -93.45019040098947 468
25.95 0.13114754098360656 351.9774487147173 -110.11255128528268 519
28.5 0.13114754098360656 342.83476066203633 -119.25523933796364 570
30.8 0.13114754098360656 333.49344141440304 -128.59655858559694 616
35.2 0.13114754098360656 307.14627826504926 -154.9437217349507 704
37.05 0.13114754098360656 302.5555039650363 -159.5344960349637 741
41.2 0.13114754098360656 283.13549352020084 -178.95450647979914 824
44.65 0.14754098360655737 246.51039136571424 -215.57960863428573 893
57.4 0.14754098360655737 224.65308590691046 -237.4369140930895 1148
80.35 0.14754098360655737 215.43781494831342 -246.65218505168656 1607
103.5 0.14754098360655737 214.31789047761924 -247.77210952238073 2070
109.65 0.14754098360655737 213.33946156697664 -248.75053843302334 2193
114.75 0.14754098360655737 212.16601056586055 -249.92398943413943 2295
114.95 0.14754098360655737 209.19786068762022 -252.89213931237975 2299
123.9 0.14754098360655737 200.82711758701242 -261.26288241298755 2478
131.5 0.14754098360655737 200.48082637355833 -261.60917362644165 2630
155.25 0.14754098360655737 196.5324757316394 -265.55752426836057 3105
156.0 0.14754098360655737 194.3555035982048 -267.7344964017952 3120
167.45 0.14754098360655737 193.06937226774193 -269.02062773225805 3349
