% fevals/dim | frac | F - F_opt (77.89) | best fitness | fevals
0.05 0.0 340158582.2653143 340158660.15531427 1
2.95 0.0 229394628.08120862 229394705.9712086 59
6.0 0.0 183741517.96398 183741595.85397997 120
9.1 0.0 142405840.51354352 142405918.4035435 182
12.15 0.0 118163481.42004867 118163559.31004867 243
18.85 0.0 81061842.77523932 81061920.66523932 377
21.7 0.0 66242402.81465803 66242480.70465803 434
34.1 0.0 51493151.51619045 51493229.40619045 682
40.2 0.0 45416437.64007877 45416515.53007877 804
45.1 0.0 37288329.71288057 37288407.60288057 902
63.4 0.0 35288620.160434596 35288698.0504346 1268
65.7 0.0 33690942.46455801 33691020.35455801 1314
67.6 0.0 23590601.33578508 23590679.22578508 1352
70.65 0.0 22363286.081882685 22363363.971882686 1413
80.0 0.0 19816392.34368227 19816470.23368227 1600
83.05 0.0 18944632.255183924 18944710.145183925 1661
99.55 0.0 18891269.28998348 18891347.17998348 1991
101.35 0.0 18363024.82183754 18363102.71183754 2027
107.8 0.0 17083960.400373477 17084038.290373478 2156
112.75 0.0 16152771.621689558 16152849.511689559 2255
115.25 0.0 13966365.911293996 13966443.801293997 2305
121.5 0.0 13568282.890642686 13568360.780642686 2430
129.4 0.0 13215687.843771316 13215765.733771317 2588
136.7 0.0 10959260.721061345 10959338.611061346 2734
145.25 0.0 10847459.14901265 10847537.03901265 2905
151.35 0.0 7109016.081420691 7109093.97142069 3027
196.9 0.0 6418690.677395167 6418768.5673951665 3938
206.85 0.0 5832348.374690377 5832426.264690377 4137
209.9 0.0 5500266.040632844 5500343.930632844 4198
231.7 0.0 5285854.366512723 5285932.256512723 4634
233.5 0.0 4953641.803684482 4953719.693684482 4670
242.75 0.0 4623925.553328768 4624003.443328768 4855
252.6 0.0 3572942.0919667324 3573019.9819667325 5052
262.2 0.0 3074011.314581161 3074089.204581161 5244
295.45 0.0 2824525.016533099 2824602.9065330992 5909
312.5 0.0 2500658.986434554 2500736.8764345543 6250
345.15 0.0 2281775.9310031594 2281853.8210031595 6903
351.25 0.0 2114195.4472753736 2114273.3372753737 7025
354.0 0.0 1991936.6897292426 1992014.5797292425 7080
368.1 0.0 1900129.96516928 1900207.85516928 7362
