% fevals/dim | frac | F - F_opt (-39.43) | best fitness | fevals
0.05 0.19672131147540983 52.775889662616656 13.345889662616656 1
2.65 0.19672131147540983 40.71476896282155 1.284768962821552 53
4.5 0.21311475409836064 32.139326816984436 -7.2906731830155636 90
13.3 0.22950819672131148 24.319188289077523 -15.110811710922476 266
17.75 0.22950819672131148 24.03638956633292 -15.393610433667078 355
19.15 0.22950819672131148 21.952253098869026 -17.477746901130974 383
24.1 0.22950819672131148 16.663816460522632 -22.766183539477368 482
32.9 0.2459016393442623 14.991574903012499 -24.4384250969875 658
40.65 0.2459016393442623 12.216169854935266 -27.213830145064733 813
46.1 0.2459016393442623 11.923120791324905 -27.506879208675095 922
55.0 0.26229508196721313 9.255432731696146 -30.174567268303853 1100
65.85 0.26229508196721313 8.901584519068507 -30.528415480931493 1317
69.3 0.26229508196721313 7.250330721496589 -32.17966927850341 1386
88.1 0.26229508196721313 6.335158849723179 -33.09484115027682 1762
89.35 0.2786885245901639 5.570992618996385 -33.859007381003615 1787
110.45 0.2786885245901639 5.3345990312923846 -34.095400968707615 2209
121.55 0.2786885245901639 5.013673912820657 -34.41632608717934 2431
129.4 0.2786885245901639 4.858005791710852 -34.57199420828915 2588
141.2 0.2786885245901639 4.319477326062952 -35.11052267393705 2824
161.65 0.29508196721311475 3.8863162406383296 -35.54368375936167 3233
201.7 0.29508196721311475 3.812743251569131 -35.61725674843087 4034
211.2 0.29508196721311475 3.481055561762652 -35.94894443823735 4224
224.55 0.29508196721311475 3.278466699320731 -36.15153330067927 4491
251.6 0.29508196721311475 3.2733991223768513 -36.15660087762315 5032
260.25 0.29508196721311475 2.985992844904864 -36.444007155095136 5205
307.05 0.29508196721311475 2.8680804623567084 -36.56191953764329 6141
311.1 0.29508196721311475 2.761166965861406 -36.66883303413859 6222
336.7 0.29508196721311475 2.7054042208728077 -36.72459577912719 6734
345.55 0.29508196721311475 2.659800736680019 -36.77019926331998 6911
360.05 0.29508196721311475 2.656059009724423 -36.77394099027558 7201
368.95 0.29508196721311475 2.584914401298761 -36.84508559870124 7379
371.85 0.3114754098360656 2.503683959102915 -36.926316040897085 7437
437.75 0.3114754098360656 2.4412366687338434 -36.988763331266156 8755
440.7 0.3114754098360656 2.2776946489713623 -37.15230535102864 8814
472.05 0.3114754098360656 2.1454440742821816 -37.28455592571782 9441
