% fevals/dim | frac | F - F_opt (77.89) | best fitness | fevals
0.05 0.0 340158582.2653143 340158660.15531427 1
2.25 0.0 255016577.9023623 255016655.79236227 45
3.8 0.0 167607549.19160625 167607627.08160624 76
7.5 0.0 94877014.55916943 94877092.44916943 150
15.85 0.0 60637672.05792506 60637749.94792506 317
20.85 0.0 51400088.891292535 51400166.781292535 417
23.35 0.0 50713232.9682851 50713310.8582851 467
31.3 0.0 49304510.196209535 49304588.086209536 626
34.15 0.0 39104101.78649432 39104179.67649432 683
36.65 0.0 36655575.39963635 36655653.28963635 733
39.15 0.0 31448082.681217782 31448160.571217783 783
43.65 0.0 29213579.123670727 29213657.013670728 873
49.05 0.0 19706018.118556593 19706096.008556593 981
60.7 0.0 18893661.046238158 18893738.93623816 1214
67.75 0.0 17421160.207797058 17421238.09779706 1355
73.2 0.0 16689142.980389284 16689220.870389285 1464
91.6 0.0 15126320.371857744 15126398.261857744 1832
99.3 0.0 14930854.261939447 14930932.151939448 1986
111.8 0.0 14421038.31843441 14421116.20843441 2236
117.5 0.0 14134899.283938322 14134977.173938323 2350
118.1 0.0 12775835.26426971 12775913.15426971 2362
131.8 0.0 12189437.991930922 12189515.881930923 2636
140.0 0.0 11778935.023433851 11779012.913433852 2800
155.25 0.0 11389288.440243604 11389366.330243604 3105
158.2 0.0 10959260.721061345 10959338.611061346 3164
175.0 0.0 10946757.330274388 10946835.220274389 3500
177.75 0.0 10489464.90103941 10489542.791039411 3555
197.75 0.0 9644426.45690104 9644504.34690104 3955
208.05 0.0 9039475.634403728 9039553.524403729 4161
210.25 0.0 8634761.180858644 8634839.070858644 4205
251.9 0.0 8633211.186935304 8633289.076935304 5038
253.85 0.0 8438164.071743965 8438241.961743966 5077
