% fevals/dim | frac | F - F_opt (-39.43) | best fitness | fevals
0.05 0.19672131147540983 52.775889662616656 13.345889662616656 1
2.65 0.19672131147540983 40.71476896282155 1.284768962821552 53
3.1 0.21311475409836064 33.16358609987974 -6.266413900120263 62
8.45 0.21311475409836064 29.432869049048808 -9.997130950951192 169
11.2 0.22950819672131148 22.50669022342642 -16.92330977657358 224
17.95 0.2459016393442623 15.71164103995104 -23.71835896004896 359
22.05 0.2459016393442623 13.666333684080033 -25.763666315919966 441
30.35 0.2459016393442623 13.596503724455559 -25.83349627554444 607
32.85 0.2459016393442623 12.741495545493681 -26.68850445450632 657
42.65 0.2459016393442623 12.733062215944777 -26.696937784055223 853
43.85 0.2459016393442623 11.345440178721404 -28.084559821278596 877
53.05 0.2459016393442623 10.714693065461859 -28.71530693453814 1061
69.85 0.26229508196721313 9.919922791064728 -29.51007720893527 1397
73.2 0.26229508196721313 9.830249095046224 -29.599750904953776 1464
76.15 0.26229508196721313 9.759689257821613 -29.670310742178387 1523
80.45 0.26229508196721313 9.624085111508656 -29.805914888491344 1609
86.0 0.26229508196721313 9.253184311943489 -30.17681568805651 1720
94.45 0.26229508196721313 9.133998414101274 -30.296001585898725 1889
96.8 0.26229508196721313 8.990616182016176 -30.439383817983824 1936
97.85 0.26229508196721313 8.424553376130191 -31.00544662386981 1957
129.95 0.26229508196721313 8.229828486935972 -31.200171513064028 2599
146.15 0.26229508196721313 7.938382702462441 -31.49161729753756 2923
196.75 0.26229508196721313 7.84377006119152 -31.58622993880848 3935
197.85 0.26229508196721313 7.212413619398667 -32.21758638060133 3957
241.05 0.26229508196721313 6.940065364832044 -32.489934635167955 4821
261.8 0.26229508196721313 6.747151577398661 -32.68284842260134 5236
268.6 0.26229508196721313 6.419705435908291 -33.01029456409171 5372
281.35 0.26229508196721313 6.396159539283822 -33.03384046071618 5627
286.85 0.2786885245901639 5.985742290645071 -33.44425770935493 5737
291.5 0.2786885245901639 5.234242120962442 -34.19575787903756 5830
