% fevals/dim | frac | F - F_opt (40.66) | best fitness | fevals
0.05 0.09836065573770492 813.9802044710219 854.6402044710219 1
2.45 0.11475409836065574 513.7257457950711 554.3857457950711 49
8.75 0.11475409836065574 493.8579720878241 534.5179720878241 175
11.8 0.11475409836065574 453.48301315574736 494.1430131557473 236
27.05 0.11475409836065574 405.38855899895145 446.0485589989514 541
32.75 0.13114754098360656 360.82567727050696 401.4856772705069 655
38.3 0.13114754098360656 315.0230672970346 355.68306729703454 766
45.0 0.13114754098360656 306.19312490829645 346.8531249082964 900
62.25 0.13114754098360656 299.51121528067995 340.1712152806799 1245
65.15 0.13114754098360656 277.0513921677134 317.71139216771337 1303
69.0 0.13114754098360656 271.4410156348508 312.1010156348508 1380
71.75 0.13114754098360656 264.0900678763676 304.75006787636755 1435
79.25 0.14754098360655737 243.6859791219267 284.3459791219267 1585
98.7 0.14754098360655737 235.4907698312788 276.1507698312788 1974
131.55 0.14754098360655737 228.9836432210918 269.6436432210918 2631
134.8 0.14754098360655737 222.30074064983975 262.96074064983975 2696
138.35 0.14754098360655737 220.89724215884118 261.5572421588412 2767
162.75 0.14754098360655737 208.9949608976086 249.6549608976086 3255
171.9 0.14754098360655737 208.63264672514526 249.29264672514526 3438
195.3 0.14754098360655737 207.79930801534496 248.45930801534496 3906
215.0 0.14754098360655737 207.157263738519 247.817263738519 4300
224.55 0.14754098360655737 206.8701061646613 247.5301061646613 4491
236.0 0.14754098360655737 204.75132301697707 245.41132301697706 4720
259.5 0.14754098360655737 200.38801401427554 241.04801401427554 5190
271.35 0.14754098360655737 198.98370090274983 239.64370090274983 5427
274.4 0.14754098360655737 198.9110929468785 239.5710929468785 5488
296.6 0.14754098360655737 198.45088718244608 239.11088718244608 5932
321.5 0.14754098360655737 197.78309186218524 238.44309186218524 6430
326.0 0.14754098360655737 196.94821507161416 237.60821507161415 6520
329.15 0.14754098360655737 188.65382285482468 229.31382285482468 6583
359.15 0.14754098360655737 188.5337467512772 229.1937467512772 7183
368.75 0.14754098360655737 187.98602753456387 228.64602753456387 7375
383.7 0.14754098360655737 187.6988699607062 228.3588699607062 7674
