% fevals/dim | frac | F - F_opt (-39.43) | best fitness | fevals
0.05 0.19672131147540983 52.775889662616656 13.345889662616656 1
2.65 0.19672131147540983 40.71476896282155 1.284768962821552 53
8.8 0.21311475409836064 39.0411892708168 -0.3888107291831986 176
10.0 0.21311475409836064 28.586644803386157 -10.843355196613842 200
14.6 0.21311475409836064 26.153259097979934 -13.276740902020066 292
23.7 0.22950819672131148 15.935978784327588 -23.49402121567241 474
43.1 0.2459016393442623 14.421312874893715 -25.008687125106285 862
47.75 0.2459016393442623 13.643388150648011 -25.78661184935199 955
58.0 0.2459016393442623 13.115114004221212 -26.314885995778788 1160
60.05 0.2459016393442623 12.385403386750365 -27.044596613249634 1201
67.55 0.2459016393442623 10.97488146818683 -28.45511853181317 1351
73.35 0.2459016393442623 10.687583447451864 -28.742416552548136 1467
84.05 0.26229508196721313 9.989828753842652 -29.440171246157348 1681
92.3 0.26229508196721313 9.989549052729632 -29.440450947270367 1846
101.3 0.26229508196721313 9.860479156776002 -29.569520843223998 2026
104.7 0.26229508196721313 7.810833287634324 -31.619166712365676 2094
122.8 0.26229508196721313 7.716039433750488 -31.71396056624951 2456
138.1 0.26229508196721313 7.640562379657467 -31.789437620342532 2762
210.1 0.26229508196721313 7.29364806765161 -32.13635193234839 4202
215.95 0.26229508196721313 7.26725575456868 -32.16274424543132 4319
243.0 0.26229508196721313 7.119607949046099 -32.3103920509539 4860
266.0 0.26229508196721313 7.04612217562083 -32.38387782437917 5320
269.6 0.26229508196721313 6.980932019093217 -32.44906798090678 5392
280.05 0.26229508196721313 6.310706930241423 -33.11929306975858 5601
293.8 0.2786885245901639 6.131426240087606 -33.298573759912394 5876
351.2 0.2786885245901639 6.032850045206757 -33.39714995479324 7024
387.8 0.2786885245901639 5.996476663678202 -33.4335233363218 7756
390.95 0.2786885245901639 5.905171987707682 -33.52482801229232 7819
407.55 0.2786885245901639 5.8673407105130835 -33.562659289486916 8151
427.8 0.2786885245901639 5.363399391452575 -34.066600608547425 8556
436.6 0.2786885245901639 4.98564123347807 -34.44435876652193 8732
