% fevals/dim | frac | F - F_opt (-99.25) | best fitness | fevals
0.05 0.19672131147540983 54.46286567634892 -44.78713432365108 1
1.0 0.21311475409836064 33.60879504911091 -65.64120495088909 20
10.7 0.22950819672131148 24.351560684835164 -74.89843931516484 214
17.0 0.22950819672131148 24.008515433514646 -75.24148456648535 340
17.6 0.22950819672131148 21.24366831959327 -78.00633168040673 352
23.45 0.2459016393442623 10.882610392427054 -88.36738960757295 469
46.0 0.2459016393442623 10.059165384497618 -89.19083461550238 920
49.05 0.26229508196721313 9.619090335607822 -89.63090966439218 981
53.45 0.26229508196721313 9.459630279011336 -89.79036972098866 1069
65.05 0.26229508196721313 9.396195765399227 -89.85380423460077 1301
67.55 0.26229508196721313 9.390702451116013 -89.85929754888399 1351
71.9 0.26229508196721313 8.295447974609658 -90.95455202539034 1438
81.9 0.26229508196721313 8.036137445023044 -91.21386255497696 1638
86.4 0.26229508196721313 7.768176535423734 -91.48182346457627 1728
113.6 0.26229508196721313 7.6885861402441975 -91.5614138597558 2272
117.0 0.26229508196721313 7.365766613875749 -91.88423338612425 2340
118.35 0.26229508196721313 6.820995283642574 -92.42900471635743 2367
130.7 0.2786885245901639 6.032946977658469 -93.21705302234153 2614
172.05 0.2786885245901639 5.95620197332633 -93.29379802667367 3441
197.85 0.2786885245901639 5.637957270154061 -93.61204272984594 3957
204.7 0.2786885245901639 5.532972070066521 -93.71702792993348 4094
207.85 0.2786885245901639 4.751239110443549 -94.49876088955645 4157
222.85 0.2786885245901639 4.176051642979758 -95.07394835702024 4457
352.75 0.2786885245901639 4.130449091613357 -95.11955090838664 7055
