% fevals/dim | frac | F - F_opt (99.53) | best fitness | fevals
0.05 0.11475409836065574 399.2761284089512 498.80612840895117 1
0.55 0.14754098360655737 220.52891590323347 320.05891590323347 11
12.45 0.14754098360655737 209.5505888690628 309.0805888690628 249
15.75 0.14754098360655737 191.36215414970323 290.89215414970323 315
20.75 0.14754098360655737 162.58068836690163 262.1106883669016 415
24.9 0.16393442622950818 153.49689187757875 253.02689187757875 498
38.7 0.16393442622950818 151.40763168658515 250.93763168658515 774
41.55 0.16393442622950818 148.51657943521218 248.04657943521218 831
46.45 0.16393442622950818 138.719436660349 238.249436660349 929
54.7 0.16393442622950818 121.77713285144446 221.30713285144446 1094
73.95 0.16393442622950818 115.75926072429999 215.2892607243 1479
85.95 0.16393442622950818 106.543137800522 206.073137800522 1719
90.5 0.18032786885245902 97.87416578424637 197.40416578424637 1810
104.25 0.18032786885245902 93.47633214261356 193.00633214261356 2085
137.7 0.18032786885245902 89.68043161334677 189.21043161334677 2754
143.55 0.18032786885245902 85.24708960415782 184.77708960415782 2871
152.05 0.18032786885245902 83.36657478938403 182.89657478938403 3041
157.55 0.18032786885245902 82.83517121640926 182.36517121640927 3151
174.1 0.18032786885245902 81.06694276320152 180.59694276320153 3482
177.3 0.18032786885245902 77.44090394861936 176.97090394861937 3546
180.3 0.18032786885245902 75.07511202869136 174.60511202869137 3606
192.15 0.18032786885245902 70.28775305116662 169.81775305116662 3843
212.85 0.18032786885245902 69.77090990667674 169.30090990667674 4257
219.65 0.18032786885245902 65.39104967539274 164.92104967539274 4393
243.8 0.18032786885245902 64.78731488120422 164.31731488120423 4876
252.65 0.18032786885245902 63.53419184381764 163.06419184381764 5053
253.8 0.18032786885245902 63.34886499291656 162.87886499291656 5076
263.4 0.18032786885245902 63.16353814201551 162.6935381420155 5268
269.95 0.19672131147540983 61.72508825372785 161.25508825372785 5399
286.95 0.19672131147540983 60.28663836544018 159.81663836544018 5739
314.35 0.19672131147540983 58.84818847715252 158.37818847715252 6287
