% fevals/dim | frac | F - F_opt (-39.43) | best fitness | fevals
0.05 0.19672131147540983 52.775889662616656 13.345889662616656 1
2.65 0.19672131147540983 40.71476896282155 1.284768962821552 53
8.65 0.22950819672131148 24.810023087136866 -14.619976912863134 173
41.8 0.22950819672131148 24.115109309861754 -15.314890690138245 836
59.05 0.22950819672131148 21.84769393496738 -17.58230606503262 1181
95.05 0.22950819672131148 19.088358677823923 -20.341641322176077 1901
221.2 0.22950819672131148 18.038205558364833 -21.391794441635167 4424
236.95 0.2459016393442623 13.854411717622416 -25.575588282377584 4739
310.9 0.2459016393442623 12.74505894253764 -26.68494105746236 6218
366.1 0.2459016393442623 12.645991479730114 -26.784008520269886 7322
409.0 0.2459016393442623 11.180848736372674 -28.249151263627326 8180
424.85 0.2459016393442623 11.123144178765589 -28.30685582123441 8497
