% fevals/dim | frac | F - F_opt (-39.43) | best fitness | fevals
0.05 0.19672131147540983 52.775889662616656 13.345889662616656 1
2.65 0.19672131147540983 40.71476896282155 1.284768962821552 53
7.95 0.21311475409836064 27.786593544362614 -11.643406455637386 159
11.65 0.22950819672131148 24.284489419037392 -15.145510580962608 233
13.8 0.22950819672131148 23.995238679311008 -15.434761320688992 276
16.3 0.22950819672131148 23.90038509324397 -15.52961490675603 326
20.25 0.22950819672131148 23.65011960640202 -15.779880393597981 405
21.6 0.22950819672131148 21.81692295856404 -17.61307704143596 432
24.25 0.2459016393442623 14.427753909199524 -25.002246090800476 485
32.2 0.2459016393442623 12.264304479512614 -27.165695520487386 644
37.5 0.2459016393442623 12.057578007114259 -27.37242199288574 750
40.5 0.2459016393442623 11.946191583353123 -27.483808416646877 810
46.85 0.26229508196721313 8.822287080960336 -30.607712919039663 937
69.1 0.26229508196721313 8.66877175283551 -30.76122824716449 1382
74.7 0.26229508196721313 8.38536557501024 -31.04463442498976 1494
78.05 0.26229508196721313 8.124457664790153 -31.305542335209847 1561
79.7 0.26229508196721313 7.252715190838607 -32.17728480916139 1594
84.35 0.2786885245901639 6.201085893721078 -33.22891410627892 1687
96.3 0.2786885245901639 5.598495091804757 -33.83150490819524 1926
99.5 0.2786885245901639 5.441575548899728 -33.98842445110027 1990
104.25 0.2786885245901639 4.807732258246176 -34.622267741753824 2085
145.5 0.2786885245901639 4.738458661399221 -34.69154133860078 2910
146.3 0.2786885245901639 4.712468362625174 -34.717531637374826 2926
150.35 0.2786885245901639 4.395710845830969 -35.03428915416903 3007
153.65 0.2786885245901639 4.240085504502915 -35.189914495497085 3073
172.35 0.2786885245901639 4.100682538917546 -35.329317461082454 3447
179.85 0.29508196721311475 3.652968591525621 -35.77703140847438 3597
210.0 0.29508196721311475 3.063970419593872 -36.36602958040613 4200
220.6 0.29508196721311475 2.848290368339981 -36.58170963166002 4412
272.65 0.29508196721311475 2.8320669811659442 -36.597933018834055 5453
289.75 0.29508196721311475 2.7737742535869856 -36.656225746413014 5795
301.45 0.29508196721311475 2.7684573542810114 -36.66154264571899 6029
325.3 0.29508196721311475 2.7148359903362547 -36.715164009663745 6506
