% fevals/dim | frac | F - F_opt (-39.43) | best fitness | fevals
0.05 0.19672131147540983 52.775889662616656 13.345889662616656 1
0.05 0.19672131147540983 52.775889662616656 13.345889662616656 1
2.6 0.21311475409836064 35.17460048595808 -4.255399514041919 52
5.45 0.21311475409836064 33.2799571583085 -6.150042841691501 109
11.85 0.22950819672131148 24.64415957144055 -14.78584042855945 237
14.55 0.22950819672131148 24.628885458044156 -14.801114541955844 291
17.3 0.22950819672131148 23.480293982622634 -15.949706017377366 346
18.35 0.22950819672131148 22.032174520312466 -17.397825479687533 367
21.7 0.22950819672131148 17.632864631026905 -21.797135368973095 434
24.25 0.2459016393442623 15.56858222773726 -23.86141777226274 485
26.8 0.2459016393442623 13.964853855161692 -25.465146144838307 536
29.35 0.2459016393442623 13.427617903372258 -26.00238209662774 587
30.75 0.2459016393442623 12.84108145044118 -26.58891854955882 615
38.4 0.2459016393442623 10.764248348293997 -28.665751651706003 768
57.4 0.26229508196721313 9.587145786305825 -29.842854213694174 1148
78.75 0.26229508196721313 8.89542480490718 -30.53457519509282 1575
83.6 0.26229508196721313 8.398067047168063 -31.031932952831937 1672
86.55 0.26229508196721313 8.024173108199783 -31.405826891800217 1731
104.45 0.26229508196721313 6.937157470640365 -32.492842529359635 2089
123.0 0.2786885245901639 5.450824525875213 -33.97917547412479 2460
171.45 0.2786885245901639 5.276967831847038 -34.15303216815296 3429
177.05 0.2786885245901639 4.678930052890614 -34.751069947109386 3541
210.65 0.2786885245901639 4.267520995905336 -35.16247900409466 4213
249.95 0.2786885245901639 4.195166007239955 -35.234833992760045 4999
263.5 0.2786885245901639 4.132076811237155 -35.297923188762844 5270
293.3 0.2786885245901639 4.063197054952624 -35.366802945047375 5866
298.7 0.29508196721311475 3.923876702528794 -35.506123297471206 5974
301.8 0.29508196721311475 3.9104127137838773 -35.51958728621612 6036
325.65 0.29508196721311475 3.8528270139884953 -35.577172986011504 6513
