% fevals/dim | frac | F - F_opt (99.53) | best fitness | fevals
0.05 0.11475409836065574 399.2761284089512 498.80612840895117 1
0.55 0.14754098360655737 220.52891590323347 320.05891590323347 11
18.0 0.14754098360655737 201.73203020452794 301.26203020452795 360
21.25 0.14754098360655737 159.74359111613015 259.27359111613015 425
27.1 0.16393442622950818 142.7667906592347 242.2967906592347 542
31.5 0.16393442622950818 127.19949321633376 226.72949321633376 630
37.9 0.18032786885245902 78.28254343416447 177.81254343416447 758
45.75 0.19672131147540983 60.953629725104264 160.48362972510427 915
52.2 0.19672131147540983 50.97515386377589 150.5051538637759 1044
57.05 0.19672131147540983 50.34819962116697 149.87819962116697 1141
58.55 0.21311475409836064 39.07948424886925 138.60948424886925 1171
63.8 0.21311475409836064 37.931316861525914 137.46131686152592 1276
67.85 0.21311475409836064 36.45102270303079 135.9810227030308 1357
73.25 0.21311475409836064 31.79782755501836 131.32782755501836 1465
74.15 0.22950819672131148 25.096588202605545 124.62658820260555 1483
81.95 0.22950819672131148 24.09110668609017 123.62110668609017 1639
85.85 0.2459016393442623 14.877723033422797 114.4077230334228 1717
92.3 0.2459016393442623 13.502029547292139 113.03202954729214 1846
96.7 0.2459016393442623 12.967418613318983 112.49741861331898 1934
104.05 0.26229508196721313 8.593845511284485 108.12384551128449 2081
106.75 0.26229508196721313 7.2070516866562855 106.73705168665629 2135
111.4 0.26229508196721313 6.3153496648629925 105.845349664863 2228
115.5 0.3114754098360656 1.6237767391887274 101.15377673918873 2310
128.6 1.0 0.0 99.53 2572
