% fevals/dim | frac | F - F_opt (-209.88) | best fitness | fevals
0.05 0.0 11009439.068132479 11009229.188132478 1
2.45 0.0 2224775.0214347523 2224565.1414347524 49
8.1 0.0 1425730.042405329 1425520.162405329 162
10.6 0.0 1375478.797670774 1375268.917670774 212
13.1 0.0 854285.1094474641 854075.2294474641 262
20.6 0.0 770694.0701915405 770484.1901915405 412
24.15 0.0 741064.4920378823 740854.6120378823 483
26.7 0.0 732857.9676746811 732648.0876746811 534
27.65 0.0 581746.6851913377 581536.8051913377 553
31.7 0.0 446382.7859824469 446172.9059824469 634
35.95 0.0 291380.30517836165 291170.42517836165 719
40.3 0.0 173402.45591210114 173192.57591210114 806
43.45 0.0 122903.6565662079 122693.77656620789 869
50.95 0.0 119609.0606443656 119399.1806443656 1019
69.7 0.0 99432.00694430662 99222.12694430661 1394
82.35 0.0 86284.14565207467 86074.26565207467 1647
94.85 0.0 85711.16468936767 85501.28468936766 1897
109.65 0.0 85516.6217007483 85306.7417007483 2193
112.35 0.0 84515.19257328469 84305.31257328468 2247
124.85 0.0 84001.29746927676 83791.41746927676 2497
144.15 0.0 83817.18408128982 83607.30408128981 2883
149.15 0.0 83730.58279060025 83520.70279060025 2983
152.35 0.0 83636.47952674441 83426.59952674441 3047
165.65 0.0 83552.51211676074 83342.63211676074 3313
184.35 0.0 83550.0120257021 83340.1320257021 3687
187.55 0.0 83521.04085602965 83311.16085602964 3751
193.15 0.0 83513.77023769903 83303.89023769903 3863
200.05 0.0 83486.93825583378 83277.05825583378 4001
211.7 0.0 83438.81669590303 83228.93669590303 4234
214.2 0.0 83413.8658545717 83203.9858545717 4284
225.1 0.0 83413.42183449936 83203.54183449935 4502
