% fevals/dim | frac | F - F_opt (40.66) | best fitness | fevals
0.05 0.09836065573770492 813.9802044710219 854.6402044710219 1
2.45 0.11475409836065574 513.7257457950711 554.3857457950711 49
15.95 0.11475409836065574 491.8339046364953 532.4939046364952 319
22.15 0.11475409836065574 463.9363777849652 504.59637778496517 443
34.55 0.13114754098360656 376.7729413665902 417.43294136659017 691
63.4 0.13114754098360656 376.2013093315535 416.86130933155346 1268
69.6 0.13114754098360656 372.5319599862805 413.1919599862805 1392
97.05 0.13114754098360656 354.0148344555271 394.67483445552705 1941
102.8 0.13114754098360656 327.9804342458086 368.6404342458086 2056
111.85 0.13114754098360656 307.6953541666361 348.35535416663606 2237
129.85 0.13114754098360656 306.4394293064619 347.09942930646184 2597
136.05 0.13114754098360656 299.47754325021697 340.13754325021694 2721
166.6 0.13114754098360656 281.6142819521996 322.27428195219954 3332
191.05 0.13114754098360656 259.4470132074622 300.10701320746216 3821
197.8 0.13114754098360656 253.73415279579817 294.39415279579816 3956
209.65 0.14754098360655737 238.6150334359048 279.2750334359048 4193
240.65 0.14754098360655737 232.66629627606412 273.3262962760641 4813
246.55 0.14754098360655737 222.7506585441515 263.4106585441515 4931
284.1 0.14754098360655737 222.74025124216027 263.40025124216027 5682
290.25 0.14754098360655737 200.00876468054764 240.66876468054764 5805
394.75 0.14754098360655737 197.35009602197874 238.01009602197874 7895
399.6 0.14754098360655737 194.4589699205839 235.1189699205839 7992
412.9 0.14754098360655737 190.7121511996101 231.3721511996101 8258
428.2 0.14754098360655737 183.17154866090397 223.83154866090396 8564
475.85 0.14754098360655737 180.02843713651936 220.68843713651935 9517
