% fevals/dim | frac | F - F_opt (-147.9) | best fitness | fevals
0.05 0.2459016393442623 14.45935348943209 -133.44064651056792 1
0.55 0.2459016393442623 13.299762220776728 -134.60023777922328 11
4.95 0.2459016393442623 12.918982280892521 -134.98101771910748 99
18.95 0.26229508196721313 8.755123075589893 -139.1448769244101 379
42.1 0.26229508196721313 8.596369300604323 -139.30363069939568 842
50.25 0.26229508196721313 7.108635492021847 -140.79136450797816 1005
57.15 0.26229508196721313 6.813742632255497 -141.0862573677445 1143
71.1 0.26229508196721313 6.783741435327244 -141.11625856467276 1422
74.3 0.26229508196721313 6.423983854465462 -141.47601614553454 1486
84.15 0.2786885245901639 5.589889871620159 -142.31011012837985 1683
89.85 0.2786885245901639 5.320122578318973 -142.57987742168103 1797
205.4 0.2786885245901639 4.887872415748831 -143.01212758425117 4108
220.65 0.2786885245901639 4.582760671622964 -143.31723932837704 4413
249.3 0.2786885245901639 4.441386360760163 -143.45861363923984 4986
282.25 0.29508196721311475 3.4498805169262425 -144.45011948307376 5645
309.6 0.29508196721311475 2.736274902616856 -145.16372509738315 6192
