% fevals/dim | frac | F - F_opt (7.64) | best fitness | fevals
0.05 0.16393442622950818 150.0309504325618 157.6709504325618 1
2.2 0.18032786885245902 75.08110081744556 82.72110081744556 44
5.45 0.18032786885245902 66.46612115626169 74.1061211562617 109
8.65 0.21311475409836064 38.307939433732756 45.947939433732756 173
19.7 0.21311475409836064 35.05559596838198 42.69559596838198 394
24.65 0.21311475409836064 32.123947559496926 39.76394755949693 493
29.5 0.21311475409836064 30.240933964911875 37.880933964911875 590
39.25 0.21311475409836064 29.4553838594542 37.0953838594542 785
42.8 0.21311475409836064 29.3072313230142 36.9472313230142 856
47.5 0.21311475409836064 26.692368969576222 34.33236896957622 950
50.6 0.22950819672131148 21.788573293695055 29.428573293695056 1012
64.1 0.22950819672131148 16.8870254763548 24.5270254763548 1282
78.95 0.2459016393442623 15.505949115604796 23.145949115604797 1579
82.15 0.2459016393442623 14.110627672473107 21.750627672473108 1643
103.35 0.2459016393442623 10.285797796844918 17.92579779684492 2067
135.35 0.26229508196721313 9.864627914576005 17.504627914576005 2707
138.95 0.26229508196721313 8.651342977091993 16.291342977091993 2779
160.15 0.26229508196721313 8.384256591252456 16.024256591252456 3203
184.5 0.2786885245901639 4.746454701690273 12.386454701690273 3690
203.7 0.2786885245901639 4.406635684122592 12.046635684122592 4074
210.45 0.2786885245901639 4.3275950072457645 11.967595007245764 4209
237.75 0.29508196721311475 3.8732671967265757 11.513267196726575 4755
242.15 0.29508196721311475 2.8145583271237475 10.454558327123747 4843
290.55 0.29508196721311475 2.7767329571264243 10.416732957126424 5811
294.55 0.29508196721311475 2.5890107964647706 10.22901079646477 5891
299.3 0.3114754098360656 2.4254689397087885 10.065468939708788 5986
324.05 0.3114754098360656 2.0200393058144934 9.660039305814493 6481
340.0 0.3114754098360656 2.0175147025571443 9.657514702557144 6800
349.65 0.3114754098360656 1.8776409887316552 9.517640988731655 6993
366.4 0.32786885245901637 1.5424596623334326 9.182459662333432 7328
398.35 0.32786885245901637 1.4396133660962578 9.079613366096257 7967
408.0 0.32786885245901637 1.2899669873872446 8.929966987387244 8160
445.55 0.3442622950819672 0.8451776757524447 8.485177675752444 8911
