% fevals/dim | frac | F - F_opt (40.66) | best fitness | fevals
0.05 0.09836065573770492 813.9802044710219 854.6402044710219 1
2.45 0.11475409836065574 513.7257457950711 554.3857457950711 49
73.1 0.11475409836065574 404.0336194894105 444.6936194894105 1462
210.8 0.13114754098360656 384.25884048093803 424.918840480938 4216
227.5 0.13114754098360656 373.3845586963787 414.04455869637866 4550
280.25 0.13114754098360656 372.1238983001534 412.7838983001534 5605
336.25 0.13114754098360656 368.2273761227808 408.8873761227808 6725
350.55 0.13114754098360656 365.12533097148764 405.7853309714876 7011
355.95 0.13114754098360656 345.820179181516 386.48017918151595 7119
363.45 0.13114754098360656 322.55644145530323 363.2164414553032 7269
468.75 0.13114754098360656 315.1811142269298 355.8411142269298 9375
488.15 0.13114754098360656 295.0094710667446 335.66947106674456 9763
