% fevals/dim | frac | F - F_opt (-99.25) | best fitness | fevals
0.05 0.19672131147540983 54.46286567634892 -44.78713432365108 1
1.0 0.21311475409836064 33.60879504911091 -65.64120495088909 20
21.3 0.22950819672131148 24.248759299690818 -75.00124070030918 426
42.7 0.22950819672131148 21.826240835708788 -77.42375916429121 854
54.35 0.22950819672131148 20.79703855313096 -78.45296144686904 1087
61.85 0.22950819672131148 19.326264932837432 -79.92373506716257 1237
64.75 0.2459016393442623 13.351728698629955 -85.89827130137004 1295
74.25 0.2459016393442623 11.852903151805577 -87.39709684819442 1485
102.6 0.2459016393442623 10.355283354968478 -88.89471664503152 2052
118.35 0.26229508196721313 9.854232339155303 -89.3957676608447 2367
144.8 0.26229508196721313 8.021101944110882 -91.22889805588912 2896
160.2 0.26229508196721313 7.17709860584965 -92.07290139415035 3204
204.0 0.26229508196721313 6.790423671879921 -92.45957632812008 4080
211.5 0.2786885245901639 6.026318760475647 -93.22368123952435 4230
215.7 0.2786885245901639 5.931464962309249 -93.31853503769075 4314
223.65 0.2786885245901639 5.362009356082183 -93.88799064391782 4473
225.15 0.2786885245901639 5.181506655342346 -94.06849334465765 4503
228.3 0.2786885245901639 4.83546209448788 -94.41453790551212 4566
266.1 0.2786885245901639 4.633353084237015 -94.61664691576298 5322
277.25 0.2786885245901639 4.613043437253751 -94.63695656274625 5545
300.3 0.2786885245901639 4.191696934420449 -95.05830306557955 6006
303.35 0.2786885245901639 4.032861464262666 -95.21713853573733 6067
309.8 0.29508196721311475 3.5874326783683443 -95.66256732163166 6196
328.55 0.29508196721311475 3.40537933689302 -95.84462066310698 6571
331.7 0.29508196721311475 2.7979031781403876 -96.45209682185961 6634
347.45 0.29508196721311475 2.6861865519843064 -96.5638134480157 6949
362.25 0.29508196721311475 2.6673035912691034 -96.5826964087309 7245
377.35 0.29508196721311475 2.584492410882092 -96.66550758911791 7547
386.65 0.3114754098360656 2.183799656221794 -97.0662003437782 7733
392.95 0.3114754098360656 2.1764680071893565 -97.07353199281064 7859
427.7 0.3114754098360656 2.023752674018425 -97.22624732598157 8554
428.45 0.3114754098360656 1.6194290729578142 -97.63057092704219 8569
479.5 0.32786885245901637 1.5796843313080586 -97.67031566869194 9590
483.25 0.32786885245901637 1.168397354841261 -98.08160264515874 9665
494.75 0.32786885245901637 1.0497974079830072 -98.20020259201699 9895
