% fevals/dim | frac | F - F_opt (-462.09) | best fitness | fevals
0.05 0.09836065573770492 912.4201901789254 450.3301901789254 1
0.35 0.09836065573770492 894.3164535019428 432.2264535019428 7
3.55 0.09836065573770492 721.2575953635671 259.16759536356716 71
7.2 0.09836065573770492 667.6335370132178 205.54353701321787 144
9.15 0.11475409836065574 575.6232402338522 113.53324023385227 183
12.8 0.11475409836065574 485.38259649096267 23.292596490962694 256
16.5 0.11475409836065574 406.6442805966135 -55.44571940338648 330
27.5 0.13114754098360656 392.13417760382185 -69.95582239617812 550
40.55 0.13114754098360656 353.18965498643234 -108.90034501356763 811
44.5 0.13114754098360656 329.0475576979733 -133.0424423020267 890
45.9 0.13114754098360656 319.59779194713445 -142.49220805286552 918
48.4 0.13114754098360656 318.1592032344863 -143.93079676551366 968
54.1 0.13114754098360656 306.2850013074076 -155.8049986925924 1082
62.5 0.13114754098360656 287.99416423852483 -174.09583576147514 1250
68.45 0.13114754098360656 254.66417700969362 -207.42582299030636 1369
72.05 0.14754098360655737 247.69410223256327 -214.3958977674367 1441
95.85 0.14754098360655737 244.0226430089274 -218.0673569910726 1917
100.25 0.14754098360655737 236.1224728805562 -225.9675271194438 2005
105.65 0.14754098360655737 219.87296016786263 -242.21703983213735 2113
124.65 0.14754098360655737 212.47021164858467 -249.6197883514153 2493
135.85 0.14754098360655737 201.34139414428677 -260.7486058557132 2717
144.25 0.14754098360655737 197.21359180547284 -264.87640819452713 2885
148.4 0.14754098360655737 196.21736923706823 -265.87263076293175 2968
154.0 0.14754098360655737 194.132666534382 -267.957333465618 3080
161.4 0.14754098360655737 193.16742475565349 -268.9225752443465 3228
169.25 0.14754098360655737 182.15594239015974 -279.93405760984024 3385
195.95 0.14754098360655737 170.9456252561476 -291.1443747438524 3919
229.45 0.14754098360655737 160.98385401286276 -301.1061459871372 4589
240.75 0.14754098360655737 159.72393275856808 -302.3660672414319 4815
278.55 0.14754098360655737 159.18061937698576 -302.9093806230142 5571
301.7 0.14754098360655737 158.6579910102003 -303.43200898979967 6034
321.85 0.16393442622950818 158.43780142810527 -303.6521985718947 6437
332.0 0.16393442622950818 157.37185967973744 -304.71814032026253 6640
352.65 0.16393442622950818 156.53349525220716 -305.5565047477928 7053
380.15 0.16393442622950818 155.46755350383933 -306.62244649616065 7603
