% fevals/dim | frac | F - F_opt (-222.98) | best fitness | fevals
0.05 0.06557377049180328 2399.821683200123 2176.841683200123 1
0.05 0.06557377049180328 2399.821683200123 2176.841683200123 1
2.85 0.06557377049180328 2363.1566492576003 2140.1766492576003 57
6.5 0.06557377049180328 1774.8438533354524 1551.8638533354524 130
16.5 0.06557377049180328 1609.7517690915063 1386.7717690915063 330
23.6 0.06557377049180328 1598.5556255878926 1375.5756255878925 472
26.75 0.08196721311475409 1495.3417166555628 1272.3617166555628 535
35.55 0.08196721311475409 1329.5852746959906 1106.6052746959906 711
40.75 0.08196721311475409 1240.0905365838757 1017.1105365838757 815
46.35 0.08196721311475409 1149.1668257852964 926.1868257852964 927
48.5 0.08196721311475409 1066.930885131161 843.9508851311609 970
67.35 0.08196721311475409 1044.1098124425441 821.1298124425441 1347
80.55 0.09836065573770492 938.4130672293473 715.4330672293473 1611
81.7 0.09836065573770492 921.3064869117716 698.3264869117716 1634
88.65 0.09836065573770492 807.6917728993408 584.7117728993408 1773
101.0 0.09836065573770492 712.0188576245088 489.03885762450875 2020
121.55 0.09836065573770492 685.1623920390842 462.1823920390842 2431
132.9 0.09836065573770492 677.800367923514 454.820367923514 2658
154.75 0.09836065573770492 655.5564974372488 432.5764974372488 3095
157.95 0.11475409836065574 626.150908295034 403.170908295034 3159
176.25 0.11475409836065574 595.7470644094675 372.7670644094675 3525
194.8 0.11475409836065574 480.0368394702331 257.05683947023306 3896
243.45 0.11475409836065574 417.000840135776 194.020840135776 4869
337.9 0.11475409836065574 414.23591277435384 191.25591277435385 6758
464.3 0.11475409836065574 400.91934450121346 177.93934450121347 9286
498.1 0.13114754098360656 347.2109339831662 124.23093398316624 9962
