% fevals/dim | frac | F - F_opt (-222.98) | best fitness | fevals
0.05 0.06557377049180328 2399.821683200123 2176.841683200123 1
3.3 0.06557377049180328 2125.47494224667 1902.4949422466698 66
5.95 0.06557377049180328 1989.9027498048195 1766.9227498048194 119
10.35 0.06557377049180328 1625.7828696516822 1402.8028696516822 207
17.6 0.08196721311475409 1379.366871652429 1156.386871652429 352
35.5 0.08196721311475409 1266.8032623917636 1043.8232623917636 710
43.5 0.08196721311475409 1196.6183485974295 973.6383485974295 870
55.1 0.08196721311475409 1175.5646853652675 952.5846853652674 1102
59.7 0.08196721311475409 1163.7303817992506 940.7503817992506 1194
63.15 0.08196721311475409 1157.0499993829085 934.0699993829085 1263
66.7 0.08196721311475409 1085.9706560143231 862.9906560143231 1334
69.2 0.08196721311475409 1071.1075620785386 848.1275620785386 1384
72.1 0.08196721311475409 1060.344155995708 837.364155995708 1442
80.0 0.09836065573770492 967.2044198568108 744.2244198568108 1600
94.15 0.09836065573770492 927.4402909477635 704.4602909477635 1883
101.9 0.09836065573770492 891.8185158869582 668.8385158869581 2038
118.7 0.09836065573770492 869.7062769668732 646.7262769668732 2374
120.65 0.09836065573770492 798.5374387207446 575.5574387207446 2413
141.0 0.09836065573770492 771.527139814173 548.547139814173 2820
144.6 0.09836065573770492 729.3011822160445 506.32118221604446 2892
149.5 0.09836065573770492 713.9302728278743 490.9502728278743 2990
172.25 0.09836065573770492 680.5364382973283 457.5564382973283 3445
184.6 0.09836065573770492 679.2795538188293 456.2995538188293 3692
195.95 0.09836065573770492 645.0001109334983 422.02011093349824 3919
206.9 0.11475409836065574 606.7781431987191 383.7981431987191 4138
241.35 0.11475409836065574 585.3994323344192 362.4194323344192 4827
248.65 0.11475409836065574 578.820929019871 355.84092901987094 4973
299.9 0.11475409836065574 556.9711823205894 333.99118232058936 5998
329.0 0.11475409836065574 533.3983029868934 310.4183029868934 6580
340.25 0.11475409836065574 455.5592846629053 232.57928466290534 6805
346.4 0.11475409836065574 436.07873041666437 213.09873041666438 6928
397.15 0.11475409836065574 429.10488395794755 206.12488395794756 7943
456.95 0.11475409836065574 422.6540940844414 199.6740940844414 9139
462.8 0.13114754098360656 397.4751560991514 174.4951560991514 9256
