% fevals/dim | frac | F - F_opt (99.53) | best fitness | fevals
0.05 0.11475409836065574 399.2761284089512 498.80612840895117 1
0.55 0.14754098360655737 220.52891590323347 320.05891590323347 11
24.65 0.14754098360655737 207.0929580287628 306.6229580287628 493
27.55 0.14754098360655737 198.40713567905752 297.9371356790575 551
31.6 0.14754098360655737 160.1016631421406 259.6316631421406 632
39.1 0.16393442622950818 153.04823017616727 252.57823017616727 782
54.05 0.16393442622950818 144.045608456872 243.575608456872 1081
69.45 0.16393442622950818 141.68195586475258 241.21195586475258 1389
73.9 0.16393442622950818 132.41683259185157 231.94683259185157 1478
87.6 0.16393442622950818 132.0287344537228 231.5587344537228 1752
88.7 0.16393442622950818 126.5521123600133 226.0821123600133 1774
92.55 0.16393442622950818 125.7320058087225 225.2620058087225 1851
102.1 0.16393442622950818 119.67431264252497 219.20431264252497 2042
106.9 0.16393442622950818 113.82290831167381 213.35290831167381 2138
117.5 0.16393442622950818 112.11202476325934 211.64202476325934 2350
125.45 0.16393442622950818 106.49595137606647 206.02595137606647 2509
150.7 0.16393442622950818 104.84873713586609 204.3787371358661 3014
154.6 0.16393442622950818 102.51262617691063 202.04262617691063 3092
190.95 0.16393442622950818 101.5478581784865 201.0778581784865 3819
192.55 0.18032786885245902 99.6735459275796 199.2035459275796 3851
196.95 0.18032786885245902 97.23932437944993 196.76932437944993 3939
202.35 0.18032786885245902 93.55883011867084 193.08883011867084 4047
240.1 0.18032786885245902 92.75515993077292 192.28515993077292 4802
266.95 0.18032786885245902 89.79334132825582 189.32334132825582 5339
275.4 0.18032786885245902 88.28552832121014 187.81552832121014 5508
292.65 0.18032786885245902 87.56236093365672 187.09236093365672 5853
299.1 0.18032786885245902 87.45761985916567 186.98761985916568 5982
306.1 0.18032786885245902 86.25073628176025 185.78073628176026 6122
337.45 0.18032786885245902 85.12189839007553 184.65189839007553 6749
341.0 0.18032786885245902 84.09780157288188 183.62780157288188 6820
350.8 0.18032786885245902 82.89091799547646 182.42091799547646 7016
358.75 0.18032786885245902 81.76208010379176 181.29208010379176 7175
365.85 0.18032786885245902 80.25426709674608 179.78426709674608 7317
372.85 0.18032786885245902 79.42635863470164 178.95635863470164 7457
388.15 0.18032786885245902 79.12542920506141 178.6554292050614 7763
469.15 0.18032786885245902 76.78970773597129 176.3197077359713 9383
