% fevals/dim | frac | F - F_opt (-34.75) | best fitness | fevals
0.05 0.09836065573770492 704.0696690671978 669.3196690671978 1
0.05 0.09836065573770492 704.0696690671978 669.3196690671978 1
5.55 0.09836065573770492 677.1942830966157 642.4442830966157 111
9.85 0.11475409836065574 610.8166157276779 576.0666157276779 197
11.9 0.11475409836065574 517.0287788683354 482.2787788683354 238
15.75 0.11475409836065574 399.46310633242547 364.71310633242547 315
19.05 0.13114754098360656 381.13569172888594 346.38569172888594 381
22.0 0.13114754098360656 334.1699454878774 299.4199454878774 440
23.25 0.13114754098360656 333.5163313409983 298.7663313409983 465
33.05 0.13114754098360656 322.28430344988976 287.53430344988976 661
37.35 0.13114754098360656 308.6575289281551 273.9075289281551 747
39.95 0.13114754098360656 289.6831608703018 254.93316087030178 799
42.7 0.13114754098360656 278.22146061249896 243.47146061249896 854
51.2 0.14754098360655737 238.64125794029258 203.89125794029258 1024
171.0 0.14754098360655737 238.39780481086413 203.64780481086413 3420
