% fevals/dim | frac | F - F_opt (-209.88) | best fitness | fevals
0.05 0.0 11009439.068132479 11009229.188132478 1
2.45 0.0 2224775.0214347523 2224565.1414347524 49
9.8 0.0 1340278.57209707 1340068.6920970702 196
19.05 0.0 745493.5326565864 745283.6526565864 381
20.55 0.0 684339.7825986195 684129.9025986195 411
23.1 0.0 566253.9285978999 566044.0485978998 462
28.3 0.0 554513.996061861 554304.116061861 566
32.7 0.0 436433.6811303995 436223.8011303995 654
37.55 0.0 291687.63688038965 291477.75688038964 751
41.85 0.0 201019.56267951895 200809.68267951894 837
44.1 0.0 157783.96496938338 157574.08496938337 882
46.7 0.0 140973.43075732817 140763.55075732816 934
55.85 0.0 128337.34220481369 128127.46220481368 1117
65.5 0.0 127194.02978820859 126984.14978820858 1310
67.75 0.0 104516.38363773348 104306.50363773348 1355
71.15 0.0 96079.52273413495 95869.64273413495 1423
81.6 0.0 91354.59791963143 91144.71791963142 1632
92.45 0.0 89772.6389404856 89562.7589404856 1849
98.65 0.0 88135.85095905555 87925.97095905554 1973
113.3 0.0 87954.93131972117 87745.05131972117 2266
119.4 0.0 86205.63685185098 85995.75685185098 2388
151.45 0.0 86115.99365977319 85906.11365977318 3029
161.5 0.0 86031.7783112993 85821.8983112993 3230
172.55 0.0 85933.51558528494 85723.63558528494 3451
181.6 0.0 85917.34600293348 85707.46600293348 3632
183.25 0.0 85915.6409899906 85705.7609899906 3665
191.9 0.0 85906.90946483774 85697.02946483773 3838
197.35 0.0 85905.28013757689 85695.40013757689 3947
