% fevals/dim | frac | F - F_opt (-25.25) | best fitness | fevals
0.05 0.18032786885245902 71.97402816 46.72402816 1
0.05 0.18032786885245902 71.97402816 46.72402816 1
7.45 0.19672131147540983 59.42522816 34.17522816 149
12.35 0.19672131147540983 50.169228159999996 24.919228159999996 247
16.75 0.19672131147540983 43.55002816000001 18.30002816000001 335
19.75 0.21311475409836064 37.19162816 11.94162816 395
22.5 0.21311475409836064 35.90522816 10.65522816 450
23.7 0.21311475409836064 31.945228160000006 6.695228160000006 474
27.05 0.21311475409836064 29.76282816 4.5128281600000015 541
29.4 0.22950819672131148 18.170828160000003 -7.079171839999997 588
39.05 0.22950819672131148 17.753228160000003 -7.496771839999997 781
42.5 0.22950819672131148 17.146828160000002 -8.103171839999998 850
45.0 0.2459016393442623 15.210828159999998 -10.039171840000002 900
45.5 0.2459016393442623 14.138828160000001 -11.111171839999999 910
52.4 0.2459016393442623 11.09562816 -14.15437184 1048
57.35 0.26229508196721313 7.801228160000001 -17.44877184 1147
59.85 0.26229508196721313 7.5228281599999995 -17.72717184 1197
85.7 0.26229508196721313 6.834828160000001 -18.41517184 1714
90.45 0.26229508196721313 6.703628160000001 -18.54637184 1809
92.95 0.26229508196721313 6.572428160000001 -18.67757184 1859
97.45 0.26229508196721313 6.4268281599999995 -18.82317184 1949
99.35 0.2786885245901639 6.2700281600000025 -18.979971839999997 1987
101.4 0.2786885245901639 5.639628160000001 -19.61037184 2028
108.6 0.2786885245901639 5.3292281599999995 -19.92077184 2172
112.75 0.2786885245901639 4.90362816 -20.34637184 2255
123.45 0.2786885245901639 4.607628160000001 -20.64237184 2469
129.15 0.2786885245901639 4.463628159999999 -20.78637184 2583
137.2 0.2786885245901639 4.273228160000002 -20.976771839999998 2744
153.05 0.2786885245901639 4.0444281600000025 -21.205571839999998 3061
176.45 0.29508196721311475 3.83962816 -21.41037184 3529
187.1 0.29508196721311475 3.6988281600000015 -21.55117184 3742
