% fevals/dim | frac | F - F_opt (-209.88) | best fitness | fevals
0.05 0.0 11009439.068132479 11009229.188132478 1
2.45 0.0 2224775.0214347523 2224565.1414347524 49
7.65 0.0 1700628.4052749756 1700418.5252749757 153
10.9 0.0 988373.8660465616 988163.9860465616 218
20.35 0.0 427680.01742141746 427470.13742141746 407
29.45 0.0 367075.77561966534 366865.89561966533 589
31.65 0.0 303161.2085083955 302951.32850839547 633
35.85 0.0 294660.93203895626 294451.05203895626 717
37.95 0.0 228690.15251128294 228480.27251128294 759
41.05 0.0 228648.1875071831 228438.30750718308 821
43.05 0.0 176423.42407022146 176213.54407022145 861
50.85 0.0 152035.79135456128 151825.91135456128 1017
53.2 0.0 147990.0216209713 147780.1416209713 1064
61.0 0.0 143081.35689718206 142871.47689718206 1220
64.95 0.0 123374.37301927204 123164.49301927203 1299
67.55 0.0 120470.26470069536 120260.38470069536 1351
71.05 0.0 116495.7109993598 116285.8309993598 1421
73.9 0.0 103287.3723725798 103077.4923725798 1478
79.1 0.0 101890.69185422853 101680.81185422852 1582
84.4 0.0 96060.89041175864 95851.01041175863 1688
98.2 0.0 95581.31885718099 95371.43885718098 1964
100.0 0.0 95576.42958259756 95366.54958259755 2000
106.15 0.0 95246.49343539301 95036.61343539301 2123
107.1 0.0 88018.24500469599 87808.36500469598 2142
116.75 0.0 85910.3248450996 85700.4448450996 2335
125.0 0.0 85765.61778739288 85555.73778739288 2500
133.9 0.0 85567.68174248884 85357.80174248884 2678
136.95 0.0 85558.45549807386 85348.57549807386 2739
138.0 0.0 85523.96201188695 85314.08201188695 2760
140.75 0.0 84970.66109138596 84760.78109138596 2815
149.65 0.0 84948.08948806905 84738.20948806904 2993
172.25 0.0 84943.10130776833 84733.22130776833 3445
193.05 0.0 84929.08401978223 84719.20401978222 3861
200.85 0.0 84874.70418875462 84664.82418875462 4017
206.05 0.0 84863.51015885526 84653.63015885526 4121
209.6 0.0 84824.76667409882 84614.88667409882 4192
