% fevals/dim | frac | F - F_opt (-462.09) | best fitness | fevals
0.05 0.09836065573770492 912.4201901789254 450.3301901789254 1
3.95 0.09836065573770492 777.5851727515064 315.49517275150646 79
13.9 0.11475409836065574 595.2544925082894 133.16449250828947 278
89.9 0.11475409836065574 574.3526825713365 112.26268257133648 1798
177.9 0.11475409836065574 567.1890562734013 105.09905627340135 3558
219.15 0.11475409836065574 545.4278114715019 83.33781147150188 4383
233.05 0.11475409836065574 544.8654422753405 82.77544227534048 4661
278.15 0.11475409836065574 512.4073880296278 50.31738802962781 5563
296.1 0.11475409836065574 510.5891644060061 48.499164406006116 5922
327.7 0.11475409836065574 484.308206084986 22.218206084986036 6554
368.55 0.11475409836065574 459.7548740949666 -2.335125905033351 7371
395.95 0.11475409836065574 435.93430183765963 -26.155698162340343 7919
435.5 0.13114754098360656 382.08889276463316 -80.00110723536682 8710
