% fevals/dim | frac | F - F_opt (273.15) | best fitness | fevals
0.05 0.14754098360655737 217.8320510932524 490.9820510932524 1
1.15 0.18032786885245902 70.35390303108818 343.50390303108816 23
40.25 0.19672131147540983 56.99713425536902 330.147134255369 805
150.9 0.19672131147540983 56.73522910594261 329.8852291059426 3018
175.9 0.19672131147540983 50.90404028908364 324.0540402890836 3518
200.0 0.19672131147540983 47.72191905276634 320.8719190527663 4000
224.9 0.19672131147540983 45.0572080238793 318.2072080238793 4498
292.4 0.19672131147540983 40.43263578979224 313.5826357897922 5848
312.85 0.21311475409836064 38.71652603367073 311.8665260336707 6257
359.55 0.21311475409836064 35.84709176409143 308.9970917640914 7191
374.55 0.21311475409836064 35.018974130824006 308.168974130824 7491
421.85 0.21311475409836064 25.593535376098203 298.7435353760982 8437
