% fevals/dim | frac | F - F_opt (273.15) | best fitness | fevals
0.05 0.14754098360655737 217.8320510932524 490.9820510932524 1
1.15 0.18032786885245902 70.35390303108818 343.50390303108816 23
18.8 0.19672131147540983 50.502927639434404 323.6529276394344 376
43.4 0.19672131147540983 46.77617368497101 319.926173684971 868
48.05 0.19672131147540983 46.50587641964853 319.6558764196485 961
61.85 0.21311475409836064 37.48682854903291 310.6368285490329 1237
91.4 0.21311475409836064 35.821911466257575 308.97191146625755 1828
130.2 0.21311475409836064 31.057114132807953 304.20711413280793 2604
365.15 0.21311475409836064 30.092209558995535 303.2422095589955 7303
