% fevals/dim | frac | F - F_opt (273.15) | best fitness | fevals
0.05 0.14754098360655737 217.8320510932524 490.9820510932524 1
1.15 0.18032786885245902 70.35390303108818 343.50390303108816 23
15.0 0.19672131147540983 48.09906760051041 321.2490676005104 300
20.55 0.19672131147540983 41.73701205101173 314.8870120510117 411
22.25 0.19672131147540983 40.827650661687926 313.9776506616879 445
25.4 0.19672131147540983 40.81516489992464 313.9651648999246 508
30.3 0.21311475409836064 38.172095041819375 311.32209504181935 606
35.2 0.21311475409836064 37.92095899616203 311.070958996162 704
39.25 0.21311475409836064 34.31928220222409 307.46928220222406 785
40.2 0.21311475409836064 30.962133750177088 304.11213375017707 804
43.3 0.21311475409836064 27.696241728271673 300.84624172827165 866
149.2 0.22950819672131148 22.04394984345231 295.1939498434523 2984
179.55 0.22950819672131148 20.3961687058773 293.5461687058773 3591
207.9 0.22950819672131148 18.26653382810565 291.4165338281056 4158
339.95 0.22950819672131148 17.361511527333732 290.5115115273337 6799
