% fevals/dim | frac | F - F_opt (-51.91) | best fitness | fevals
0.05 0.0 9934310.065323807 9934258.155323807 1
7.2 0.0 2520427.622529099 2520375.712529099 144
26.8 0.0 1889450.2678748327 1889398.3578748328 536
50.5 0.0 1570744.0250903699 1570692.11509037 1010
107.7 0.0 1342989.5345892543 1342937.6245892544 2154
229.0 0.0 1228333.3851501064 1228281.4751501065 4580
259.1 0.0 1025836.4892275853 1025784.5792275852 5182
388.7 0.0 1009701.5498319089 1009649.6398319089 7774
493.1 0.0 889976.1744531735 889924.2644531735 9862
