% fevals/dim | frac | F - F_opt (-51.91) | best fitness | fevals
0.05 0.0 9934310.065323807 9934258.155323807 1
7.2 0.0 2520427.622529099 2520375.712529099 144
34.95 0.0 1440532.773332308 1440480.8633323081 699
56.4 0.0 1326798.5742023503 1326746.6642023504 1128
91.15 0.0 1146868.6381800957 1146816.7281800958 1823
93.95 0.0 779778.657622695 779726.7476226949 1879
115.5 0.0 572544.0393628002 572492.1293628002 2310
144.0 0.0 442791.8866381991 442739.9766381991 2880
169.7 0.0 314479.24485621526 314427.3348562153 3394
196.2 0.0 280407.7746691061 280355.86466910614 3924
226.2 0.0 244446.46773298463 244394.55773298463 4524
274.6 0.0 240867.80461329303 240815.89461329303 5492
288.35 0.0 194284.6160884546 194232.7060884546 5767
455.25 0.0 182455.55015384752 182403.64015384752 9105
