% fevals/dim | frac | F - F_opt (-66.39) | best fitness | fevals
0.05 0.11475409836065574 399.2761284089512 332.8861284089512 1
2.65 0.14754098360655737 250.5561715230474 184.1661715230474 53
6.85 0.14754098360655737 227.7060581355147 161.3160581355147 137
10.25 0.14754098360655737 163.60035591077326 97.21035591077326 205
12.95 0.14754098360655737 158.97924096354365 92.58924096354365 259
15.55 0.16393442622950818 131.40597149729098 65.01597149729098 311
19.7 0.16393442622950818 102.08967809175542 35.699678091755416 394
23.85 0.16393442622950818 101.15643858633831 34.76643858633831 477
28.05 0.18032786885245902 66.91638060472508 0.5263806047250768 561
36.4 0.19672131147540983 47.37953383349319 -19.01046616650681 728
37.75 0.19672131147540983 43.07361032757066 -23.316389672429338 755
43.05 0.21311475409836064 27.691089360620346 -38.698910639379655 861
50.4 0.2786885245901639 5.498942132497305 -60.891057867502695 1008
52.55 0.29508196721311475 3.7926901907322517 -62.59730980926775 1051
56.05 1.0 0.0 -66.39 1121
