% fevals/dim | frac | F - F_opt (-99.25) | best fitness | fevals
0.05 0.19672131147540983 54.46286567634892 -44.78713432365108 1
2.15 0.19672131147540983 51.78594307569595 -47.46405692430405 43
4.65 0.19672131147540983 44.27281129189863 -54.97718870810137 93
6.65 0.19672131147540983 41.082720606903834 -58.167279393096166 133
12.85 0.19672131147540983 40.20438973640362 -59.04561026359638 257
13.15 0.21311475409836064 39.10675484495507 -60.14324515504493 263
19.65 0.21311475409836064 32.56510234103091 -66.68489765896909 393
27.4 0.22950819672131148 24.115081964278772 -75.13491803572123 548
37.15 0.22950819672131148 18.326750516704394 -80.9232494832956 743
60.1 0.2459016393442623 13.980439693827805 -85.2695603061722 1202
66.6 0.2459016393442623 13.761564729508976 -85.48843527049102 1332
86.85 0.26229508196721313 9.592689075866687 -89.65731092413331 1737
115.55 0.26229508196721313 7.722278390860637 -91.52772160913936 2311
126.95 0.26229508196721313 6.942124490917493 -92.3078755090825 2539
141.55 0.2786885245901639 5.625196983240087 -93.62480301675991 2831
199.7 0.2786885245901639 5.500701913818645 -93.74929808618135 3994
206.6 0.2786885245901639 5.3933036641716825 -93.85669633582832 4132
213.05 0.2786885245901639 5.13616203275744 -94.11383796724256 4261
221.45 0.2786885245901639 5.022704026445041 -94.22729597355496 4429
228.95 0.2786885245901639 4.942970639422853 -94.30702936057715 4579
237.7 0.2786885245901639 4.578801981092127 -94.67119801890787 4754
240.95 0.2786885245901639 4.483092908952713 -94.76690709104729 4819
246.75 0.29508196721311475 3.583691285617448 -95.66630871438255 4935
250.7 0.29508196721311475 3.4545574714830565 -95.79544252851694 5014
285.3 0.29508196721311475 3.3917767182278027 -95.8582232817722 5706
291.25 0.29508196721311475 3.107806275700682 -96.14219372429932 5825
298.3 0.29508196721311475 2.7728643033176184 -96.47713569668238 5966
314.55 0.3114754098360656 2.1107168218268555 -97.13928317817314 6291
347.05 0.3114754098360656 1.9232344157663022 -97.3267655842337 6941
382.0 0.3114754098360656 1.8761385441122655 -97.37386145588773 7640
401.5 0.3114754098360656 1.7494967424115515 -97.50050325758845 8030
404.2 0.3114754098360656 1.7266291095008768 -97.52337089049912 8084
414.5 0.32786885245901637 1.558943675256188 -97.69105632474381 8290
428.05 0.32786885245901637 1.3835611401569707 -97.86643885984303 8561
438.3 0.3442622950819672 0.9327016193064566 -98.31729838069354 8766
481.1 0.3442622950819672 0.8966483726776033 -98.3533516273224 9622
493.95 0.3442622950819672 0.8458240235253527 -98.40417597647465 9879
