% fevals/dim | frac | F - F_opt (-66.39) | best fitness | fevals
0.05 0.11475409836065574 399.2761284089512 332.8861284089512 1
2.65 0.14754098360655737 250.5561715230474 184.1661715230474 53
3.4 0.14754098360655737 182.22062179059165 115.83062179059165 68
7.55 0.14754098360655737 161.62454822911477 95.23454822911476 151
8.4 0.16393442622950818 134.2553285390758 67.8653285390758 168
11.3 0.16393442622950818 129.41014945696517 63.02014945696517 226
14.15 0.16393442622950818 115.74422163966082 49.35422163966082 283
17.65 0.18032786885245902 77.37034844907862 10.980348449078619 353
19.0 0.19672131147540983 45.40360849102573 -20.986391508974272 380
26.1 0.21311475409836064 39.79847119019219 -26.591528809807812 522
30.55 0.21311475409836064 33.73186512325794 -32.65813487674206 611
33.7 0.22950819672131148 20.098007371888286 -46.291992628111714 674
36.8 0.2459016393442623 14.94013546284664 -51.44986453715336 736
37.5 0.2786885245901639 4.2813323987193925 -62.10866760128061 750
44.75 0.32786885245901637 1.27427498570313 -65.11572501429687 895
49.35 1.0 0.0 -66.39 987
