% fevals/dim | frac | F - F_opt (47.39) | best fitness | fevals
0.05 0.2459016393442623 14.407515094193322 61.79751509419332 1
0.05 0.2459016393442623 14.407515094193322 61.79751509419332 1
13.35 0.26229508196721313 8.20097825934291 55.59097825934291 267
35.8 0.26229508196721313 7.560953823434673 54.95095382343467 716
71.1 0.26229508196721313 6.555693677406829 53.94569367740683 1422
112.0 0.2786885245901639 5.802995799091633 53.192995799091634 2240
134.0 0.2786885245901639 5.739448580626629 53.12944858062663 2680
151.6 0.2786885245901639 5.694201411493566 53.08420141149357 3032
152.65 0.2786885245901639 5.070123368856208 52.46012336885621 3053
173.4 0.29508196721311475 3.7523285277066734 51.142328527706674 3468
314.5 0.29508196721311475 3.0537707013683715 50.44377070136837 6290
413.05 0.29508196721311475 2.976505847204237 50.36650584720424 8261
423.4 0.29508196721311475 2.712309729627485 50.102309729627486 8468
471.2 0.29508196721311475 2.606628168908344 49.996628168908344 9424
