% fevals/dim | frac | F - F_opt (-222.98) | best fitness | fevals
0.05 0.06557377049180328 2399.821683200123 2176.841683200123 1
2.65 0.06557377049180328 1944.0743138073067 1721.0943138073067 53
11.45 0.06557377049180328 1736.7380101857543 1513.7580101857543 229
13.8 0.06557377049180328 1636.5013593893304 1413.5213593893304 276
19.3 0.06557377049180328 1592.1792026223168 1369.1992026223168 386
23.4 0.08196721311475409 1496.8577598053557 1273.8777598053557 468
27.4 0.08196721311475409 1489.2384619326244 1266.2584619326244 548
30.65 0.08196721311475409 1477.5354908144793 1254.5554908144793 613
34.45 0.08196721311475409 1315.9264846337828 1092.9464846337828 689
43.3 0.08196721311475409 1257.6911195343732 1034.7111195343732 866
48.3 0.08196721311475409 1250.6494988372747 1027.6694988372747 966
55.0 0.08196721311475409 1167.473996627473 944.493996627473 1100
105.4 0.08196721311475409 1158.3770044862638 935.3970044862638 2108
141.25 0.08196721311475409 1105.508618270749 882.5286182707489 2825
251.7 0.08196721311475409 1099.3852431938776 876.4052431938776 5034
258.95 0.08196721311475409 1089.174626178752 866.1946261787521 5179
262.3 0.08196721311475409 1087.4377539658042 864.4577539658042 5246
375.05 0.08196721311475409 1083.9297726106956 860.9497726106956 7501
384.6 0.08196721311475409 1071.8155988231674 848.8355988231674 7692
393.15 0.08196721311475409 1049.92085153144 826.9408515314399 7863
431.9 0.08196721311475409 1027.7340999747942 804.7540999747941 8638
453.65 0.09836065573770492 997.8702236310783 774.8902236310782 9073
