% fevals/dim | frac | F - F_opt (-20.33) | best fitness | fevals
0.05 0.0 2520617.3761358913 2520597.046135891 1
2.25 0.04918032786885246 3646.646841395185 3626.3168413951853 45
7.3 0.09836065573770492 738.6538338747919 718.3238338747918 146
13.0 0.11475409836065574 424.0920484344344 403.7620484344344 260
26.8 0.14754098360655737 173.0043546365497 152.6743546365497 536
51.35 0.14754098360655737 168.7629550690683 148.43295506906833 1027
68.5 0.14754098360655737 161.17841937766445 140.84841937766447 1370
250.7 0.16393442622950818 148.22061432463315 127.89061432463315 5014
255.6 0.16393442622950818 140.35301440535892 120.02301440535892 5112
425.2 0.16393442622950818 111.95263729871382 91.62263729871383 8504
