% fevals/dim | frac | F - F_opt (-20.33) | best fitness | fevals
0.05 0.0 2520617.3761358913 2520597.046135891 1
2.25 0.04918032786885246 3646.646841395185 3626.3168413951853 45
6.8 0.09836065573770492 825.7983055346522 805.4683055346521 136
10.85 0.13114754098360656 290.8983452062125 270.56834520621254 217
31.35 0.14754098360655737 199.11108471707553 178.78108471707554 627
54.6 0.14754098360655737 173.17826036156634 152.84826036156636 1092
83.7 0.16393442622950818 152.9769893609856 132.64698936098563 1674
195.45 0.16393442622950818 143.794173144323 123.464173144323 3909
303.35 0.16393442622950818 141.6051018234901 121.27510182349009 6067
383.1 0.16393442622950818 137.87032557989346 117.54032557989346 7662
