% fevals/dim | frac | F - F_opt (-66.39) | best fitness | fevals
0.05 0.11475409836065574 399.2761284089512 332.8861284089512 1
2.65 0.14754098360655737 250.5561715230474 184.1661715230474 53
9.95 0.14754098360655737 242.38604352984447 175.99604352984448 199
14.75 0.14754098360655737 220.51944280166157 154.12944280166158 295
16.25 0.14754098360655737 183.7143952643419 117.3243952643419 325
24.75 0.16393442622950818 141.81333202227026 75.42333202227026 495
33.95 0.16393442622950818 139.11178974047243 72.72178974047243 679
36.4 0.16393442622950818 137.90934026287118 71.51934026287118 728
41.4 0.16393442622950818 125.1143275399707 58.7243275399707 828
48.95 0.18032786885245902 79.84822462654384 13.458224626543839 979
69.25 0.18032786885245902 75.03055653886422 8.640556538864217 1385
71.9 0.18032786885245902 68.7106286002057 2.320628600205694 1438
76.85 0.19672131147540983 61.810312907324075 -4.579687092675925 1537
84.3 0.19672131147540983 61.00995121949005 -5.380048780509952 1686
87.35 0.19672131147540983 57.310411874129166 -9.079588125870835 1747
99.35 0.19672131147540983 44.02826129841303 -22.361738701586972 1987
119.0 0.19672131147540983 42.05897091908139 -24.33102908091861 2380
126.4 0.21311475409836064 35.100262834372444 -31.289737165627557 2528
144.15 0.21311475409836064 33.85170200125861 -32.53829799874139 2883
153.1 0.21311475409836064 33.123626016288675 -33.266373983711325 3062
157.6 0.21311475409836064 29.44957166654394 -36.94042833345606 3152
163.8 0.22950819672131148 24.183825351050366 -42.206174648949634 3276
186.8 0.22950819672131148 21.816771739413433 -44.57322826058657 3736
192.3 0.22950819672131148 18.19985163611983 -48.19014836388017 3846
197.25 0.2459016393442623 15.692275861579319 -50.69772413842068 3945
215.5 0.2459016393442623 14.90951043448171 -51.48048956551829 4310
239.5 0.2459016393442623 13.341189669592708 -53.04881033040729 4790
257.75 0.2459016393442623 10.080694968285037 -56.30930503171496 5155
292.9 0.26229508196721313 9.584877858527705 -56.805122141472296 5858
310.75 0.26229508196721313 7.515739777412911 -58.87426022258709 6215
319.45 0.2786885245901639 5.655805667941834 -60.734194332058166 6389
334.9 0.2786885245901639 5.446601696298124 -60.943398303701876 6698
362.15 0.29508196721311475 3.822824957109404 -62.5671750428906 7243
402.1 0.29508196721311475 2.548549971406267 -63.841450028593734 8042
449.75 0.3114754098360656 2.27427498570313 -64.11572501429687 8995
458.55 0.32786885245901637 1.27427498570313 -65.11572501429687 9171
474.2 0.3442622950819672 1.0 -65.39 9484
488.05 1.0 0.0 -66.39 9761
