% fevals/dim | frac | F - F_opt (-66.39) | best fitness | fevals
0.05 0.11475409836065574 399.2761284089512 332.8861284089512 1
2.65 0.14754098360655737 250.5561715230474 184.1661715230474 53
6.85 0.14754098360655737 241.80831655187467 175.41831655187468 137
10.6 0.14754098360655737 172.47907198033406 106.08907198033405 212
23.2 0.14754098360655737 168.28936208397073 101.89936208397073 464
34.45 0.14754098360655737 163.43304944149634 97.04304944149634 689
38.65 0.16393442622950818 158.36707172812777 91.97707172812777 773
42.5 0.16393442622950818 137.0017122196779 70.6117122196779 850
49.25 0.16393442622950818 135.86790025007332 69.47790025007332 985
50.9 0.16393442622950818 114.81929903627818 48.42929903627818 1018
54.85 0.16393442622950818 108.89676733656196 42.506767336561964 1097
60.8 0.18032786885245902 92.01233501261413 25.62233501261413 1216
65.8 0.18032786885245902 80.84055956125428 14.45055956125428 1316
69.25 0.18032786885245902 79.99329655915228 13.603296559152284 1385
72.5 0.18032786885245902 73.62930471600805 7.23930471600805 1450
76.7 0.18032786885245902 63.13219661391393 -3.257803386086067 1534
83.55 0.19672131147540983 61.14096461019707 -5.249035389802934 1671
84.85 0.19672131147540983 47.77826698346202 -18.611733016537983 1697
91.25 0.21311475409836064 35.36942395063973 -31.020576049360272 1825
95.45 0.21311475409836064 31.088091551920336 -35.301908448079665 1909
108.1 0.21311475409836064 29.834229725575952 -36.55577027442405 2162
109.55 0.21311475409836064 26.450731182572163 -39.93926881742784 2191
113.75 0.21311475409836064 25.798019081324455 -40.591980918675546 2275
120.7 0.22950819672131148 21.210834338125878 -45.17916566187412 2414
129.05 0.22950819672131148 17.822460574824234 -48.56753942517577 2581
135.3 0.2459016393442623 12.879751427706196 -53.510248572293804 2706
139.35 0.26229508196721313 8.844065142074726 -57.545934857925275 2787
147.35 0.2786885245901639 6.27427498570313 -60.11572501429687 2947
152.55 0.2786885245901639 4.260427637919079 -62.12957236208092 3051
165.3 0.3442622950819672 1.0 -65.39 3306
194.7 1.0 0.0 -66.39 3894
