% fevals/dim | frac | F - F_opt (-20.33) | best fitness | fevals
0.05 0.0 2520617.3761358913 2520597.046135891 1
2.25 0.04918032786885246 3646.646841395185 3626.3168413951853 45
4.1 0.04918032786885246 2911.6271695699447 2891.297169569945 82
11.1 0.08196721311475409 1352.3303124134286 1332.0003124134287 222
17.2 0.14754098360655737 242.0062014902191 221.6762014902191 344
28.15 0.14754098360655737 234.93656874533076 214.60656874533078 563
45.15 0.14754098360655737 193.75912015686782 173.42912015686784 903
50.5 0.14754098360655737 191.81173837854573 171.48173837854574 1010
56.25 0.16393442622950818 147.91492607523546 127.58492607523546 1125
128.65 0.16393442622950818 136.63718324138512 116.30718324138512 2573
474.75 0.16393442622950818 126.3118919809014 105.9818919809014 9495
