% fevals/dim | frac | F - F_opt (-222.98) | best fitness | fevals
0.05 0.06557377049180328 2399.821683200123 2176.841683200123 1
2.65 0.06557377049180328 1944.0743138073067 1721.0943138073067 53
8.15 0.08196721311475409 1580.2170968567298 1357.2370968567297 163
16.4 0.08196721311475409 1555.456017902196 1332.476017902196 328
45.65 0.08196721311475409 1417.6128267187103 1194.6328267187102 913
53.9 0.08196721311475409 1364.5662271542003 1141.5862271542003 1078
67.65 0.08196721311475409 1341.0671494374228 1118.0871494374228 1353
73.1 0.08196721311475409 1324.153461283311 1101.1734612833109 1462
74.65 0.08196721311475409 1274.6689473387469 1051.6889473387469 1493
79.0 0.08196721311475409 1258.70188032176 1035.72188032176 1580
81.35 0.08196721311475409 1108.4569774099539 885.4769774099539 1627
84.1 0.08196721311475409 1106.532682759755 883.552682759755 1682
96.65 0.08196721311475409 1048.6620005091881 825.6820005091881 1933
115.9 0.08196721311475409 1039.611767716314 816.631767716314 2318
118.9 0.09836065573770492 984.0109553310532 761.0309553310532 2378
121.55 0.09836065573770492 934.0463715674147 711.0663715674146 2431
127.05 0.09836065573770492 889.4151187337043 666.4351187337043 2541
132.55 0.09836065573770492 843.2824483399459 620.3024483399458 2651
135.3 0.09836065573770492 805.9707934375735 582.9907934375735 2706
158.4 0.09836065573770492 787.4080260364228 564.4280260364228 3168
161.15 0.09836065573770492 780.2078173122401 557.2278173122401 3223
165.55 0.09836065573770492 740.3627055370565 517.3827055370565 3311
176.6 0.09836065573770492 716.3564040359407 493.3764040359407 3532
183.6 0.11475409836065574 610.485830839554 387.50583083955394 3672
186.35 0.11475409836065574 594.6623846412457 371.6823846412457 3727
209.55 0.11475409836065574 548.1361447842596 325.1561447842596 4191
217.8 0.11475409836065574 529.2703039960988 306.2903039960988 4356
247.05 0.11475409836065574 495.02398132705423 272.0439813270542 4941
258.05 0.11475409836065574 478.9466565686988 255.96665656869882 5161
291.05 0.11475409836065574 428.2738823670709 205.2938823670709 5821
293.6 0.11475409836065574 416.95734777791955 193.97734777791956 5872
307.35 0.11475409836065574 414.4180050089321 191.4380050089321 6147
310.1 0.13114754098360656 359.65042293991013 136.67042293991014 6202
415.85 0.13114754098360656 312.06882995494425 89.08882995494426 8317
472.2 0.13114754098360656 288.3277173593625 65.34771735936252 9444
479.45 0.13114754098360656 285.73040724821095 62.75040724821096 9589
487.7 0.13114754098360656 279.22132456168765 56.24132456168766 9754
