% fevals/dim | frac | F - F_opt (47.39) | best fitness | fevals
0.05 0.2459016393442623 14.407515094193322 61.79751509419332 1
0.05 0.2459016393442623 14.407515094193322 61.79751509419332 1
9.25 0.2459016393442623 10.254660055763878 57.64466005576388 185
19.45 0.26229508196721313 9.855974739577874 57.245974739577875 389
30.4 0.2786885245901639 6.259108021736424 53.649108021736424 608
132.95 0.2786885245901639 6.108498662999857 53.49849866299986 2659
141.65 0.2786885245901639 5.932123910533704 53.322123910533705 2833
170.55 0.2786885245901639 5.711489112033213 53.101489112033214 3411
203.9 0.2786885245901639 5.274229051923669 52.66422905192367 4078
288.75 0.2786885245901639 4.840336631289404 52.230336631289404 5775
