% fevals/dim | frac | F - F_opt (-66.39) | best fitness | fevals
0.05 0.11475409836065574 399.2761284089512 332.8861284089512 1
2.65 0.14754098360655737 250.5561715230474 184.1661715230474 53
9.85 0.14754098360655737 245.68455135046275 179.29455135046277 197
15.55 0.14754098360655737 225.77878822905546 159.38878822905548 311
17.75 0.14754098360655737 187.28135887784484 120.89135887784484 355
23.45 0.14754098360655737 169.85288914143172 103.46288914143172 469
29.15 0.14754098360655737 163.20612860918837 96.81612860918837 583
44.2 0.16393442622950818 116.86008875651174 50.47008875651174 884
49.9 0.16393442622950818 112.44528742659276 46.055287426592756 998
61.55 0.16393442622950818 100.91233956186684 34.52233956186684 1231
67.0 0.18032786885245902 98.107984011269 31.717984011268996 1340
70.0 0.18032786885245902 89.97994710069557 23.589947100695568 1400
75.25 0.18032786885245902 88.69155292817283 22.301552928172825 1505
80.4 0.19672131147540983 57.08562743135229 -9.304372568647707 1608
90.05 0.21311475409836064 33.72787734593565 -32.66212265406435 1801
126.05 0.22950819672131148 23.65271158357738 -42.73728841642262 2521
135.4 0.22950819672131148 19.54136582442706 -46.84863417557294 2708
141.2 0.2459016393442623 13.642918204791812 -52.74708179520819 2824
146.9 0.26229508196721313 8.217468456810217 -58.172531543189784 2938
184.95 0.26229508196721313 8.029416433483028 -58.36058356651697 3699
197.15 0.2786885245901639 4.315349664862985 -62.074650335137015 3943
210.75 0.29508196721311475 2.636650898730359 -63.75334910126964 4215
220.15 1.0 0.0 -66.39 4403
