% fevals/dim | frac | F - F_opt (-66.39) | best fitness | fevals
0.05 0.11475409836065574 399.2761284089512 332.8861284089512 1
2.65 0.14754098360655737 250.5561715230474 184.1661715230474 53
6.55 0.14754098360655737 234.26002324703092 167.87002324703093 131
12.9 0.14754098360655737 205.44359027145475 139.05359027145477 258
16.65 0.14754098360655737 189.3213628913101 122.93136289131009 333
22.0 0.14754098360655737 159.429702513619 93.03970251361899 440
32.8 0.16393442622950818 149.16554957868183 82.77554957868183 656
41.9 0.16393442622950818 139.21315218436933 72.82315218436933 838
44.75 0.16393442622950818 116.66096668026898 50.270966680268984 895
60.95 0.16393442622950818 100.20846873220333 33.81846873220333 1219
66.95 0.18032786885245902 90.40022984515095 24.010229845150945 1339
78.75 0.18032786885245902 89.21247241544927 22.82247241544927 1575
83.6 0.18032786885245902 84.12845850126038 17.738458501260382 1672
89.95 0.18032786885245902 75.27123373364827 8.881233733648273 1799
94.95 0.18032786885245902 67.8464663434401 1.4564663434400984 1899
106.4 0.18032786885245902 65.01622302627203 -1.3737769737279706 2128
114.95 0.19672131147540983 54.58185960041157 -11.808140399588432 2299
125.85 0.19672131147540983 49.63305519741512 -16.756944802584883 2517
131.85 0.19672131147540983 49.4982000013467 -16.891799998653298 2637
137.1 0.19672131147540983 45.964482311568624 -20.425517688431377 2742
154.95 0.21311475409836064 33.19146284569641 -33.198537154303594 3099
169.45 0.21311475409836064 31.15074290486539 -35.23925709513461 3389
181.15 0.21311475409836064 27.816159224879513 -38.57384077512049 3623
203.0 0.22950819672131148 24.810494158437237 -41.579505841562764 4060
244.05 0.22950819672131148 21.37524532059694 -45.01475467940306 4881
271.5 0.22950819672131148 18.572644096493725 -47.817355903506275 5430
331.8 0.22950819672131148 16.868501277345977 -49.52149872265402 6636
347.9 0.2459016393442623 14.948867357305005 -51.441132642694996 6958
429.15 0.2459016393442623 13.11588664647256 -53.27411335352744 8583
