% fevals/dim | frac | F - F_opt (-20.33) | best fitness | fevals
0.05 0.0 2520617.3761358913 2520597.046135891 1
2.25 0.04918032786885246 3646.646841395185 3626.3168413951853 45
5.75 0.11475409836065574 537.0164526439556 516.6864526439556 115
15.75 0.13114754098360656 341.51762956632285 321.18762956632287 315
18.85 0.13114754098360656 340.533861226215 320.203861226215 377
59.0 0.13114754098360656 330.0313555013961 309.7013555013961 1180
66.4 0.13114754098360656 267.17466281407536 246.84466281407538 1328
71.1 0.14754098360655737 223.383045991046 203.05304599104602 1422
78.3 0.14754098360655737 191.26633773739468 170.9363377373947 1566
224.85 0.14754098360655737 170.35370477277542 150.02370477277543 4497
336.35 0.16393442622950818 153.2764849477445 132.94648494774452 6727
