% fevals/dim | frac | F - F_opt (40.66) | best fitness | fevals
0.05 0.09836065573770492 813.9802044710219 854.6402044710219 1
2.35 0.11475409836065574 584.6007645872203 625.2607645872203 47
237.55 0.11475409836065574 448.72368590022313 489.3836859002231 4751
285.1 0.11475409836065574 444.9443017378263 485.6043017378263 5702
334.65 0.11475409836065574 443.6516341399806 484.3116341399806 6693
395.85 0.11475409836065574 439.0564601554953 479.71646015549527 7917
420.35 0.11475409836065574 409.41621510552613 450.0762151055261 8407
429.0 0.11475409836065574 407.7749424121488 448.43494241214876 8580
453.55 0.11475409836065574 401.0455254819325 441.70552548193245 9071
490.8 0.13114754098360656 394.5926495535866 435.2526495535866 9816
