% fevals/dim | frac | F - F_opt (273.15) | best fitness | fevals
0.05 0.14754098360655737 217.8320510932524 490.9820510932524 1
1.15 0.18032786885245902 70.35390303108818 343.50390303108816 23
5.75 0.18032786885245902 70.11404546047902 343.264045460479 115
8.65 0.19672131147540983 52.05259200109322 325.2025920010932 173
9.85 0.19672131147540983 44.50924497224946 317.65924497224944 197
15.5 0.21311475409836064 37.03403503560844 310.1840350356084 310
28.1 0.21311475409836064 30.390130389609396 303.5401303896094 562
34.65 0.22950819672131148 21.390807722361785 294.54080772236176 693
42.55 0.22950819672131148 17.15516473103753 290.3051647310375 851
71.9 0.2459016393442623 15.445109321787527 288.5951093217875 1438
83.95 0.2459016393442623 12.426369508642665 285.57636950864264 1679
195.65 0.2459016393442623 12.123185404498486 285.27318540449846 3913
445.2 0.2459016393442623 11.483183979707064 284.63318397970704 8904
464.65 0.2459016393442623 11.478857249980365 284.62885724998034 9293
