% fevals/dim | frac | F - F_opt (-99.25) | best fitness | fevals
0.05 0.19672131147540983 54.46286567634892 -44.78713432365108 1
2.15 0.19672131147540983 51.78594307569595 -47.46405692430405 43
4.25 0.21311475409836064 25.233615635294996 -74.016384364705 85
22.05 0.22950819672131148 20.865561353087912 -78.38443864691209 441
35.05 0.22950819672131148 16.72080580267891 -82.52919419732109 701
37.4 0.2459016393442623 13.921113018737259 -85.32888698126274 748
71.1 0.2459016393442623 12.764598874881685 -86.48540112511832 1422
77.7 0.2459016393442623 11.21703516681103 -88.03296483318897 1554
92.7 0.2459016393442623 10.228902359493532 -89.02109764050647 1854
96.05 0.26229508196721313 6.766467591777399 -92.4835324082226 1921
143.4 0.26229508196721313 6.46569793577757 -92.78430206422243 2868
153.25 0.2786885245901639 5.9510522481047445 -93.29894775189526 3065
166.0 0.2786885245901639 5.028090065068554 -94.22190993493145 3320
173.55 0.29508196721311475 3.73413757044149 -95.51586242955851 3471
302.3 0.29508196721311475 3.5728988285465704 -95.67710117145343 6046
306.1 0.29508196721311475 3.405458714708402 -95.8445412852916 6122
311.7 0.29508196721311475 3.239639184724709 -96.01036081527529 6234
357.9 0.29508196721311475 2.9737184472385394 -96.27628155276146 7158
386.3 0.29508196721311475 2.907664731996263 -96.34233526800374 7726
395.6 0.29508196721311475 2.684722441199696 -96.5652775588003 7912
424.65 0.29508196721311475 2.632547881660088 -96.61745211833991 8493
472.3 0.3114754098360656 2.4078612983896903 -96.84213870161031 9446
