% fevals/dim | frac | F - F_opt (-222.98) | best fitness | fevals
0.05 0.06557377049180328 2399.821683200123 2176.841683200123 1
2.65 0.06557377049180328 1944.0743138073067 1721.0943138073067 53
20.55 0.06557377049180328 1746.851582319711 1523.871582319711 411
34.35 0.08196721311475409 1413.6810847777126 1190.7010847777126 687
51.55 0.08196721311475409 1366.9386762281076 1143.9586762281076 1031
60.75 0.08196721311475409 1335.097000011187 1112.117000011187 1215
110.35 0.08196721311475409 1262.5840584124385 1039.6040584124385 2207
114.95 0.08196721311475409 1207.823827698038 984.843827698038 2299
118.0 0.08196721311475409 1125.7538921738644 902.7738921738644 2360
128.25 0.08196721311475409 1105.977122873838 882.997122873838 2565
132.85 0.08196721311475409 1101.8465987648333 878.8665987648333 2657
146.35 0.08196721311475409 1060.2850611306103 837.3050611306103 2927
192.65 0.08196721311475409 1029.6531787660924 806.6731787660924 3853
193.75 0.09836065573770492 985.531120869846 762.5511208698459 3875
198.75 0.09836065573770492 981.6626583083698 758.6826583083698 3975
212.15 0.09836065573770492 833.2838295178437 610.3038295178437 4243
216.75 0.09836065573770492 799.9082650590633 576.9282650590633 4335
251.25 0.09836065573770492 781.4519500075116 558.4719500075116 5025
278.85 0.09836065573770492 689.6425546664999 466.6625546664999 5577
329.45 0.09836065573770492 662.1919367463828 439.2119367463828 6589
348.65 0.09836065573770492 661.1355420294587 438.15554202945873 6973
393.85 0.11475409836065574 619.2208415213557 396.2408415213557 7877
440.15 0.11475409836065574 587.236160136585 364.256160136585 8803
450.1 0.11475409836065574 585.3928848515617 362.41288485156167 9002
451.8 0.11475409836065574 563.7227248481647 340.7427248481647 9036
471.6 0.11475409836065574 552.8905298826288 329.9105298826288 9432
477.25 0.11475409836065574 531.0841342249716 308.10413422497163 9545
