% fevals/dim | frac | F - F_opt (273.15) | best fitness | fevals
0.05 0.14754098360655737 217.8320510932524 490.9820510932524 1
1.15 0.18032786885245902 70.35390303108818 343.50390303108816 23
4.45 0.19672131147540983 58.5105815680987 331.6605815680987 89
10.95 0.19672131147540983 50.33676594425657 323.48676594425655 219
18.45 0.21311475409836064 37.77535118439846 310.92535118439844 369
58.2 0.21311475409836064 34.68933887026452 307.8393388702645 1164
60.6 0.21311475409836064 33.029872555942404 306.1798725559424 1212
67.1 0.21311475409836064 32.5965780991026 305.7465780991026 1342
71.6 0.22950819672131148 24.900690763421892 298.05069076342187 1432
74.85 0.22950819672131148 24.380417174763465 297.53041717476344 1497
96.35 0.22950819672131148 20.73253049070661 293.8825304907066 1927
123.2 0.22950819672131148 17.043495817086352 290.19349581708633 2464
162.2 0.2459016393442623 15.08943040060933 288.2394304006093 3244
178.45 0.2459016393442623 13.540247509904418 286.6902475099044 3569
242.3 0.2459016393442623 12.858438956172904 286.0084389561729 4846
257.2 0.2459016393442623 10.60677575732467 283.75677575732465 5144
279.6 0.26229508196721313 9.907660300115424 283.0576603001154 5592
372.5 0.26229508196721313 8.794364953226875 281.94436495322685 7450
429.45 0.26229508196721313 8.610943760951102 281.7609437609511 8589
