% fevals/dim | frac | F - F_opt (-222.98) | best fitness | fevals
0.05 0.06557377049180328 2399.821683200123 2176.841683200123 1
2.65 0.06557377049180328 1944.0743138073067 1721.0943138073067 53
8.45 0.06557377049180328 1890.2654027620656 1667.2854027620656 169
11.15 0.08196721311475409 1581.9085233456403 1358.9285233456403 223
22.95 0.08196721311475409 1535.776623964797 1312.796623964797 459
24.55 0.08196721311475409 1460.8888493180618 1237.9088493180618 491
38.4 0.08196721311475409 1421.8888717022623 1198.9088717022623 768
43.4 0.08196721311475409 1362.1157565952872 1139.1357565952871 868
45.95 0.08196721311475409 1202.438288405922 979.4582884059221 919
52.4 0.08196721311475409 1163.2730441840745 940.2930441840745 1048
58.2 0.08196721311475409 1123.6512745452005 900.6712745452005 1164
62.2 0.08196721311475409 1113.2631754195222 890.2831754195222 1244
75.15 0.08196721311475409 1065.7189214337034 842.7389214337034 1503
85.4 0.09836065573770492 972.9756193013037 749.9956193013037 1708
91.2 0.09836065573770492 970.1745248395416 747.1945248395416 1824
105.75 0.09836065573770492 938.7537234361888 715.7737234361888 2115
112.9 0.09836065573770492 916.8880049500241 693.9080049500241 2258
134.95 0.09836065573770492 907.574837979344 684.594837979344 2699
145.8 0.09836065573770492 892.1244559746192 669.1444559746192 2916
154.95 0.09836065573770492 830.1513617964057 607.1713617964057 3099
194.85 0.09836065573770492 780.9235298372894 557.9435298372894 3897
199.65 0.09836065573770492 774.8411546673061 551.8611546673061 3993
223.3 0.09836065573770492 761.6038801893505 538.6238801893505 4466
234.45 0.09836065573770492 728.8541545870967 505.87415458709665 4689
261.05 0.09836065573770492 715.0777970467993 492.0977970467993 5221
281.3 0.09836065573770492 684.0419919788759 461.0619919788759 5626
286.9 0.09836065573770492 665.3266936703598 442.34669367035974 5738
309.15 0.09836065573770492 633.1858765587115 410.20587655871145 6183
329.45 0.11475409836065574 617.0319718490657 394.0519718490657 6589
335.25 0.11475409836065574 595.7584848536125 372.77848485361244 6705
369.6 0.11475409836065574 587.2960684343378 364.3160684343378 7392
