% fevals/dim | frac | F - F_opt (273.15) | best fitness | fevals
0.05 0.14754098360655737 217.8320510932524 490.9820510932524 1
1.15 0.18032786885245902 70.35390303108818 343.50390303108816 23
13.3 0.19672131147540983 59.32740518826614 332.4774051882661 266
17.3 0.19672131147540983 52.15035637832801 325.300356378328 346
30.45 0.19672131147540983 42.526433518997294 315.67643351899727 609
57.7 0.21311475409836064 37.81080530023496 310.96080530023494 1154
66.45 0.21311475409836064 35.24811648082033 308.3981164808203 1329
81.1 0.21311475409836064 33.2794610122242 306.4294610122242 1622
108.85 0.22950819672131148 22.202132936792395 295.3521329367924 2177
140.3 0.22950819672131148 20.010907373625514 293.1609073736255 2806
150.4 0.22950819672131148 18.579377785561178 291.72937778556116 3008
247.8 0.22950819672131148 18.03944353256736 291.18944353256734 4956
256.05 0.22950819672131148 17.79562319543396 290.94562319543394 5121
264.5 0.22950819672131148 16.084861149287917 289.2348611492879 5290
350.8 0.2459016393442623 14.11118635623967 287.26118635623965 7016
361.65 0.2459016393442623 13.68734158504492 286.8373415850449 7233
379.8 0.2459016393442623 12.621803379865355 285.77180337986533 7596
395.6 0.2459016393442623 12.085241908311673 285.23524190831165 7912
471.2 0.2459016393442623 11.315629198522515 284.4656291985225 9424
484.0 0.26229508196721313 9.694179626750156 282.84417962675013 9680
