% fevals/dim | frac | F - F_opt (273.15) | best fitness | fevals
0.05 0.14754098360655737 217.8320510932524 490.9820510932524 1
1.15 0.18032786885245902 70.35390303108818 343.50390303108816 23
16.6 0.19672131147540983 46.225073389316435 319.3750733893164 332
21.5 0.19672131147540983 42.40037201528236 315.55037201528233 430
29.9 0.21311475409836064 38.49584081225345 311.6458408122534 598
33.65 0.21311475409836064 31.81202028545647 304.96202028545645 673
37.85 0.21311475409836064 30.887666216879097 304.0376662168791 757
50.45 0.21311475409836064 25.92058751060688 299.07058751060686 1009
67.15 0.22950819672131148 22.638600469184382 295.78860046918436 1343
71.7 0.22950819672131148 22.168550975242567 295.31855097524254 1434
100.95 0.22950819672131148 20.11846994989412 293.2684699498941 2019
113.35 0.22950819672131148 19.38941729970702 292.539417299707 2267
129.8 0.22950819672131148 18.256247539656272 291.40624753965625 2596
137.7 0.2459016393442623 15.57373192781796 288.72373192781794 2754
187.2 0.2459016393442623 14.359036678026484 287.50903667802646 3744
196.15 0.2459016393442623 13.482421820826517 286.6324218208265 3923
200.65 0.2459016393442623 13.127517465615824 286.2775174656158 4013
207.95 0.2459016393442623 13.059858204811007 286.209858204811 4159
212.55 0.2459016393442623 11.749045740906354 284.89904574090633 4251
256.2 0.2459016393442623 11.227502019849794 284.37750201984977 5124
273.0 0.2459016393442623 10.167003930531791 283.31700393053177 5460
302.5 0.2459016393442623 10.106496803152595 283.2564968031526 6050
312.2 0.26229508196721313 9.820397372825653 282.97039737282563 6244
330.55 0.26229508196721313 9.576626790112357 282.72662679011233 6611
344.55 0.26229508196721313 9.320478590541086 282.47047859054106 6891
350.15 0.26229508196721313 9.239655403866209 282.3896554038662 7003
358.8 0.26229508196721313 8.964099215316196 282.1140992153162 7176
376.8 0.26229508196721313 8.692615477345328 281.8426154773453 7536
388.8 0.26229508196721313 8.311092439645336 281.4610924396453 7776
431.4 0.26229508196721313 7.822899520355577 280.97289952035555 8628
447.45 0.26229508196721313 7.225639185334899 280.3756391853349 8949
