% fevals/dim | frac | F - F_opt (273.15) | best fitness | fevals
0.05 0.14754098360655737 217.8320510932524 490.9820510932524 1
1.15 0.18032786885245902 70.35390303108818 343.50390303108816 23
10.3 0.18032786885245902 68.56649284101337 341.71649284101335 206
15.5 0.18032786885245902 63.75103687223401 336.901036872234 310
19.45 0.19672131147540983 59.65018830086581 332.8001883008658 389
21.6 0.21311475409836064 36.32896536123366 309.47896536123363 432
49.5 0.21311475409836064 30.847258486644364 303.99725848664434 990
55.6 0.22950819672131148 21.87728565983241 295.0272856598324 1112
111.75 0.22950819672131148 20.012302866016512 293.1623028660165 2235
136.2 0.22950819672131148 18.60289979688298 291.75289979688296 2724
149.35 0.2459016393442623 15.666052927636258 288.81605292763624 2987
154.5 0.2459016393442623 15.041888622369072 288.19188862236905 3090
162.55 0.2459016393442623 14.19128853492822 287.3412885349282 3251
196.1 0.2459016393442623 12.760241430215387 285.91024143021536 3922
219.7 0.2459016393442623 12.164923248569494 285.31492324856947 4394
248.35 0.2459016393442623 12.043663718705261 285.19366371870524 4967
292.9 0.2459016393442623 11.631872236932509 284.7818722369325 5858
312.3 0.26229508196721313 9.678133073643153 282.82813307364313 6246
370.65 0.26229508196721313 9.303880818586777 282.45388081858675 7413
395.05 0.26229508196721313 8.763926931690207 281.9139269316902 7901
429.15 0.26229508196721313 8.40817271012736 281.55817271012734 8583
485.0 0.26229508196721313 7.578648715762029 280.728648715762 9700
