% fevals/dim | frac | F - F_opt (-99.25) | best fitness | fevals
0.05 0.19672131147540983 54.46286567634892 -44.78713432365108 1
4.7 0.19672131147540983 44.93797944770332 -54.31202055229668 94
8.4 0.21311475409836064 31.579806513605547 -67.67019348639445 168
19.6 0.21311475409836064 29.508081861864298 -69.7419181381357 392
24.3 0.2459016393442623 15.041211676754074 -84.20878832324593 486
85.05 0.2459016393442623 11.497942315933471 -87.75205768406653 1701
106.3 0.26229508196721313 6.796290882379807 -92.45370911762019 2126
200.3 0.2786885245901639 5.867608887240735 -93.38239111275927 4006
267.2 0.2786885245901639 4.78169657953211 -94.46830342046789 5344
298.95 0.2786885245901639 4.3676084839910345 -94.88239151600897 5979
309.8 0.2786885245901639 4.14297963923687 -95.10702036076313 6196
317.3 0.29508196721311475 3.9765150446192337 -95.27348495538077 6346
327.85 0.29508196721311475 3.29437556999558 -95.95562443000442 6557
428.35 0.29508196721311475 2.9763099423617234 -96.27369005763828 8567
454.35 0.29508196721311475 2.9212202982420763 -96.32877970175792 9087
483.55 0.29508196721311475 2.738563217967055 -96.51143678203294 9671
