% fevals/dim | frac | F - F_opt (-222.98) | best fitness | fevals
0.05 0.06557377049180328 2399.821683200123 2176.841683200123 1
2.65 0.06557377049180328 1944.0743138073067 1721.0943138073067 53
10.45 0.06557377049180328 1877.6709113098004 1654.6909113098004 209
16.75 0.06557377049180328 1598.5545178104749 1375.5745178104748 335
24.35 0.08196721311475409 1488.533235805295 1265.553235805295 487
46.65 0.08196721311475409 1249.4920468000412 1026.5120468000412 933
52.0 0.08196721311475409 1161.6088587186593 938.6288587186593 1040
61.85 0.08196721311475409 1131.7099167947008 908.7299167947008 1237
65.15 0.08196721311475409 1029.194032712409 806.2140327124089 1303
72.95 0.08196721311475409 1028.275581945247 805.295581945247 1459
83.45 0.09836065573770492 961.581128846659 738.601128846659 1669
87.7 0.09836065573770492 919.1970588512688 696.2170588512688 1754
91.6 0.09836065573770492 850.3222269920716 627.3422269920716 1832
101.15 0.09836065573770492 793.0966395340881 570.1166395340881 2023
110.65 0.09836065573770492 783.5373935861197 560.5573935861197 2213
129.55 0.09836065573770492 758.2832837853524 535.3032837853524 2591
134.65 0.09836065573770492 645.2403639230567 422.26036392305673 2693
177.55 0.11475409836065574 617.0754098772229 394.0954098772229 3551
189.25 0.11475409836065574 609.3398722898256 386.3598722898256 3785
204.75 0.11475409836065574 469.21145636380004 246.23145636380005 4095
238.85 0.11475409836065574 411.52499653762993 188.54499653762994 4777
277.85 0.11475409836065574 400.50871074427283 177.52871074427284 5557
301.05 0.13114754098360656 397.5371856137677 174.5571856137677 6021
305.15 0.13114754098360656 379.59793834695574 156.61793834695575 6103
310.0 0.13114754098360656 354.7429348386315 131.76293483863154 6200
317.8 0.13114754098360656 334.10586395530066 111.12586395530067 6356
390.35 0.13114754098360656 302.18865911561056 79.20865911561057 7807
