% fevals/dim | frac | F - F_opt (32.7) | best fitness | fevals
0.05 0.18032786885245902 87.29032794448968 119.99032794448968 1
3.25 0.21311475409836064 37.767588804403104 70.4675888044031 65
13.65 0.22950819672131148 18.732694267246913 51.432694267246916 273
37.6 0.2459016393442623 15.601641040368321 48.301641040368324 752
62.2 0.2459016393442623 11.911774055168415 44.61177405516842 1244
71.1 0.2459016393442623 10.647559632428326 43.34755963242833 1422
73.65 0.26229508196721313 9.691244701720208 42.39124470172021 1473
94.85 0.26229508196721313 8.101535511483675 40.80153551148368 1897
116.65 0.26229508196721313 6.50841039929832 39.20841039929832 2333
135.3 0.26229508196721313 6.472748521439222 39.172748521439225 2706
140.55 0.2786885245901639 5.474742041313135 38.17474204131314 2811
184.9 0.2786885245901639 5.291373261189001 37.991373261189004 3698
207.75 0.2786885245901639 4.895861687078849 37.59586168707885 4155
234.4 0.2786885245901639 4.4406716879604105 37.14067168796041 4688
279.25 0.2786885245901639 4.405377510201248 37.10537751020125 5585
314.2 0.2786885245901639 4.288029914649876 36.98802991464988 6284
341.35 0.2786885245901639 4.274849285594293 36.974849285594296 6827
399.75 0.2786885245901639 4.029194982981487 36.72919498298149 7995
449.6 0.29508196721311475 3.780443441623909 36.48044344162391 8992
457.1 0.29508196721311475 3.707720847430892 36.407720847430895 9142
482.0 0.29508196721311475 3.4038566181856 36.1038566181856 9640
