% fevals/dim | frac | F - F_opt (99.53) | best fitness | fevals
0.05 0.11475409836065574 399.2761284089512 498.80612840895117 1
0.95 0.14754098360655737 185.55449481607056 285.08449481607056 19
157.4 0.14754098360655737 184.1322943038467 283.6622943038467 3148
196.75 0.14754098360655737 177.1575490573713 276.6875490573713 3935
267.4 0.14754098360655737 177.0334154618275 276.5634154618275 5348
271.25 0.14754098360655737 176.03656471584756 275.56656471584756 5425
290.15 0.14754098360655737 172.79497326574355 272.32497326574355 5803
308.2 0.14754098360655737 172.25532262500914 271.78532262500914 6164
331.0 0.14754098360655737 171.4917770099647 271.0217770099647 6620
343.25 0.14754098360655737 163.8918377569557 263.4218377569557 6865
400.4 0.14754098360655737 163.13061072313255 262.66061072313255 8008
431.4 0.14754098360655737 161.14616523993865 260.67616523993865 8628
446.45 0.14754098360655737 158.70630813362496 258.23630813362496 8929
467.15 0.16393442622950818 157.41624500080636 256.94624500080636 9343
