% fevals/dim | frac | F - F_opt (-222.98) | best fitness | fevals
0.05 0.06557377049180328 2399.821683200123 2176.841683200123 1
2.65 0.06557377049180328 1944.0743138073067 1721.0943138073067 53
9.75 0.06557377049180328 1889.1643861544019 1666.1843861544019 195
12.75 0.06557377049180328 1626.6885590728189 1403.7085590728188 255
17.2 0.08196721311475409 1514.2665865802037 1291.2865865802037 344
29.2 0.08196721311475409 1401.9946877718144 1179.0146877718144 584
34.85 0.08196721311475409 1268.665747301344 1045.685747301344 697
49.05 0.08196721311475409 1263.7875072280915 1040.8075072280915 981
51.9 0.08196721311475409 1179.9765731068055 956.9965731068055 1038
61.4 0.08196721311475409 1152.4401954490893 929.4601954490893 1228
63.35 0.08196721311475409 1146.6285150682554 923.6485150682554 1267
71.25 0.08196721311475409 1133.9883385218031 911.0083385218031 1425
84.3 0.08196721311475409 1099.02380569834 876.0438056983401 1686
102.0 0.08196721311475409 1046.3948021382848 823.4148021382848 2040
118.95 0.08196721311475409 1042.0113568278023 819.0313568278023 2379
132.6 0.08196721311475409 1023.5141022716371 800.534102271637 2652
167.5 0.08196721311475409 1001.4314317251069 778.4514317251069 3350
186.2 0.09836065573770492 969.0271517707479 746.0471517707479 3724
260.3 0.09836065573770492 956.2875629391137 733.3075629391137 5206
283.65 0.09836065573770492 949.6195983416959 726.6395983416959 5673
305.5 0.09836065573770492 931.1028609452026 708.1228609452025 6110
319.15 0.09836065573770492 899.0953994021967 676.1153994021967 6383
339.6 0.09836065573770492 890.968502140203 667.988502140203 6792
348.2 0.09836065573770492 868.4018944282652 645.4218944282652 6964
395.1 0.09836065573770492 863.6659469165904 640.6859469165904 7902
