% fevals/dim | frac | F - F_opt (40.66) | best fitness | fevals
0.05 0.09836065573770492 813.9802044710219 854.6402044710219 1
2.35 0.11475409836065574 584.6007645872203 625.2607645872203 47
17.2 0.11475409836065574 523.7967696171604 564.4567696171604 344
22.75 0.11475409836065574 491.9400850142622 532.6000850142622 455
26.15 0.11475409836065574 489.12897263921207 529.788972639212 523
27.25 0.11475409836065574 438.87968316967226 479.53968316967223 545
33.4 0.11475409836065574 429.72705173112774 470.3870517311277 668
37.45 0.13114754098360656 380.63204988925656 421.29204988925653 749
40.85 0.13114754098360656 371.5406480790904 412.20064807909034 817
47.05 0.13114754098360656 349.95614142780585 390.6161414278058 941
58.65 0.13114754098360656 339.58404729240135 380.2440472924013 1173
67.45 0.13114754098360656 314.3842764798136 355.04427647981356 1349
72.8 0.13114754098360656 301.12765712941473 341.7876571294147 1456
77.45 0.13114754098360656 280.18864199399593 320.8486419939959 1549
94.45 0.13114754098360656 267.18570943517557 307.84570943517554 1889
108.05 0.13114754098360656 255.6307887384671 296.2907887384671 2161
125.15 0.14754098360655737 249.6610798381067 290.3210798381067 2503
126.1 0.14754098360655737 244.39240730839626 285.05240730839625 2522
131.2 0.14754098360655737 240.67795373288445 281.33795373288444 2624
144.2 0.14754098360655737 240.6526422653612 281.3126422653612 2884
149.0 0.14754098360655737 237.259019407843 277.919019407843 2980
149.7 0.14754098360655737 227.47090537343294 268.13090537343294 2994
162.6 0.14754098360655737 223.39905500950178 264.0590550095018 3252
172.1 0.14754098360655737 222.66767205503103 263.32767205503103 3442
185.05 0.14754098360655737 214.89148109501426 255.55148109501425 3701
198.6 0.14754098360655737 212.26438820232318 252.92438820232317 3972
212.55 0.14754098360655737 211.01627995369162 251.67627995369162 4251
220.5 0.14754098360655737 209.9968874930405 250.6568874930405 4410
227.3 0.14754098360655737 209.35484321621453 250.01484321621453 4546
237.5 0.14754098360655737 202.3523655883265 243.0123655883265 4750
272.6 0.14754098360655737 202.2016643230001 242.8616643230001 5452
280.85 0.14754098360655737 202.06639135680302 242.72639135680302 5617
289.15 0.14754098360655737 201.48607842843228 242.14607842843228 5783
305.65 0.14754098360655737 201.39859603654216 242.05859603654216 6113
363.95 0.14754098360655737 194.17187552558596 234.83187552558596 7279
371.85 0.14754098360655737 193.66510421495707 234.32510421495707 7437
384.4 0.14754098360655737 193.52983124875993 234.18983124875993 7688
