% fevals/dim | frac | F - F_opt (-66.39) | best fitness | fevals
0.05 0.11475409836065574 399.2761284089512 332.8861284089512 1
2.65 0.14754098360655737 250.5561715230474 184.1661715230474 53
4.4 0.14754098360655737 223.6364322820694 157.2464322820694 88
8.85 0.14754098360655737 200.493531198909 134.10353119890902 177
11.4 0.14754098360655737 200.14579903277343 133.75579903277344 228
14.65 0.14754098360655737 183.82352146774912 117.43352146774912 293
17.55 0.14754098360655737 163.157144396132 96.767144396132 351
21.95 0.16393442622950818 148.04140682239463 81.65140682239463 439
28.35 0.16393442622950818 147.65416522679723 81.26416522679723 567
32.3 0.16393442622950818 144.7588449966196 78.36884499661959 646
33.7 0.16393442622950818 141.44622612845868 75.05622612845868 674
36.05 0.16393442622950818 130.47401959490412 64.08401959490412 721
41.75 0.16393442622950818 128.67923532614924 62.28923532614924 835
47.85 0.16393442622950818 110.75077650180467 44.360776501804665 957
57.1 0.18032786885245902 92.85965963799833 26.469659637998333 1142
64.2 0.18032786885245902 91.8311679273731 25.4411679273731 1284
73.1 0.18032786885245902 89.15211201929591 22.762112019295913 1462
76.1 0.18032786885245902 87.36025327436656 20.970253274366556 1522
79.65 0.18032786885245902 78.68265378580341 12.29265378580341 1593
85.5 0.18032786885245902 76.85804962118459 10.46804962118459 1710
92.0 0.18032786885245902 69.27142177106805 2.881421771068048 1840
117.35 0.18032786885245902 63.951803688347404 -2.4381963116525966 2347
123.7 0.19672131147540983 58.692834966246785 -7.697165033753215 2474
130.2 0.19672131147540983 56.325468516516125 -10.064531483483876 2604
171.3 0.19672131147540983 55.035362150683824 -11.354637849316177 3426
186.0 0.19672131147540983 52.21971926750479 -14.170280732495208 3720
190.15 0.19672131147540983 51.974428167509664 -14.415571832490336 3803
212.85 0.19672131147540983 51.34797602098987 -15.042023979010132 4257
226.85 0.19672131147540983 45.97795898249552 -20.412041017504478 4537
300.0 0.19672131147540983 41.30651604431527 -25.083483955684727 6000
360.6 0.19672131147540983 41.03993265633994 -25.350067343660058 7212
362.55 0.21311475409836064 38.970794575225156 -27.419205424774844 7251
