% fevals/dim | frac | F - F_opt (-222.98) | best fitness | fevals
0.05 0.06557377049180328 2399.821683200123 2176.841683200123 1
2.65 0.06557377049180328 1944.0743138073067 1721.0943138073067 53
20.85 0.06557377049180328 1844.1253743608122 1621.1453743608122 417
24.95 0.08196721311475409 1555.3568718259046 1332.3768718259046 499
44.45 0.08196721311475409 1524.7438101789069 1301.7638101789069 889
52.2 0.08196721311475409 1504.6393180726027 1281.6593180726027 1044
56.3 0.08196721311475409 1453.4663639033083 1230.4863639033083 1126
66.35 0.08196721311475409 1194.733403711997 971.753403711997 1327
100.7 0.08196721311475409 1074.6193150357453 851.6393150357453 2014
116.2 0.08196721311475409 1057.6852883146398 834.7052883146398 2324
131.85 0.09836065573770492 900.9309711794111 677.9509711794111 2637
173.4 0.09836065573770492 756.3539761821289 533.3739761821289 3468
278.5 0.09836065573770492 676.0723367292929 453.0923367292929 5570
289.05 0.09836065573770492 654.4761543566759 431.4961543566759 5781
352.4 0.09836065573770492 639.5688946999994 416.5888946999994 7048
390.8 0.11475409836065574 516.9038792737543 293.9238792737543 7816
