% fevals/dim | frac | F - F_opt (273.15) | best fitness | fevals
0.05 0.14754098360655737 217.8320510932524 490.9820510932524 1
1.15 0.18032786885245902 70.35390303108818 343.50390303108816 23
5.4 0.19672131147540983 41.99578523127832 315.1457852312783 108
14.9 0.21311475409836064 39.74176377868798 312.89176377868796 298
21.5 0.21311475409836064 35.867431639844256 309.01743163984423 430
29.1 0.21311475409836064 30.217361637350166 303.36736163735014 582
32.75 0.22950819672131148 24.45591028212999 297.60591028212997 655
65.65 0.22950819672131148 24.405235506397332 297.5552355063973 1313
73.35 0.22950819672131148 22.239493132194127 295.3894931321941 1467
81.2 0.22950819672131148 22.031094042064353 295.18109404206433 1624
90.75 0.22950819672131148 21.506511050412826 294.6565110504128 1815
92.4 0.22950819672131148 17.920375153751138 291.0703751537511 1848
97.3 0.22950819672131148 16.65696784782432 289.8069678478243 1946
104.45 0.22950819672131148 16.34147331841973 289.4914733184197 2089
112.5 0.2459016393442623 14.164288797067059 287.31428879706704 2250
124.6 0.2459016393442623 10.693196626918848 283.8431966269188 2492
159.05 0.26229508196721313 9.268351538144032 282.418351538144 3181
271.65 0.26229508196721313 8.963154247024704 282.1131542470247 5433
413.85 0.26229508196721313 8.615397016588759 281.76539701658874 8277
