% fevals/dim | frac | F - F_opt (-99.25) | best fitness | fevals
0.05 0.19672131147540983 54.46286567634892 -44.78713432365108 1
2.15 0.19672131147540983 51.78594307569595 -47.46405692430405 43
7.55 0.19672131147540983 46.377504397916304 -52.872495602083696 151
11.4 0.21311475409836064 38.78452583791309 -60.46547416208691 228
15.25 0.21311475409836064 25.99129526224823 -73.25870473775177 305
30.75 0.22950819672131148 23.48680192261996 -75.76319807738004 615
46.05 0.22950819672131148 16.309892033754664 -82.94010796624534 921
52.2 0.2459016393442623 15.387130653535593 -83.86286934646441 1044
57.25 0.2459016393442623 15.382021154390188 -83.86797884560981 1145
61.6 0.2459016393442623 13.829038633222964 -85.42096136677704 1232
64.8 0.26229508196721313 9.887604622202616 -89.36239537779738 1296
90.7 0.26229508196721313 8.96601061233794 -90.28398938766206 1814
98.4 0.26229508196721313 8.195094650117994 -91.054905349882 1968
124.8 0.26229508196721313 7.067941278618491 -92.18205872138151 2496
138.4 0.26229508196721313 6.4198619063242575 -92.83013809367574 2768
142.25 0.2786885245901639 5.9005216567448 -93.3494783432552 2845
150.2 0.2786885245901639 4.203752140868119 -95.04624785913188 3004
157.9 0.29508196721311475 3.8307715243098244 -95.41922847569018 3158
194.65 0.29508196721311475 3.7890746448528887 -95.46092535514711 3893
200.45 0.29508196721311475 3.7231774450211077 -95.52682255497889 4009
212.85 0.29508196721311475 2.679077545890152 -96.57092245410985 4257
240.1 0.29508196721311475 2.5613159001533177 -96.68868409984668 4802
260.1 0.3114754098360656 2.4964003425542103 -96.75359965744579 5202
267.8 0.3114754098360656 2.467119146391042 -96.78288085360896 5356
276.45 0.3114754098360656 2.1436313779568934 -97.1063686220431 5529
290.75 0.3114754098360656 1.8882066425620252 -97.36179335743797 5815
306.2 0.3114754098360656 1.7414782634149617 -97.50852173658504 6124
310.05 0.32786885245901637 1.4662494676207132 -97.78375053237929 6201
365.7 0.32786885245901637 1.4389570179496616 -97.81104298205034 7314
365.85 0.32786885245901637 1.1992275432299948 -98.05077245677 7317
373.55 0.32786885245901637 1.0854086664086822 -98.16459133359132 7471
394.25 0.32786885245901637 1.0697011372121779 -98.18029886278782 7885
399.65 0.32786885245901637 1.0339485545783162 -98.21605144542168 7993
407.35 0.3442622950819672 0.8181912154727371 -98.43180878452726 8147
449.65 0.3442622950819672 0.8082021937280928 -98.44179780627191 8993
461.2 0.3442622950819672 0.6682132200603519 -98.58178677993965 9224
491.2 0.3442622950819672 0.6637410040449083 -98.58625899595509 9824
