% fevals/dim | frac | F - F_opt (-222.98) | best fitness | fevals
0.05 0.06557377049180328 2399.821683200123 2176.841683200123 1
2.65 0.06557377049180328 1944.0743138073067 1721.0943138073067 53
8.15 0.06557377049180328 1637.980533049942 1415.000533049942 163
18.3 0.08196721311475409 1501.7431640782659 1278.7631640782658 366
20.75 0.08196721311475409 1252.5706972197077 1029.5906972197076 415
22.5 0.08196721311475409 1095.2350927786706 872.2550927786706 450
35.1 0.08196721311475409 1034.3518110538873 811.3718110538873 702
38.2 0.09836065573770492 940.1434100029778 717.1634100029778 764
50.6 0.09836065573770492 911.4802065007464 688.5002065007463 1012
55.05 0.09836065573770492 864.7760983123162 641.7960983123162 1101
82.8 0.09836065573770492 862.0082427511426 639.0282427511426 1656
85.65 0.09836065573770492 853.3010596890576 630.3210596890576 1713
88.15 0.09836065573770492 774.6882888061854 551.7082888061854 1763
136.85 0.09836065573770492 764.8986129861934 541.9186129861934 2737
145.15 0.09836065573770492 761.5865097538857 538.6065097538857 2903
168.5 0.09836065573770492 761.4496390918505 538.4696390918505 3370
172.3 0.09836065573770492 745.8175613119419 522.8375613119418 3446
178.15 0.09836065573770492 743.958059690788 520.978059690788 3563
187.05 0.09836065573770492 707.801158440274 484.82115844027396 3741
211.85 0.09836065573770492 680.4322946930256 457.4522946930256 4237
290.55 0.09836065573770492 673.8430465489703 450.86304654897026 5811
328.65 0.09836065573770492 671.1891277112093 448.20912771120925 6573
341.5 0.09836065573770492 663.2010534093607 440.2210534093607 6830
344.65 0.11475409836065574 614.6957280264311 391.71572802643107 6893
397.5 0.11475409836065574 609.3393533606661 386.3593533606661 7950
410.5 0.11475409836065574 582.2597304677723 359.2797304677723 8210
430.5 0.11475409836065574 575.2308859285084 352.2508859285084 8610
450.0 0.11475409836065574 565.6778041676358 342.6978041676358 9000
