% fevals/dim | frac | F - F_opt (99.53) | best fitness | fevals
0.05 0.11475409836065574 399.2761284089512 498.80612840895117 1
0.95 0.14754098360655737 185.55449481607056 285.08449481607056 19
9.8 0.14754098360655737 173.58795128804215 273.11795128804215 196
16.15 0.14754098360655737 162.97065093488894 262.50065093488894 323
18.5 0.16393442622950818 119.0063172164009 218.5363172164009 370
26.35 0.16393442622950818 102.78708144841346 202.31708144841346 527
31.8 0.18032786885245902 97.1511812234439 196.6811812234439 636
34.75 0.18032786885245902 83.36360662394529 182.8936066239453 695
41.05 0.19672131147540983 62.05647845836731 161.5864784583673 821
43.3 0.19672131147540983 54.6622825988436 154.1922825988436 866
46.25 0.19672131147540983 48.74818037606511 148.2781803760651 925
48.5 0.19672131147540983 44.32276752170583 143.85276752170583 970
53.95 0.21311475409836064 38.41484752981384 137.94484752981384 1079
57.6 0.22950819672131148 17.222207250707584 116.75220725070758 1152
72.35 0.2459016393442623 10.069698773691542 109.59969877369154 1447
81.2 0.26229508196721313 7.192798997116213 106.72279899711621 1624
82.7 0.2786885245901639 4.500676515764042 104.03067651576404 1654
87.8 1.0 0.0 99.53 1756
