% fevals/dim | frac | F - F_opt (-223.12) | best fitness | fevals
0.05 0.22950819672131148 22.10043326114112 -201.01956673885888 1
1.45 0.26229508196721313 7.381580615404715 -215.7384193845953 29
3.95 0.26229508196721313 6.871014317232408 -216.2489856827676 79
7.75 0.2786885245901639 5.657903769930925 -217.46209623006908 155
16.6 0.2786885245901639 4.613373016233794 -218.5066269837662 332
43.2 0.29508196721311475 3.6292864268814924 -219.4907135731185 864
84.5 0.29508196721311475 3.5353410715839004 -219.5846589284161 1690
117.5 0.29508196721311475 3.161297371007578 -219.95870262899243 2350
232.7 0.29508196721311475 2.9018457745100648 -220.21815422548994 4654
254.3 0.29508196721311475 2.849374890275385 -220.27062510972462 5086
493.9 0.3114754098360656 2.4956834935937877 -220.62431650640622 9878
