% fevals/dim | frac | F - F_opt (32.7) | best fitness | fevals
0.05 0.18032786885245902 87.29032794448968 119.99032794448968 1
3.25 0.21311475409836064 37.767588804403104 70.4675888044031 65
7.25 0.21311475409836064 26.23671143421832 58.936711434218324 145
19.45 0.22950819672131148 22.58576950530818 55.28576950530818 389
22.25 0.22950819672131148 21.952467535279517 54.65246753527952 445
33.9 0.22950819672131148 16.767720121373372 49.467720121373375 678
52.4 0.26229508196721313 9.53012009929639 42.23012009929639 1048
131.6 0.26229508196721313 8.033588979486339 40.73358897948634 2632
139.2 0.26229508196721313 7.348447726930694 40.048447726930696 2784
152.25 0.26229508196721313 6.822422066785052 39.522422066785055 3045
175.25 0.26229508196721313 6.340064499642551 39.040064499642554 3505
179.4 0.2786885245901639 5.009090873963679 37.70909087396368 3588
191.9 0.2786885245901639 4.655719764002811 37.355719764002814 3838
212.55 0.2786885245901639 4.456962115856577 37.15696211585658 4251
225.2 0.2786885245901639 4.276590546280346 36.97659054628035 4504
239.6 0.29508196721311475 3.8544574780601835 36.554457478060186 4792
256.15 0.29508196721311475 3.792527759274698 36.4925277592747 5123
261.85 0.29508196721311475 3.473236263251536 36.17323626325154 5237
263.1 0.29508196721311475 2.7961474506267976 35.4961474506268 5262
267.4 0.3114754098360656 2.44373586356307 35.14373586356307 5348
316.95 0.3114754098360656 2.2493181778871403 34.94931817788714 6339
346.25 0.3114754098360656 1.722773247340264 34.42277324734027 6925
387.3 0.3114754098360656 1.646078764239995 34.34607876424 7746
412.4 0.3114754098360656 1.5853794832381851 34.28537948323819 8248
413.1 0.32786885245901637 1.53807336330798 34.23807336330798 8262
442.75 0.32786885245901637 1.1700486345556627 33.870048634555666 8855
461.3 0.32786885245901637 1.1455923302065756 33.84559233020658 9226
465.7 0.32786885245901637 1.1322103579692921 33.832210357969295 9314
490.5 0.3442622950819672 0.9493818520988953 33.6493818520989 9810
