% fevals/dim | frac | F - F_opt (-99.25) | best fitness | fevals
0.05 0.19672131147540983 54.46286567634892 -44.78713432365108 1
2.15 0.19672131147540983 51.78594307569595 -47.46405692430405 43
6.55 0.19672131147540983 44.16415582011068 -55.08584417988932 131
9.85 0.22950819672131148 22.274157915331443 -76.97584208466856 197
13.15 0.22950819672131148 20.06759341002585 -79.18240658997415 263
27.75 0.22950819672131148 16.63794084413375 -82.61205915586625 555
32.25 0.2459016393442623 15.25604863390474 -83.99395136609526 645
40.85 0.2459016393442623 13.100110583503678 -86.14988941649632 817
44.4 0.2459016393442623 12.269896168682976 -86.98010383131702 888
47.65 0.26229508196721313 9.184993493033744 -90.06500650696626 953
59.4 0.26229508196721313 8.772172769935935 -90.47782723006407 1188
60.85 0.26229508196721313 7.885295304280106 -91.3647046957199 1217
63.85 0.26229508196721313 7.821418970193179 -91.42858102980682 1277
70.45 0.26229508196721313 7.749480465598623 -91.50051953440138 1409
76.45 0.26229508196721313 6.665795673084006 -92.584204326916 1529
94.8 0.2786885245901639 5.227649328007146 -94.02235067199285 1896
105.75 0.2786885245901639 4.957431518488093 -94.2925684815119 2115
120.45 0.2786885245901639 4.545263375183296 -94.7047366248167 2409
143.55 0.2786885245901639 4.209269260406771 -95.04073073959323 2871
146.5 0.29508196721311475 3.3560553243663236 -95.89394467563368 2930
164.15 0.29508196721311475 3.33717306416591 -95.91282693583409 3283
170.55 0.29508196721311475 3.2177930755259183 -96.03220692447408 3411
179.5 0.29508196721311475 2.581346763198937 -96.66865323680106 3590
219.1 0.3114754098360656 2.2508421614811454 -96.99915783851885 4382
257.6 0.3114754098360656 1.6888192958970905 -97.56118070410291 5152
321.8 0.32786885245901637 1.5525045972626543 -97.69749540273735 6436
354.85 0.32786885245901637 1.3788250948423126 -97.87117490515769 7097
367.15 0.32786885245901637 1.3429283259197433 -97.90707167408026 7343
381.35 0.32786885245901637 1.3025903516203385 -97.94740964837966 7627
383.2 0.32786885245901637 1.2368716895913963 -98.0131283104086 7664
397.7 0.32786885245901637 1.1004448749063727 -98.14955512509363 7954
420.8 0.32786885245901637 1.0339485545783162 -98.21605144542168 8416
423.4 0.3442622950819672 0.8181912154727371 -98.43180878452726 8468
