% fevals/dim | frac | F - F_opt (273.15) | best fitness | fevals
0.05 0.14754098360655737 217.8320510932524 490.9820510932524 1
1.15 0.18032786885245902 70.35390303108818 343.50390303108816 23
10.75 0.19672131147540983 55.43072729990661 328.5807272999066 215
12.4 0.19672131147540983 49.97430616115497 323.12430616115495 248
22.75 0.21311475409836064 35.21746249539393 308.3674624953939 455
27.65 0.21311475409836064 30.76789949075129 303.91789949075127 553
40.6 0.21311475409836064 27.116233735961657 300.26623373596163 812
52.6 0.22950819672131148 24.09991665097226 297.24991665097224 1052
59.75 0.22950819672131148 23.640264046095297 296.7902640460953 1195
68.75 0.22950819672131148 20.667773089277375 293.81777308927735 1375
81.3 0.22950819672131148 17.878255720173684 291.02825572017366 1626
91.15 0.2459016393442623 15.134155888003022 288.284155888003 1823
159.75 0.2459016393442623 13.265811883904291 286.41581188390427 3195
162.1 0.2459016393442623 13.085218516505904 286.2352185165059 3242
187.4 0.2459016393442623 11.991074800724732 285.1410748007247 3748
199.4 0.2459016393442623 11.696077327332432 284.8460773273324 3988
235.6 0.2459016393442623 11.483183979707064 284.63318397970704 4712
261.45 0.2459016393442623 11.046088876672286 284.19608887667226 5229
273.75 0.2459016393442623 10.508339188043522 283.6583391880435 5475
357.75 0.26229508196721313 8.113668014752704 281.2636680147527 7155
