% fevals/dim | frac | F - F_opt (-147.9) | best fitness | fevals
0.05 0.2459016393442623 14.45935348943209 -133.44064651056792 1
0.05 0.2459016393442623 14.45935348943209 -133.44064651056792 1
6.4 0.2459016393442623 11.440187197287713 -136.4598128027123 128
12.9 0.2459016393442623 11.078373845990058 -136.82162615400995 258
17.75 0.2459016393442623 10.016447190541527 -137.88355280945848 355
18.4 0.26229508196721313 8.67479803918178 -139.22520196081823 368
32.05 0.26229508196721313 8.163558491356866 -139.73644150864314 641
36.35 0.26229508196721313 6.995723325538023 -140.90427667446198 727
52.15 0.26229508196721313 6.796822417744266 -141.10317758225574 1043
56.25 0.26229508196721313 6.489006362253036 -141.41099363774697 1125
58.1 0.26229508196721313 6.317941065246259 -141.58205893475375 1162
63.15 0.2786885245901639 5.12263454466671 -142.7773654553333 1263
99.8 0.2786885245901639 4.9709185612713895 -142.92908143872862 1996
114.6 0.2786885245901639 4.746855797308484 -143.15314420269152 2292
164.45 0.2786885245901639 4.39211256264764 -143.50788743735237 3289
167.85 0.2786885245901639 4.32543518603768 -143.57456481396233 3357
219.05 0.29508196721311475 3.5818565825640007 -144.318143417436 4381
