% fevals/dim | frac | F - F_opt (7.64) | best fitness | fevals
0.05 0.16393442622950818 150.0309504325618 157.6709504325618 1
1.5 0.19672131147540983 45.03378540107864 52.67378540107864 30
6.45 0.22950819672131148 23.39751951190728 31.03751951190728 129
21.45 0.22950819672131148 17.9581682637061 25.5981682637061 429
31.05 0.22950819672131148 17.1361249225612 24.776124922561202 621
37.25 0.22950819672131148 16.59171894950552 24.23171894950552 745
39.05 0.2459016393442623 13.041946869764896 20.681946869764896 781
51.2 0.2459016393442623 11.802120801554906 19.442120801554907 1024
60.55 0.2459016393442623 11.193965548406904 18.833965548406905 1211
66.95 0.26229508196721313 9.922776420193028 17.56277642019303 1339
72.8 0.26229508196721313 9.914521107766177 17.554521107766178 1456
81.05 0.26229508196721313 9.312255942958636 16.952255942958637 1621
86.75 0.26229508196721313 9.072450920140163 16.712450920140164 1735
98.0 0.26229508196721313 7.498044314030962 15.138044314030962 1960
114.0 0.26229508196721313 7.120262046927842 14.760262046927842 2280
130.65 0.26229508196721313 6.9987635951224165 14.638763595122416 2613
131.35 0.2786885245901639 6.147762868800549 13.787762868800549 2627
169.3 0.2786885245901639 5.901947315860968 13.541947315860968 3386
170.15 0.2786885245901639 5.380369182232205 13.020369182232205 3403
188.95 0.2786885245901639 5.349219568648164 12.989219568648164 3779
202.0 0.2786885245901639 5.331437944145059 12.971437944145059 4040
229.05 0.2786885245901639 5.305331692028852 12.945331692028851 4581
231.65 0.2786885245901639 5.1408178411174825 12.780817841117482 4633
238.5 0.2786885245901639 5.131651956563492 12.771651956563492 4770
245.55 0.2786885245901639 5.121052656668412 12.761052656668411 4911
253.1 0.2786885245901639 5.016782029913849 12.656782029913849 5062
259.75 0.2786885245901639 4.904917689119235 12.544917689119234 5195
271.8 0.2786885245901639 4.6084206307265285 12.248420630726528 5436
278.2 0.2786885245901639 4.431026059079213 12.071026059079212 5564
281.9 0.2786885245901639 4.387214955695263 12.027214955695262 5638
298.95 0.2786885245901639 4.379458825233308 12.019458825233308 5979
319.15 0.2786885245901639 4.361513883847581 12.001513883847581 6383
321.25 0.2786885245901639 4.240818552189224 11.880818552189224 6425
337.25 0.2786885245901639 4.2175960077760815 11.857596007776081 6745
