164.45 0.13114754098360656 299.9356720320392 166.34567203203918 3289
210.25 0.13114754098360656 273.64758225761284 140.05758225761284 4205
249.05 0.14754098360655737 247.60989144366775 114.01989144366775 4981
391.75 0.14754098360655737 244.3976437510941 110.8076437510941 7835
605.0 0.14754098360655737 221.38364420238244 87.79364420238244 12100
819.85 0.14754098360655737 213.99128900785044 80.40128900785044 16397
991.15 0.14754098360655737 211.81863223435792 78.22863223435792 19823
1193.15 0.14754098360655737 206.47395038788264 72.88395038788263 23863
1250.65 0.14754098360655737 197.62526126122216 64.03526126122216 25013
1480.75 0.14754098360655737 196.38462074568267 62.794620745682664 29615
1641.55 0.14754098360655737 191.66210734574477 58.07210734574477 32831
2029.0 0.14754098360655737 181.6737565913949 48.08375659139489 40580
3962.45 0.14754098360655737 159.94667082847187 26.356670828471863 79249
9157.2 0.16393442622950818 153.85522901709106 20.26522901709106 183144
