7.55 0.0 137649.75361265187 137680.60361265187 151
11.95 0.0 106866.4580354346 106897.3080354346 239
14.05 0.0 64708.8522346654 64739.7022346654 281
32.7 0.0 20909.595025238094 20940.445025238092 654
55.05 0.03278688524590164 4891.641490266582 4922.491490266582 1101
80.15 0.11475409836065574 614.446492468547 645.2964924685471 1603
114.2 0.13114754098360656 309.9583309874503 340.80833098745035 2284
133.75 0.14754098360655737 244.86357293825907 275.71357293825906 2675
156.1 0.14754098360655737 224.34849156171163 255.19849156171162 3122
159.2 0.14754098360655737 221.1486886727112 251.99868867271118 3184
165.8 0.14754098360655737 215.0411895620756 245.8911895620756 3316
182.7 0.14754098360655737 199.9937003916517 230.8437003916517 3654
191.2 0.14754098360655737 191.60892567099907 222.45892567099907 3824
254.65 0.14754098360655737 185.5514162672252 216.4014162672252 5093
259.2 0.16393442622950818 141.81576846491018 172.66576846491017 5184
300.0 0.16393442622950818 131.90536224051883 162.75536224051882 6000
335.25 0.16393442622950818 117.34014602412219 148.19014602412219 6705
406.5 0.16393442622950818 115.69554747262657 146.54554747262657 8130
475.5 0.16393442622950818 113.64754997652389 144.49754997652389 9510
522.7 0.16393442622950818 110.94799547208234 141.79799547208233 10454
551.35 0.16393442622950818 110.26308910762165 141.11308910762165 11027
588.5 0.16393442622950818 104.27912468496598 135.12912468496597 11770
659.9 0.18032786885245902 74.13953435124338 104.98953435124338 13198
706.25 0.18032786885245902 73.88821201582462 104.73821201582462 14125
745.4 0.18032786885245902 72.04572100593211 102.8957210059321 14908
773.1 0.18032786885245902 70.02842195214484 100.87842195214483 15462
834.95 0.18032786885245902 69.70362857036511 100.5536285703651 16699
840.4 0.18032786885245902 68.54264623099152 99.39264623099152 16808
859.25 0.18032786885245902 65.23076336112635 96.08076336112634 17185
872.65 0.18032786885245902 65.05079364840986 95.90079364840986 17453
892.55 0.19672131147540983 59.76768904078883 90.61768904078883 17851
959.75 0.19672131147540983 49.1957689977616 80.0457689977616 19195
1013.75 0.19672131147540983 41.64365441504204 72.49365441504204 20275
1216.25 0.19672131147540983 41.541518341565116 72.39151834156512 24325
1228.25 0.19672131147540983 40.07735141499392 70.92735141499392 24565
1264.25 0.21311475409836064 39.734051406053005 70.584051406053 25285
1284.8 0.21311475409836064 39.49563998739891 70.34563998739891 25696
1294.9 0.21311475409836064 35.576983153673034 66.42698315367304 25898
1348.2 0.21311475409836064 35.4837416440209 66.3337416440209 26964
1371.35 0.21311475409836064 35.14618956908958 65.99618956908958 27427
1397.7 0.21311475409836064 30.687640974649682 61.53764097464968 27954
1403.45 0.21311475409836064 30.669039532102587 61.51903953210259 28069
1446.0 0.21311475409836064 28.99237246644322 59.84237246644322 28920
1451.7 0.22950819672131148 24.189195761242303 55.039195761242304 29034
1506.8 0.22950819672131148 24.107202646402875 54.95720264640288 30136
1524.2 0.22950819672131148 23.80673012019887 54.65673012019887 30484
1548.3 0.22950819672131148 23.656045772173364 54.506045772173366 30966
1570.3 0.22950819672131148 23.643536082419423 54.493536082419425 31406
1590.0 0.22950819672131148 23.106611560735423 53.956611560735425 31800
1618.2 0.22950819672131148 21.488740858047883 52.338740858047885 32364
1716.9 0.22950819672131148 19.184374900450557 50.03437490045056 34338
1754.95 0.22950819672131148 16.650516749558136 47.50051674955814 35099
