127.6 0.13114754098360656 272.97743030115225 139.38743030115225 2552
143.7 0.14754098360655737 224.71699396729406 91.12699396729406 2874
321.9 0.14754098360655737 200.26497693155397 66.67497693155397 6438
387.9 0.14754098360655737 187.43811477964334 53.84811477964334 7758
494.3 0.14754098360655737 187.1505736482623 53.560573648262306 9886
702.45 0.14754098360655737 185.21355053805786 51.623550538057856 14049
981.0 0.14754098360655737 179.03032206700243 45.44032206700243 19620
1030.0 0.14754098360655737 176.84156564893638 43.25156564893638 20600
1095.75 0.14754098360655737 172.57310841634185 38.98310841634185 21915
1416.85 0.14754098360655737 170.5685008509561 36.978500850956095 28337
2129.05 0.14754098360655737 170.11218170930277 36.52218170930277 42581
2266.35 0.14754098360655737 162.77363112956482 29.183631129564816 45327
2612.1 0.14754098360655737 159.23333292504807 25.64333292504807 52242
3257.15 0.16393442622950818 156.67033205501943 23.080332055019426 65143
4511.4 0.16393442622950818 155.66251500528455 22.072515005284544 90228
5297.0 0.16393442622950818 148.66588154267095 15.075881542670942 105940
7592.25 0.16393442622950818 145.71952043213213 12.129520432132125 151845
