9.3 0.0 34759.90895355624 34790.75895355624 186
49.8 0.0 23632.767565655067 23663.617565655066 996
100.7 0.0 16449.807924598776 16480.657924598774 2014
119.8 0.06557377049180328 1820.7748855157479 1851.6248855157478 2396
152.2 0.08196721311475409 1376.2660198765795 1407.1160198765795 3044
294.0 0.14754098360655737 219.12658583884573 249.97658583884572 5880
552.0 0.14754098360655737 184.39775823258427 215.24775823258426 11040
658.5 0.14754098360655737 182.62562796797914 213.47562796797914 13170
747.6 0.14754098360655737 178.83713211802961 209.6871321180296 14952
1037.15 0.14754098360655737 174.9480837016626 205.7980837016626 20743
1154.7 0.14754098360655737 167.49615658850396 198.34615658850396 23094
1193.9 0.16393442622950818 158.24171737893357 189.09171737893357 23878
1219.5 0.16393442622950818 156.7429324215383 187.5929324215383 24390
1225.5 0.16393442622950818 122.20551484367681 153.0555148436768 24510
1241.7 0.16393442622950818 119.39921046985984 150.24921046985983 24834
1249.8 0.16393442622950818 116.36861289314075 147.21861289314074 24996
1379.4 0.16393442622950818 115.61971578461248 146.46971578461248 27588
1564.5 0.16393442622950818 103.78856466573464 134.63856466573463 31290
1972.7 0.18032786885245902 82.87696778217634 113.72696778217633 39454
2110.4 0.18032786885245902 80.2530036192598 111.1030036192598 42208
2256.2 0.18032786885245902 79.56697408601013 110.41697408601013 45124
2304.8 0.18032786885245902 68.72037688023917 99.57037688023917 46096
2934.25 0.18032786885245902 66.23326371531789 97.08326371531788 58685
3047.65 0.18032786885245902 64.37858710636067 95.22858710636066 60953
3306.85 0.19672131147540983 62.54584168385524 93.39584168385524 66137
3314.95 0.19672131147540983 54.50647990017756 85.35647990017756 66299
3444.55 0.19672131147540983 45.7353762610339 76.5853762610339 68891
3648.5 0.19672131147540983 45.66433200146704 76.51433200146704 72970
3736.15 0.19672131147540983 44.27946751416196 75.12946751416196 74723
4077.8 0.19672131147540983 44.25124656414112 75.10124656414112 81556
4116.55 0.19672131147540983 41.44422336079362 72.29422336079362 82331
4127.5 0.21311475409836064 38.67525608941536 69.52525608941536 82550
4451.5 0.21311475409836064 38.65318585063343 69.50318585063343 89030
4821.25 0.21311475409836064 37.97548513762461 68.82548513762461 96425
4877.3 0.21311475409836064 31.00624088301101 61.85624088301101 97546
4901.6 0.21311475409836064 30.032054475838187 60.88205447583819 98032
4934.0 0.21311475409836064 29.438844714895843 60.288844714895845 98680
5233.7 0.21311475409836064 29.345731435629027 60.19573143562903 104674
5399.2 0.21311475409836064 28.67769910576687 59.52769910576687 107984
5415.4 0.22950819672131148 22.766138903296117 53.61613890329612 108308
5593.6 0.22950819672131148 21.665277747871563 52.515277747871565 111872
6597.75 0.22950819672131148 20.25569572440012 51.10569572440012 131955
7975.8 0.2459016393442623 13.4174154494345 44.2674154494345 159516
