% fevals/dim | frac | F - F_opt (-209.88) | best fitness | fevals
1.55 0.0 2433864.64116796 2433654.7611679602 31
34.25 0.0 2061528.5338970271 2061318.6538970273 685
44.4 0.0 1645811.1563800832 1645601.2763800833 888
47.45 0.0 1586315.0154959357 1586105.1354959358 949
59.05 0.0 993532.2789523788 993322.3989523788 1181
61.95 0.0 417457.7957987419 417247.9157987419 1239
82.35 0.0 392695.4492884669 392485.5692884669 1647
92.55 0.0 289404.77536614606 289194.89536614605 1851
102.75 0.0 280268.60592574277 280058.72592574276 2055
128.25 0.0 223678.94401194796 223469.06401194795 2565
155.7 0.0 221395.39116652834 221185.51116652833 3114
158.85 0.0 214677.47060859107 214467.59060859107 3177
179.25 0.0 193309.8185761707 193099.9385761707 3585
196.5 0.0 129433.33671270566 129223.45671270565 3930
201.6 0.0 128937.2228319423 128727.3428319423 4032
222.0 0.0 128754.21918157126 128544.33918157125 4440
247.5 0.0 119537.28259082044 119327.40259082043 4950
253.4 0.0 107577.21552309832 107367.33552309831 5068
274.7 0.0 98390.1150435456 98180.23504354559 5494
300.2 0.0 96213.06170474367 96003.18170474366 6004
308.5 0.0 94758.0224276883 94548.14242768829 6170
315.5 0.0 90570.23757979988 90360.35757979988 6310
350.3 0.0 89619.78460455655 89409.90460455655 7006
371.6 0.0 88715.40890435546 88505.52890435545 7432
379.9 0.0 88621.32514592524 88411.44514592523 7598
386.0 0.0 87644.36637971298 87434.48637971298 7720
395.2 0.0 86109.93659824286 85900.05659824285 7904
420.7 0.0 85986.80604589362 85776.92604589362 8414
468.0 0.0 85551.44199038393 85341.56199038393 9360
479.35 0.0 84928.66501182127 84718.78501182127 9587
486.05 0.0 84751.79388149414 84541.91388149414 9721
499.75 0.0 84488.5738115742 84278.6938115742 9995
514.3 0.0 84410.12974860259 84200.24974860258 10286
529.6 0.0 84291.68916834024 84081.80916834023 10592
535.45 0.0 84250.9629324477 84041.0829324477 10709
547.3 0.0 83841.48560655581 83631.60560655581 10946
572.8 0.0 83516.52767862723 83306.64767862723 11456
674.0 0.0 83492.78032295579 83282.90032295579 13480
682.0 0.0 83444.10279090148 83234.22279090148 13640
688.75 0.0 83407.6882988171 83197.8082988171 13775
714.25 0.0 83407.39949395733 83197.51949395733 14285
804.9 0.0 83405.13675454275 83195.25675454274 16098
816.6 0.0 83405.09269154281 83195.21269154281 16332
870.95 0.0 83404.64867147047 83194.76867147046 17419
