17.1 0.11475409836065574 456.61896261835454 421.86896261835454 342
40.35 0.11475409836065574 400.20730770908744 365.45730770908744 807
54.3 0.13114754098360656 381.09908231006955 346.34908231006955 1086
76.3 0.13114754098360656 363.53157488139163 328.78157488139163 1526
97.65 0.13114754098360656 304.02811558573063 269.27811558573063 1953
127.45 0.13114754098360656 296.74978621892393 261.99978621892393 2549
134.85 0.13114754098360656 294.5619022184617 259.8119022184617 2697
138.85 0.13114754098360656 293.99259272396625 259.24259272396625 2777
143.45 0.13114754098360656 291.85140962318917 257.10140962318917 2869
152.45 0.13114754098360656 284.83475343702924 250.08475343702924 3049
154.65 0.13114754098360656 281.7416297686184 246.9916297686184 3093
172.25 0.13114754098360656 254.32691453792467 219.57691453792467 3445
194.0 0.14754098360655737 249.28718828285236 214.53718828285236 3880
215.75 0.14754098360655737 249.21826345303492 214.46826345303492 4315
228.85 0.14754098360655737 220.9768639448713 186.2268639448713 4577
299.6 0.14754098360655737 213.24931586407024 178.49931586407024 5992
385.3 0.14754098360655737 209.71328504639612 174.96328504639612 7706
392.6 0.14754098360655737 193.38453691961797 158.63453691961797 7852
411.05 0.14754098360655737 186.84200394701404 152.09200394701404 8221
466.65 0.14754098360655737 174.13558921023358 139.38558921023358 9333
764.65 0.14754098360655737 172.6704394074028 137.9204394074028 15293
1101.75 0.16393442622950818 123.28435245409796 88.53435245409796 22035
