% fevals/dim | frac | F - F_opt (-39.43) | best fitness | fevals
3.7 0.21311475409836064 39.23387312234973 -0.19612687765027204 74
14.95 0.21311475409836064 34.55006090790887 -4.879939092091128 299
23.75 0.21311475409836064 34.32347252976538 -5.106527470234617 475
32.05 0.22950819672131148 22.45480049545813 -16.97519950454187 641
65.25 0.22950819672131148 18.41448445182124 -21.015515548178758 1305
98.45 0.22950819672131148 17.03702580397037 -22.39297419602963 1969
112.25 0.22950819672131148 16.165245312657213 -23.264754687342787 2245
120.55 0.2459016393442623 12.679562659524724 -26.750437340475276 2411
128.85 0.2459016393442623 12.014779473057402 -27.415220526942598 2577
229.45 0.2459016393442623 11.496649510705417 -27.933350489294583 4589
237.6 0.2459016393442623 11.460537325880487 -27.969462674119512 4752
242.35 0.2459016393442623 11.007390120312031 -28.42260987968797 4847
256.6 0.26229508196721313 9.693607645980606 -29.736392354019394 5132
262.4 0.26229508196721313 9.53460267437449 -29.89539732562551 5248
266.3 0.26229508196721313 8.177734544244927 -31.252265455755072 5326
326.7 0.26229508196721313 7.562609861284564 -31.867390138715436 6534
359.9 0.26229508196721313 6.588675596203814 -32.841324403796186 7198
397.75 0.2786885245901639 5.849307561180694 -33.580692438819305 7955
478.05 0.2786885245901639 5.836936293628547 -33.59306370637145 9561
481.9 0.2786885245901639 5.4547752502093445 -33.975224749790655 9638
498.85 0.2786885245901639 5.235192375170747 -34.19480762482925 9977
540.35 0.2786885245901639 5.231844382666473 -34.198155617333526 10807
556.95 0.2786885245901639 4.544047587248478 -34.88595241275152 11139
566.65 0.2786885245901639 4.334779030505139 -35.09522096949486 11333
581.85 0.2786885245901639 4.005509628562052 -35.42449037143795 11637
613.0 0.29508196721311475 3.935003626331053 -35.49499637366895 12260
633.15 0.29508196721311475 3.647927154627169 -35.78207284537283 12663
649.75 0.29508196721311475 3.018671596911396 -36.4113284030886 12995
709.65 0.29508196721311475 2.8188472320746243 -36.611152767925375 14193
763.65 0.3114754098360656 2.023976458716362 -37.40602354128364 15273
774.05 0.3114754098360656 1.9821101405216695 -37.44788985947833 15481
789.55 0.3114754098360656 1.9649200679644494 -37.46507993203555 15791
806.15 0.32786885245901637 1.5040575521606243 -37.925942447839375 16123
955.55 0.32786885245901637 1.3207433339659858 -38.109256666034014 19111
1012.5 0.32786885245901637 1.2005299939603162 -38.22947000603968 20250
1060.8 0.3442622950819672 0.9901360018122887 -38.43986399818771 21216
1090.7 0.3442622950819672 0.905463513985616 -38.524536486014384 21814
1137.65 0.3442622950819672 0.8429402912603692 -38.58705970873963 22753
1145.95 0.3442622950819672 0.794752999878817 -38.63524700012118 22919
1170.85 0.36065573770491804 0.6167044478670931 -38.81329555213291 23417
1242.1 0.36065573770491804 0.6002304665308671 -38.82976953346913 24842
1291.25 0.36065573770491804 0.5769928639186759 -38.853007136081324 25825
1313.45 0.36065573770491804 0.5341639381780396 -38.89583606182196 26269
1379.65 0.36065573770491804 0.5293336115617961 -38.900666388438204 27593
