4.1 0.09836065573770492 680.9660778312727 721.6260778312727 82
9.3 0.11475409836065574 550.1890891932388 590.8490891932388 186
22.75 0.11475409836065574 502.68237107729533 543.3423710772953 455
38.35 0.11475409836065574 485.08546733146625 525.7454673314662 767
41.9 0.11475409836065574 431.37562425010117 472.03562425010114 838
43.45 0.11475409836065574 416.7240713884851 457.38407138848504 869
47.45 0.13114754098360656 391.1842288212928 431.84422882129275 949
64.1 0.13114754098360656 378.7590964572752 419.41909645727515 1282
69.85 0.13114754098360656 358.6045656155202 399.26456561552016 1397
73.75 0.13114754098360656 355.6782007994458 396.33820079944576 1475
83.8 0.13114754098360656 346.3048082421984 386.9648082421984 1676
95.35 0.13114754098360656 338.83264176274304 379.492641762743 1907
98.05 0.13114754098360656 312.13249440033485 352.7924944003348 1961
104.35 0.13114754098360656 308.93463119184196 349.5946311918419 2087
105.85 0.13114754098360656 287.4904839338302 328.1504839338302 2117
112.15 0.13114754098360656 278.3275450420049 318.98754504200485 2243
129.0 0.13114754098360656 259.15398312946945 299.8139831294694 2580
142.75 0.13114754098360656 257.17499648406135 297.8349964840613 2855
151.55 0.13114754098360656 251.6839253759019 292.3439253759019 3031
156.55 0.14754098360655737 247.1462776214486 287.8062776214486 3131
168.25 0.14754098360655737 235.49957312876526 276.15957312876526 3365
178.45 0.14754098360655737 234.64359164346146 275.30359164346146 3569
192.5 0.14754098360655737 231.05489322114224 271.71489322114223 3850
205.75 0.14754098360655737 218.14016473108424 258.80016473108424 4115
215.55 0.14754098360655737 212.05486082073858 252.71486082073858 4311
231.15 0.14754098360655737 199.670896638511 240.330896638511 4623
258.45 0.14754098360655737 192.5665446889647 233.2265446889647 5169
302.25 0.14754098360655737 185.3870921441112 226.0470921441112 6045
308.95 0.14754098360655737 184.91295696633438 225.57295696633437 6179
320.85 0.14754098360655737 184.60788620961847 225.26788620961847 6417
334.15 0.14754098360655737 177.97306670170633 218.63306670170633 6683
339.4 0.14754098360655737 167.85428136926953 208.51428136926953 6788
355.0 0.14754098360655737 164.8182731260341 205.47827312603408 7100
397.9 0.14754098360655737 164.66757186070768 205.32757186070768 7958
487.55 0.14754098360655737 164.38041428685 205.04041428685 9751
508.1 0.14754098360655737 164.2451413206529 204.9051413206529 10162
