9.35 0.09836065573770492 669.8178501868177 635.0678501868177 187
15.3 0.11475409836065574 576.754860245956 542.004860245956 306
15.95 0.11475409836065574 532.418470885191 497.668470885191 319
19.0 0.11475409836065574 488.7826725949331 454.0326725949331 380
22.1 0.11475409836065574 439.0494149792781 404.2994149792781 442
25.85 0.11475409836065574 436.65075006772076 401.90075006772076 517
31.65 0.11475409836065574 398.9110326321278 364.1610326321278 633
42.6 0.13114754098360656 380.50876445721735 345.75876445721735 852
43.8 0.13114754098360656 324.7218791581384 289.9718791581384 876
53.1 0.13114754098360656 288.4181953936276 253.66819539362763 1062
87.6 0.13114754098360656 282.5455302928836 247.7955302928836 1752
96.85 0.14754098360655737 244.26301812038412 209.51301812038412 1937
115.5 0.14754098360655737 241.36237072137294 206.61237072137294 2310
118.15 0.14754098360655737 230.23852572075583 195.48852572075583 2363
186.35 0.14754098360655737 226.1221441629955 191.3721441629955 3727
194.9 0.14754098360655737 210.75878261555968 176.00878261555968 3898
239.75 0.14754098360655737 197.29125350331907 162.54125350331907 4795
311.4 0.14754098360655737 193.32608383495037 158.57608383495037 6228
363.3 0.14754098360655737 167.6896269334144 132.9396269334144 7266
487.4 0.16393442622950818 153.43750755195913 118.68750755195913 9748
1938.8 0.16393442622950818 149.27954108942083 114.52954108942083 38776
2777.2 0.16393442622950818 148.28571051808908 113.53571051808908 55544
3189.0 0.16393442622950818 143.23515037124585 108.48515037124585 63780
6113.15 0.16393442622950818 126.84339988109929 92.09339988109929 122263
