% fevals/dim | frac | F - F_opt (273.15) | best fitness | fevals
3.15 0.18032786885245902 65.1738601486191 338.3238601486191 63
18.0 0.19672131147540983 62.321266000905894 335.47126600090587 360
35.2 0.19672131147540983 53.992311938368914 327.1423119383689 704
44.85 0.19672131147540983 53.817423287237204 326.9674232872372 897
54.75 0.19672131147540983 48.22331049653508 321.37331049653505 1095
56.7 0.21311475409836064 39.10304882959508 312.25304882959506 1134
112.6 0.21311475409836064 30.27569642086371 303.4256964208637 2252
136.4 0.22950819672131148 23.551042180668105 296.7010421806681 2728
216.35 0.22950819672131148 19.569119131115144 292.7191191311151 4327
268.0 0.22950819672131148 19.490224758601073 292.64022475860105 5360
305.2 0.2459016393442623 12.812792405318419 285.9627924053184 6104
493.25 0.2459016393442623 12.234758011777615 285.3847580117776 9865
499.05 0.2459016393442623 10.60754875247062 283.7575487524706 9981
580.75 0.26229508196721313 9.809314653043998 282.959314653044 11615
620.2 0.26229508196721313 9.090636569630306 282.2406365696303 12404
689.55 0.26229508196721313 9.071087840820951 282.2210878408209 13791
733.2 0.26229508196721313 6.763826097414494 279.91382609741447 14664
1165.1 0.26229508196721313 6.683820083174851 279.8338200831748 23302
1244.65 0.2786885245901639 6.0246250650511115 279.1746250650511 24893
1757.05 0.2786885245901639 5.577997234770237 278.7279972347702 35141
2437.9 0.2786885245901639 5.556420228585466 278.70642022858544 48758
2729.3 0.2786885245901639 5.440489341563989 278.59048934156397 54586
2903.55 0.2786885245901639 5.164519257764766 278.31451925776474 58071
2965.7 0.2786885245901639 4.9800038468900425 278.13000384689 59314
3155.3 0.2786885245901639 4.8256509188057635 277.97565091880574 63106
3475.4 0.2786885245901639 4.3596963646290305 277.509696364629 69508
3738.7 0.29508196721311475 3.0716810039311895 276.22168100393117 74774
