% fevals/dim | frac | F - F_opt (-223.12) | best fitness | fevals
2.1 0.26229508196721313 7.037630614441497 -216.0823693855585 42
7.95 0.2786885245901639 4.835626633086633 -218.28437336691337 159
24.75 0.2786885245901639 4.051455697235724 -219.06854430276428 495
215.75 0.29508196721311475 3.7742540506170883 -219.34574594938292 4315
232.15 0.29508196721311475 3.7420882653926526 -219.37791173460735 4643
286.6 0.29508196721311475 3.473596551502311 -219.6464034484977 5732
303.65 0.29508196721311475 3.283793815936235 -219.83620618406377 6073
564.2 0.29508196721311475 3.257516219100239 -219.86248378089977 11284
640.55 0.29508196721311475 2.9137048614764183 -220.2062951385236 12811
1650.35 0.29508196721311475 2.6959098679178624 -220.42409013208214 33007
3505.55 0.3114754098360656 2.305460014295562 -220.81453998570444 70111
7305.7 0.3114754098360656 1.7357926082605104 -221.3842073917395 146114
