% fevals/dim | frac | F - F_opt (-39.43) | best fitness | fevals
1.65 0.19672131147540983 51.405218907836534 11.975218907836535 33
5.3 0.19672131147540983 51.20692281771468 11.776922817714677 106
9.4 0.21311475409836064 39.07864439582868 -0.3513556041713173 188
14.35 0.21311475409836064 31.62171758290634 -7.808282417093661 287
18.6 0.21311475409836064 27.581962279172046 -11.848037720827953 372
53.2 0.21311475409836064 26.611689529808682 -12.818310470191317 1064
59.0 0.22950819672131148 22.281009620774036 -17.148990379225964 1180
74.3 0.22950819672131148 21.27905754164578 -18.15094245835422 1486
89.15 0.22950819672131148 21.081634383106877 -18.348365616893123 1783
94.55 0.22950819672131148 20.317707622797162 -19.112292377202838 1891
109.15 0.22950819672131148 17.108517014907324 -22.321482985092675 2183
142.2 0.22950819672131148 16.042992107351736 -23.387007892648263 2844
149.5 0.2459016393442623 13.50175180507236 -25.92824819492764 2990
171.4 0.2459016393442623 13.458798308386669 -25.97120169161333 3428
171.65 0.2459016393442623 11.95433074214602 -27.47566925785398 3433
226.4 0.2459016393442623 11.463053595343347 -27.966946404656653 4528
242.4 0.26229508196721313 8.31580744731422 -31.11419255268578 4848
271.85 0.26229508196721313 8.171960205479792 -31.258039794520208 5437
282.8 0.26229508196721313 7.954046174254536 -31.475953825745464 5656
312.0 0.26229508196721313 7.8808402231310914 -31.54915977686891 6240
344.85 0.26229508196721313 7.791387672735151 -31.63861232726485 6897
361.0 0.26229508196721313 7.662896217857188 -31.76710378214281 7220
366.5 0.26229508196721313 7.6515022840265985 -31.7784977159734 7330
369.85 0.26229508196721313 7.173649344536358 -32.25635065546364 7397
377.7 0.26229508196721313 6.841026779571912 -32.58897322042809 7554
395.4 0.2786885245901639 5.943439098257073 -33.486560901742926 7908
413.85 0.2786885245901639 5.6364263896469495 -33.79357361035305 8277
429.85 0.2786885245901639 5.127951968961156 -34.302048031038844 8597
459.05 0.2786885245901639 4.8536132234113225 -34.57638677658868 9181
491.9 0.29508196721311475 2.6791887804725505 -36.75081121952745 9838
568.55 0.29508196721311475 2.613523554145047 -36.81647644585495 11371
575.85 0.3114754098360656 2.2949057621717586 -37.13509423782824 11517
616.0 0.3114754098360656 2.1631135056846986 -37.2668864943153 12320
656.15 0.3114754098360656 1.9243261756889893 -37.50567382431101 13123
674.4 0.32786885245901637 1.4784562017312837 -37.951543798268716 13488
734.5 0.32786885245901637 1.2773596265655272 -38.15264037343447 14690
746.1 0.32786885245901637 1.157303565072759 -38.27269643492724 14922
789.9 0.3442622950819672 0.9702479577145908 -38.45975204228541 15798
797.2 0.3442622950819672 0.9540216553830163 -38.47597834461698 15944
859.95 0.3442622950819672 0.909388834195866 -38.520611165804134 17199
865.2 0.3442622950819672 0.6616655858451352 -38.768334414154864 17304
883.85 0.36065573770491804 0.6002304665308671 -38.82976953346913 17677
911.4 0.36065573770491804 0.5341639381780396 -38.89583606182196 18228
958.95 0.36065573770491804 0.5293336115617961 -38.900666388438204 19179
