4.5 0.09836065573770492 676.8173671951286 717.4773671951285 90
12.15 0.11475409836065574 607.5621924933423 648.2221924933423 243
20.55 0.11475409836065574 534.924523767702 575.584523767702 411
33.45 0.11475409836065574 453.93049149125204 494.590491491252 669
39.55 0.11475409836065574 447.8172028893018 488.4772028893018 791
43.45 0.11475409836065574 432.8942519302152 473.5542519302152 869
48.4 0.13114754098360656 397.6493536445769 438.30935364457684 968
52.7 0.13114754098360656 373.3965723101278 414.05657231012776 1054
56.3 0.13114754098360656 363.02833531100475 403.6883353110047 1126
61.75 0.13114754098360656 325.0997596822274 365.75975968222735 1235
78.95 0.13114754098360656 323.99156881938814 364.6515688193881 1579
85.5 0.13114754098360656 302.7302820316104 343.39028203161035 1710
110.25 0.13114754098360656 283.23296689760275 323.8929668976027 2205
131.75 0.13114754098360656 281.71082949363563 322.3708294936356 2635
137.1 0.13114754098360656 265.0931488022753 305.7531488022753 2742
148.95 0.14754098360655737 245.57370468611325 286.23370468611324 2979
170.45 0.14754098360655737 218.95003286022697 259.61003286022697 3409
222.05 0.14754098360655737 218.5877186877636 259.2477186877636 4441
229.35 0.14754098360655737 199.54976384534535 240.20976384534535 4587
259.35 0.14754098360655737 195.45018490011336 236.11018490011335 5187
289.55 0.14754098360655737 193.24417306379246 233.90417306379246 5791
293.85 0.14754098360655737 190.8908022650309 231.5508022650309 5877
298.15 0.14754098360655737 188.3469984886551 229.00699848865509 5963
305.4 0.14754098360655737 187.3711444550512 228.0311444550512 6108
336.85 0.14754098360655737 180.62893496619927 221.28893496619926 6737
341.55 0.14754098360655737 178.54001211843246 219.20001211843245 6831
354.45 0.14754098360655737 178.25285454457475 218.91285454457474 7089
369.1 0.14754098360655737 173.37499202331273 214.03499202331272 7382
380.25 0.14754098360655737 172.30971335047678 212.96971335047678 7605
408.45 0.14754098360655737 172.29494531493427 212.95494531493426 8169
411.6 0.14754098360655737 168.70517491959782 209.36517491959782 8232
425.65 0.14754098360655737 166.35180412083628 207.01180412083627 8513
434.75 0.14754098360655737 165.8647628237421 206.5247628237421 8695
455.7 0.14754098360655737 165.50244865127877 206.16244865127877 9114
461.6 0.14754098360655737 165.36717568508163 206.02717568508163 9232
474.85 0.14754098360655737 165.36599234274746 206.02599234274746 9497
479.75 0.14754098360655737 164.89461306697393 205.55461306697393 9595
487.95 0.14754098360655737 164.66757186070768 205.32757186070768 9759
491.0 0.14754098360655737 164.2451413206529 204.9051413206529 9820
