7.2 0.09836065573770492 634.3600890001909 675.0200890001909 144
9.95 0.11475409836065574 524.504857359257 565.164857359257 199
22.45 0.11475409836065574 489.09631500721025 529.7563150072102 449
49.4 0.13114754098360656 389.02110853253237 429.68110853253233 988
50.35 0.13114754098360656 377.8101355950391 418.4701355950391 1007
61.9 0.13114754098360656 339.82493792201717 380.48493792201714 1238
91.8 0.13114754098360656 285.1955450721364 325.85554507213635 1836
107.2 0.13114754098360656 278.8030586669928 319.46305866699277 2144
134.35 0.13114754098360656 273.7807538748068 314.4407538748068 2687
152.4 0.13114754098360656 253.44323465005604 294.10323465005604 3048
166.55 0.13114754098360656 252.29696576298537 292.95696576298536 3331
170.4 0.14754098360655737 244.4488564280973 285.1088564280973 3408
181.95 0.14754098360655737 221.23926025536295 261.89926025536295 3639
218.2 0.14754098360655737 217.60999927199245 258.26999927199245 4364
229.75 0.14754098360655737 215.4333680414861 256.0933680414861 4595
233.6 0.14754098360655737 211.15687193300283 251.81687193300283 4672
236.65 0.14754098360655737 210.75105280087956 251.41105280087956 4733
255.2 0.14754098360655737 194.4193450764144 235.0793450764144 5104
292.7 0.14754098360655737 175.1987989640438 215.85879896404379 5854
328.9 0.14754098360655737 174.99611860640834 215.65611860640834 6578
386.85 0.14754098360655737 167.85428136926953 208.51428136926953 7737
398.4 0.14754098360655737 167.70358010394312 208.36358010394312 7968
416.8 0.14754098360655737 164.53229889451057 205.19229889451057 8336
510.55 0.14754098360655737 164.2451413206529 204.9051413206529 10211
