31.05 0.13114754098360656 308.0458655548817 174.45586555488168 621
54.8 0.13114754098360656 289.2002829144509 155.6102829144509 1096
106.5 0.13114754098360656 285.49909132678243 151.90909132678243 2130
125.1 0.13114754098360656 269.2101458533426 135.62014585334262 2502
139.4 0.13114754098360656 259.993404470211 126.40340447021097 2788
148.05 0.14754098360655737 237.88581599083892 104.29581599083892 2961
198.1 0.14754098360655737 234.66679446927287 101.07679446927287 3962
229.25 0.14754098360655737 232.27640287708053 98.68640287708052 4585
250.3 0.14754098360655737 230.73907750486242 97.14907750486242 5006
261.55 0.14754098360655737 216.2859033775081 82.6959033775081 5231
297.65 0.14754098360655737 212.27288355537794 78.68288355537794 5953
354.85 0.14754098360655737 176.69037889431377 43.100378894313764 7097
916.6 0.14754098360655737 160.9604642894373 27.370464289437308 18332
5344.05 0.14754098360655737 160.26865318082622 26.678653180826217 106881
5454.15 0.16393442622950818 150.81833953149723 17.228339531497227 109083
6565.0 0.16393442622950818 149.14336532216657 15.55336532216657 131300
9771.65 0.16393442622950818 146.06166334806753 12.471663348067523 195433
