9.75 0.11475409836065574 630.3949420684143 671.0549420684142 195
22.8 0.11475409836065574 540.4616391160487 581.1216391160486 456
35.35 0.11475409836065574 534.4673611331842 575.1273611331842 707
41.75 0.11475409836065574 505.65502273704624 546.3150227370462 835
64.05 0.11475409836065574 482.77549725828294 523.4354972582829 1281
80.15 0.11475409836065574 451.3729163981751 492.0329163981751 1603
133.85 0.11475409836065574 433.64307886298934 474.3030788629893 2677
136.8 0.11475409836065574 416.3922806766334 457.05228067663336 2736
154.0 0.11475409836065574 406.5002983923779 447.16029839237785 3080
165.85 0.11475409836065574 400.93010400232356 441.5901040023235 3317
169.7 0.13114754098360656 355.4686392153917 396.1286392153917 3394
181.6 0.13114754098360656 342.62559863956164 383.2855986395616 3632
188.0 0.13114754098360656 339.17066784820736 379.8306678482073 3760
196.45 0.13114754098360656 325.6524202153172 366.31242021531716 3929
232.0 0.13114754098360656 318.5130189062304 359.17301890623037 4640
255.7 0.13114754098360656 310.67123499335446 351.3312349933544 5114
266.9 0.13114754098360656 307.7750803034562 348.4350803034562 5338
274.9 0.13114754098360656 296.03100942476453 336.6910094247645 5498
282.05 0.13114754098360656 259.7062349702617 300.36623497026164 5641
333.25 0.14754098360655737 244.05885880984326 284.71885880984325 6665
419.0 0.14754098360655737 219.1766668960985 259.8366668960985 8380
432.05 0.14754098360655737 214.6209993857509 255.2809993857509 8641
493.05 0.14754098360655737 213.83894499353835 254.49894499353834 9861
505.85 0.14754098360655737 207.88233676395322 248.54233676395322 10117
512.45 0.14754098360655737 205.2649259863687 245.9249259863687 10249
531.45 0.14754098360655737 197.36853534853316 238.02853534853315 10629
560.95 0.14754098360655737 194.25463416038053 234.91463416038053 11219
586.55 0.14754098360655737 189.71367435380392 230.37367435380392 11731
621.75 0.14754098360655737 188.60914946468424 229.26914946468423 12435
634.55 0.14754098360655737 177.72173294599114 218.38173294599113 12691
786.45 0.14754098360655737 172.67268778652692 213.33268778652692 15729
866.2 0.14754098360655737 168.08167731397234 208.74167731397233 17324
930.2 0.14754098360655737 167.719363141509 208.379363141509 18604
951.2 0.14754098360655737 166.59851211941444 207.25851211941443 19024
979.6 0.14754098360655737 166.35180412083628 207.01180412083627 19592
1004.05 0.14754098360655737 164.75815675844265 205.41815675844265 20081
1043.6 0.14754098360655737 164.53229889451057 205.19229889451057 20872
1074.0 0.14754098360655737 164.38041428685 205.04041428685 21480
1075.6 0.14754098360655737 164.2451413206529 204.9051413206529 21512
