% fevals/dim | frac | F - F_opt (273.15) | best fitness | fevals
3.15 0.18032786885245902 65.1738601486191 338.3238601486191 63
8.85 0.21311475409836064 34.38810868345354 307.5381086834535 177
43.45 0.21311475409836064 29.91846804784518 303.06846804784516 869
53.95 0.21311475409836064 25.64140203850735 298.79140203850733 1079
138.35 0.22950819672131148 23.556175609173636 296.7061756091736 2767
141.85 0.22950819672131148 23.427339314261133 296.5773393142611 2837
166.7 0.22950819672131148 23.110146032087414 296.2601460320874 3334
170.8 0.22950819672131148 22.541198656659276 295.69119865665925 3416
180.05 0.22950819672131148 19.245672562555512 292.3956725625555 3601
240.65 0.22950819672131148 17.028591145459586 290.17859114545956 4813
254.2 0.22950819672131148 16.79481097327556 289.94481097327554 5084
257.85 0.22950819672131148 16.6397592496304 289.7897592496304 5157
262.05 0.22950819672131148 16.301480956421756 289.45148095642173 5241
274.7 0.22950819672131148 16.195014049201234 289.3450140492012 5494
276.7 0.2459016393442623 13.586075221012607 286.7360752210126 5534
297.7 0.2459016393442623 12.752561456936121 285.9025614569361 5954
371.8 0.2459016393442623 11.776007047140581 284.92600704714056 7436
378.95 0.2459016393442623 11.600152123918065 284.75015212391804 7579
383.2 0.2459016393442623 10.819865169427828 283.9698651694278 7664
421.7 0.2459016393442623 10.303323463952381 283.45332346395236 8434
442.2 0.2459016393442623 10.179000771723054 283.32900077172303 8844
474.2 0.26229508196721313 9.867380087994775 283.01738008799475 9484
509.2 0.26229508196721313 9.86132617191521 283.0113261719152 10184
577.1 0.26229508196721313 7.952663828148502 281.1026638281485 11542
892.0 0.26229508196721313 6.948304980868386 280.09830498086836 17840
1096.5 0.26229508196721313 6.627992388806092 279.77799238880607 21930
1258.4 0.26229508196721313 6.561909089659991 279.71190908965997 25168
1269.2 0.2786885245901639 6.2694111804282215 279.4194111804282 25384
1395.75 0.2786885245901639 4.789826442874187 277.93982644287416 27915
1761.85 0.2786885245901639 4.202885556234094 277.35288555623407 35237
3171.45 0.29508196721311475 3.950577829389431 277.1005778293894 63429
3287.1 0.29508196721311475 3.836996184791417 276.9869961847914 65742
3430.1 0.29508196721311475 3.4746337986571803 276.62463379865716 68602
3576.15 0.29508196721311475 3.0716810039311895 276.22168100393117 71523
