% fevals/dim | frac | F - F_opt (-39.43) | best fitness | fevals
3.7 0.21311475409836064 39.23387312234973 -0.19612687765027204 74
5.55 0.21311475409836064 37.79678234980629 -1.633217650193707 111
16.2 0.21311475409836064 31.75281342799282 -7.67718657200718 324
25.15 0.21311475409836064 31.55410538737932 -7.87589461262068 503
33.3 0.21311475409836064 26.878915023785368 -12.551084976214632 666
38.8 0.21311475409836064 25.25081549698338 -14.179184503016621 776
45.0 0.22950819672131148 24.371267470361033 -15.058732529638966 900
46.85 0.22950819672131148 22.14298245736066 -17.28701754263934 937
56.7 0.22950819672131148 20.03426909649349 -19.39573090350651 1134
81.0 0.22950819672131148 19.81252392392651 -19.61747607607349 1620
86.35 0.22950819672131148 19.7371868311035 -19.6928131688965 1727
90.25 0.22950819672131148 17.889900629879865 -21.540099370120135 1805
95.35 0.22950819672131148 16.34544133429828 -23.08455866570172 1907
128.05 0.2459016393442623 11.76485209466837 -27.66514790533163 2561
178.9 0.26229508196721313 9.24786097170017 -30.18213902829983 3578
202.3 0.26229508196721313 7.834985005380155 -31.595014994619845 4046
253.0 0.26229508196721313 7.502984970946752 -31.927015029053248 5060
271.75 0.26229508196721313 6.779516141297783 -32.650483858702216 5435
276.4 0.2786885245901639 5.40714390136133 -34.02285609863867 5528
315.15 0.2786885245901639 4.752331830752688 -34.67766816924731 6303
355.85 0.29508196721311475 3.558347755173081 -35.87165224482692 7117
415.0 0.29508196721311475 3.4588030854097838 -35.971196914590216 8300
422.8 0.29508196721311475 2.9309824111590643 -36.499017588840935 8456
430.6 0.3114754098360656 2.2880373530254303 -37.14196264697457 8612
485.6 0.3114754098360656 1.9190363516231628 -37.51096364837684 9712
493.85 0.3114754098360656 1.8939941448639175 -37.53600585513608 9877
564.05 0.32786885245901637 1.3780105083991643 -38.051989491600835 11281
617.85 0.32786885245901637 1.123520683408934 -38.306479316591066 12357
634.25 0.3442622950819672 0.9887167364953982 -38.4412832635046 12685
645.4 0.3442622950819672 0.830037119270493 -38.59996288072951 12908
649.05 0.3442622950819672 0.7568416448968591 -38.67315835510314 12981
672.45 0.3442622950819672 0.719311615441292 -38.71068838455871 13449
686.1 0.3442622950819672 0.7182405993311605 -38.71175940066884 13722
699.75 0.3442622950819672 0.6993562749049644 -38.730643725095035 13995
732.4 0.36065573770491804 0.5922598050138106 -38.83774019498619 14648
744.7 0.36065573770491804 0.5341639381780396 -38.89583606182196 14894
804.75 0.36065573770491804 0.5293336115617961 -38.900666388438204 16095
