11.65 0.09836065573770492 634.9022136380127 600.1522136380127 233
32.35 0.11475409836065574 607.6610907834863 572.9110907834863 647
36.7 0.11475409836065574 560.062478805753 525.312478805753 734
41.05 0.11475409836065574 516.577065244769 481.82706524476896 821
47.4 0.11475409836065574 496.6545823199443 461.9045823199443 948
52.7 0.11475409836065574 449.3317489914476 414.5817489914476 1054
77.8 0.11475409836065574 426.5879494759855 391.8379494759855 1556
78.8 0.13114754098360656 384.61798970566645 349.86798970566645 1576
110.45 0.13114754098360656 383.8030043420392 349.0530043420392 2209
139.75 0.13114754098360656 332.97968366462004 298.22968366462004 2795
157.15 0.13114754098360656 324.9836167495366 290.2336167495366 3143
171.35 0.13114754098360656 278.59076665298454 243.84076665298454 3427
221.25 0.13114754098360656 271.672474812392 236.922474812392 4425
293.15 0.14754098360655737 226.7022589258448 191.9522589258448 5863
495.5 0.14754098360655737 210.73858520320644 175.98858520320644 9910
501.6 0.14754098360655737 200.69880666785298 165.94880666785298 10032
623.1 0.14754098360655737 193.482119961361 158.732119961361 12462
785.2 0.14754098360655737 183.12372299076864 148.37372299076864 15704
1054.45 0.14754098360655737 160.75237075308206 126.00237075308206 21089
1519.95 0.16393442622950818 145.16006805841295 110.41006805841295 30399
4543.0 0.16393442622950818 140.84091589617125 106.09091589617125 90860
5594.05 0.16393442622950818 126.08291544164885 91.33291544164885 111881
