6.8 0.0 112770.39502033927 112801.24502033928 136
8.6 0.0 62933.864985490276 62964.714985490275 172
24.05 0.0 34862.242046616375 34893.09204661637 481
43.8 0.0 14231.900101823256 14262.750101823256 876
68.7 0.0 12774.599535516043 12805.449535516043 1374
76.15 0.08196721311475409 1015.4539657322081 1046.303965732208 1523
81.4 0.11475409836065574 420.3920984516616 451.2420984516616 1628
106.25 0.14754098360655737 194.82207945982444 225.67207945982443 2125
203.75 0.14754098360655737 178.8421756070371 209.6921756070371 4075
341.25 0.14754098360655737 160.3116305876333 191.16163058763328 6825
464.45 0.16393442622950818 157.8460652788755 188.6960652788755 9289
508.2 0.16393442622950818 142.4113251214938 173.2613251214938 10164
510.7 0.16393442622950818 118.33425290331607 149.18425290331606 10214
530.7 0.16393442622950818 111.02142972726679 141.8714297272668 10614
555.7 0.16393442622950818 109.18835636385288 140.03835636385287 11114
595.7 0.16393442622950818 107.92655281033743 138.77655281033742 11914
620.8 0.16393442622950818 107.3051749224862 138.1551749224862 12416
670.8 0.16393442622950818 106.56624420803098 137.41624420803097 13416
689.45 0.16393442622950818 104.17330531854944 135.02330531854943 13789
706.45 0.18032786885245902 93.9542189747934 124.8042189747934 14129
711.95 0.18032786885245902 84.21463523855226 115.06463523855226 14239
716.95 0.18032786885245902 83.55293775762948 114.40293775762947 14339
721.45 0.18032786885245902 80.767007243233 111.61700724323299 14429
734.45 0.18032786885245902 76.0558813561357 106.9058813561357 14689
736.95 0.18032786885245902 68.99677468675523 99.84677468675523 14739
784.45 0.18032786885245902 68.9628936716644 99.8128936716644 15689
813.95 0.18032786885245902 67.21308384365963 98.06308384365963 16279
851.45 0.18032786885245902 63.81571753989011 94.66571753989011 17029
853.95 0.19672131147540983 62.134047148237464 92.98404714823747 17079
894.45 0.19672131147540983 54.94663985345772 85.79663985345772 17889
906.45 0.19672131147540983 51.862202439530414 82.71220243953042 18129
976.95 0.19672131147540983 50.21816069696104 81.06816069696104 19539
992.55 0.19672131147540983 48.93898121182459 79.78898121182459 19851
1018.5 0.19672131147540983 46.29541251614631 77.14541251614631 20370
1026.95 0.19672131147540983 44.31218280922993 75.16218280922993 20539
1073.5 0.19672131147540983 43.77454655590292 74.62454655590292 21470
1094.45 0.19672131147540983 41.11917619859023 71.96917619859023 21889
1149.3 0.19672131147540983 39.846655766413 70.696655766413 22986
1169.3 0.21311475409836064 33.03025117457269 63.88025117457269 23386
1333.55 0.21311475409836064 30.669039532102587 61.51903953210259 26671
1395.4 0.21311475409836064 28.52273085519208 59.37273085519208 27908
1420.75 0.22950819672131148 24.92261362947275 55.77261362947275 28415
1424.3 0.22950819672131148 23.906074963459126 54.75607496345913 28486
1451.8 0.22950819672131148 23.0552357259916 53.9052357259916 29036
1486.05 0.22950819672131148 22.394019774242246 53.24401977424225 29721
1504.3 0.22950819672131148 21.488740858047883 52.338740858047885 30086
