7.65 0.11475409836065574 540.9685662067062 506.2185662067062 153
50.15 0.11475409836065574 513.8070830978085 479.05708309780846 1003
73.15 0.11475409836065574 419.70136619866224 384.95136619866224 1463
104.75 0.11475409836065574 402.82748956238606 368.07748956238606 2095
111.2 0.13114754098360656 365.5557907646099 330.8057907646099 2224
195.7 0.13114754098360656 360.83177493439825 326.08177493439825 3914
207.2 0.13114754098360656 348.83452812178155 314.08452812178155 4144
226.15 0.13114754098360656 336.5973412034341 301.8473412034341 4523
264.15 0.13114754098360656 334.074068311559 299.324068311559 5283
298.2 0.13114754098360656 333.32408260129625 298.57408260129625 5964
323.95 0.13114754098360656 321.14282984184644 286.39282984184644 6479
333.7 0.13114754098360656 317.6489552027819 282.8989552027819 6674
362.45 0.13114754098360656 315.0696703884903 280.3196703884903 7249
370.85 0.13114754098360656 293.55449148765 258.80449148765 7417
408.8 0.13114754098360656 261.6505119325204 226.90051193252037 8176
426.05 0.14754098360655737 250.26207283516283 215.51207283516283 8521
495.6 0.14754098360655737 249.69727925962218 214.94727925962218 9912
604.85 0.14754098360655737 226.07522401800904 191.32522401800904 12097
715.85 0.14754098360655737 212.21600862247084 177.46600862247084 14317
1323.65 0.14754098360655737 211.12465134373429 176.37465134373429 26473
1417.4 0.14754098360655737 206.54013002537994 171.79013002537994 28348
1657.7 0.14754098360655737 191.777763764932 157.027763764932 33154
1780.95 0.14754098360655737 173.47435414428102 138.72435414428102 35619
2104.15 0.14754098360655737 165.9716249365486 131.2216249365486 42083
3533.5 0.14754098360655737 165.4507988899735 130.7007988899735 70670
3551.45 0.14754098360655737 162.89779395576574 128.14779395576574 71029
3840.8 0.14754098360655737 161.77327173924817 127.02327173924817 76816
3998.85 0.16393442622950818 158.36027291143816 123.61027291143816 79977
4500.65 0.16393442622950818 133.97958214409897 99.22958214409897 90013
