% fevals/dim | frac | F - F_opt (-223.12) | best fitness | fevals
3.05 0.2786885245901639 4.711034547067442 -218.40896545293256 61
35.5 0.2786885245901639 4.087573363580532 -219.03242663641947 710
55.15 0.2786885245901639 4.041917331182702 -219.0780826688173 1103
79.7 0.2786885245901639 4.0382752403235145 -219.0817247596765 1594
161.0 0.29508196721311475 3.806457696861088 -219.31354230313892 3220
215.05 0.29508196721311475 3.6301775301953967 -219.4898224698046 4301
340.45 0.29508196721311475 3.5768689184735933 -219.5431310815264 6809
357.55 0.29508196721311475 2.8514634459542663 -220.26853655404574 7151
480.25 0.29508196721311475 2.705421481214046 -220.41457851878596 9605
1058.25 0.3114754098360656 1.9772625352293858 -221.14273746477062 21165
