20.35 0.11475409836065574 534.3933052261352 499.6433052261352 407
24.5 0.11475409836065574 530.5068044727669 495.75680447276693 490
64.9 0.11475409836065574 437.35757092155416 402.60757092155416 1298
84.05 0.13114754098360656 396.55614093092436 361.80614093092436 1681
127.2 0.13114754098360656 343.247523974174 308.497523974174 2544
150.95 0.13114754098360656 333.4139386854599 298.6639386854599 3019
170.75 0.13114754098360656 331.597314675846 296.847314675846 3415
183.45 0.14754098360655737 234.55069849227186 199.80069849227186 3669
297.0 0.14754098360655737 218.44340757641285 183.69340757641285 5940
576.75 0.14754098360655737 207.63607181254338 172.88607181254338 11535
602.7 0.14754098360655737 202.4274539032159 167.6774539032159 12054
796.25 0.14754098360655737 193.68989589820984 158.93989589820984 15925
953.1 0.14754098360655737 163.4732004176987 128.7232004176987 19062
1634.4 0.14754098360655737 163.06980334040642 128.31980334040642 32688
2088.45 0.16393442622950818 149.66511417404587 114.91511417404587 41769
2368.5 0.16393442622950818 131.43834011610994 96.68834011610994 47370
5232.4 0.16393442622950818 119.1880700318308 84.4380700318308 104648
