8.05 0.0 133587.98652829273 133618.83652829274 161
12.15 0.0 116762.32352277801 116793.17352277802 243
26.15 0.0 43489.403614663286 43520.253614663285 523
49.35 0.0 31987.445101720867 32018.295101720865 987
59.05 0.0 17869.222514341083 17900.072514341082 1181
68.45 0.0 16230.559061399585 16261.409061399585 1369
100.5 0.0 15217.559556919798 15248.409556919798 2010
104.75 0.0 13506.453043865047 13537.303043865048 2095
111.2 0.01639344262295082 9879.989582860684 9910.839582860684 2224
120.5 0.06557377049180328 2028.060229102296 2058.910229102296 2410
123.15 0.13114754098360656 310.34497390552474 341.19497390552476 2463
144.0 0.14754098360655737 235.07041180887288 265.92041180887287 2880
193.85 0.14754098360655737 212.0346125584714 242.8846125584714 3877
214.75 0.14754098360655737 174.77839091715762 205.62839091715762 4295
261.35 0.16393442622950818 132.94178263032686 163.79178263032685 5227
298.3 0.16393442622950818 128.3940527265711 159.24405272657108 5966
338.65 0.16393442622950818 111.20220678715359 142.05220678715358 6773
441.3 0.16393442622950818 106.85813780834809 137.70813780834808 8826
446.0 0.18032786885245902 99.75952919859088 130.60952919859088 8920
521.2 0.18032786885245902 83.1457522913611 113.9957522913611 10424
634.0 0.18032786885245902 78.72792746545946 109.57792746545945 12680
704.5 0.18032786885245902 65.85896298326338 96.70896298326338 14090
770.3 0.18032786885245902 64.05275169115018 94.90275169115017 15406
921.4 0.18032786885245902 64.04511875349678 94.89511875349677 18428
944.9 0.19672131147540983 61.22205574244426 92.07205574244426 18898
981.8 0.19672131147540983 61.05999849029026 91.90999849029026 19636
1000.6 0.19672131147540983 57.60722138548788 88.45722138548788 20012
1046.2 0.19672131147540983 50.6265962815174 81.4765962815174 20924
1102.6 0.19672131147540983 48.41518547521877 79.26518547521877 22052
1110.9 0.19672131147540983 47.37554601572152 78.22554601572152 22218
1209.6 0.19672131147540983 45.69168702927934 76.54168702927934 24192
1226.9 0.19672131147540983 41.893008007992826 72.74300800799283 24538
1273.9 0.19672131147540983 41.28570489743547 72.13570489743547 25478
1406.35 0.19672131147540983 40.80315697943157 71.65315697943157 28127
1477.2 0.21311475409836064 39.34254956728021 70.19254956728021 29544
1523.0 0.21311475409836064 34.04346179430183 64.89346179430183 30460
1529.2 0.21311475409836064 30.669039532102587 61.51903953210259 30584
1590.3 0.22950819672131148 24.348949307247928 55.19894930724793 31806
1642.0 0.22950819672131148 23.555421025544213 54.405421025544214 32840
1985.15 0.22950819672131148 23.432728048037696 54.2827280480377 39703
1989.85 0.22950819672131148 16.650516749558136 47.50051674955814 39797
