% fevals/dim | frac | F - F_opt (273.15) | best fitness | fevals
3.15 0.18032786885245902 65.1738601486191 338.3238601486191 63
15.95 0.19672131147540983 59.085744890987826 332.2357448909878 319
20.65 0.19672131147540983 46.594876764892035 319.744876764892 413
30.05 0.19672131147540983 42.51235482696984 315.6623548269698 601
58.75 0.21311475409836064 34.59688591154094 307.7468859115409 1175
63.9 0.21311475409836064 33.17281581336243 306.3228158133624 1278
67.65 0.21311475409836064 27.45967550117399 300.60967550117397 1353
82.7 0.21311475409836064 27.1348296587023 300.2848296587023 1654
91.15 0.21311475409836064 25.602286735422922 298.7522867354229 1823
96.5 0.21311475409836064 25.335652271643482 298.48565227164346 1930
105.9 0.22950819672131148 21.41908212663509 294.56908212663507 2118
140.85 0.22950819672131148 19.926933855486652 293.07693385548663 2817
143.5 0.22950819672131148 19.203182037200406 292.3531820372004 2870
167.0 0.22950819672131148 16.677510828626282 289.82751082862626 3340
193.9 0.2459016393442623 14.780774874792883 287.93077487479286 3878
231.65 0.2459016393442623 14.06355623109215 287.2135562310921 4633
300.9 0.2459016393442623 13.903039781959762 287.05303978195974 6018
333.8 0.2459016393442623 13.511188815887579 286.66118881588756 6676
366.95 0.2459016393442623 12.565954308398773 285.71595430839875 7339
425.0 0.2459016393442623 11.222788669363126 284.3727886693631 8500
467.75 0.26229508196721313 8.84358747193005 281.99358747193 9355
626.05 0.26229508196721313 8.49798736109068 281.64798736109066 12521
798.75 0.26229508196721313 8.479236507942687 281.62923650794266 15975
855.15 0.2786885245901639 5.924821934262013 279.074821934262 17103
1080.7 0.2786885245901639 5.901398384773643 279.0513983847736 21614
1701.2 0.2786885245901639 5.26011562923793 278.4101156292379 34024
2744.9 0.2786885245901639 5.161279487599131 278.3112794875991 54898
2965.8 0.2786885245901639 5.11531560935947 278.26531560935945 59316
3036.3 0.2786885245901639 4.8574830620228795 278.00748306202286 60726
3372.4 0.2786885245901639 4.492913419357535 277.6429134193575 67448
3517.65 0.29508196721311475 3.836996184791417 276.9869961847914 70353
5540.1 0.29508196721311475 3.0716810039311895 276.22168100393117 110802
