73.65 0.13114754098360656 285.654230971387 152.064230971387 1473
80.85 0.13114754098360656 254.1930366784804 120.60303667848041 1617
86.15 0.14754098360655737 242.83517019673894 109.24517019673894 1723
88.35 0.14754098360655737 241.91780863389008 108.32780863389007 1767
167.45 0.14754098360655737 230.7956847482942 97.2056847482942 3349
187.35 0.14754098360655737 228.30287007106313 94.71287007106312 3747
253.55 0.14754098360655737 222.11718828325166 88.52718828325166 5071
256.3 0.14754098360655737 215.5479453790403 81.9579453790403 5126
292.0 0.14754098360655737 198.8989851399868 65.30898513998679 5840
536.55 0.14754098360655737 182.48299965406954 48.89299965406954 10731
848.15 0.14754098360655737 182.47431418248408 48.884314182484076 16963
1281.25 0.14754098360655737 172.85766504177445 39.26766504177445 25625
1758.6 0.16393442622950818 155.36700765885885 21.77700765885885 35172
2977.9 0.16393442622950818 139.66071236100453 6.070712361004524 59558
