% fevals/dim | frac | F - F_opt (99.53) | best fitness | fevals
3.05 0.14754098360655737 224.13709923819178 323.6670992381918 61
21.35 0.14754098360655737 209.34165188618076 308.87165188618076 427
33.55 0.14754098360655737 202.35160608192186 301.88160608192186 671
38.3 0.14754098360655737 178.65209673598164 278.18209673598164 766
41.6 0.14754098360655737 168.26465491107783 267.7946549110778 832
43.15 0.16393442622950818 123.44795775312727 222.97795775312727 863
59.9 0.16393442622950818 120.97537565022478 220.50537565022478 1198
62.95 0.16393442622950818 100.14091555880557 199.67091555880558 1259
66.35 0.18032786885245902 96.17696903410487 195.70696903410487 1327
69.05 0.18032786885245902 84.49198325995715 184.02198325995715 1381
71.75 0.18032786885245902 73.1286565617784 172.6586565617784 1435
73.4 0.18032786885245902 63.68613340107217 163.21613340107217 1468
87.0 0.18032786885245902 63.556103699136514 163.08610369913652 1740
94.3 0.19672131147540983 50.776959094343965 150.30695909434397 1886
96.5 0.21311475409836064 31.954138135776248 131.48413813577625 1930
109.55 0.21311475409836064 29.316693728481567 128.84669372848157 2191
130.05 0.22950819672131148 18.627129798547458 118.15712979854746 2601
136.15 0.2459016393442623 11.619965391277077 111.14996539127708 2723
142.4 0.26229508196721313 9.951172301392518 109.48117230139252 2848
144.75 0.2786885245901639 4.600128180820036 104.13012818082004 2895
152.85 0.3114754098360656 2.3357214690901174 101.86572146909012 3057
