3.95 0.11475409836065574 623.7383442644095 664.3983442644095 79
11.45 0.11475409836065574 593.7135902126007 634.3735902126007 229
18.6 0.11475409836065574 579.791776117586 620.451776117586 372
22.3 0.11475409836065574 500.1450263114102 540.8050263114102 446
37.3 0.11475409836065574 437.4325777367543 478.09257773675427 746
44.45 0.11475409836065574 431.9581228763956 472.61812287639555 889
48.2 0.11475409836065574 400.4199375137823 441.0799375137823 964
52.3 0.13114754098360656 382.315470499134 422.97547049913396 1046
71.05 0.13114754098360656 345.30760213331575 385.9676021333157 1421
86.05 0.13114754098360656 329.0049591424307 369.6649591424307 1721
87.85 0.13114754098360656 320.79384143312336 361.45384143312333 1757
110.35 0.13114754098360656 306.6995653327939 347.35956533279386 2207
114.1 0.13114754098360656 306.3145172765684 346.97451727656835 2282
137.95 0.13114754098360656 293.78864856193627 334.44864856193624 2759
144.0 0.13114754098360656 292.1619030730251 332.82190307302506 2880
149.2 0.13114754098360656 283.83503047463194 324.4950304746319 2984
162.2 0.13114754098360656 272.5647795196344 313.22477951963435 3244
175.85 0.13114754098360656 257.40299572061156 298.0629957206115 3517
194.2 0.13114754098360656 255.79172977739083 296.4517297773908 3884
198.35 0.14754098360655737 249.5546607952791 290.2146607952791 3967
205.85 0.14754098360655737 228.98726875486463 269.6472687548646 4117
224.6 0.14754098360655737 214.31168647057356 254.97168647057356 4492
250.85 0.14754098360655737 214.01744901481814 254.67744901481814 5017
255.95 0.14754098360655737 210.72126276962678 251.38126276962677 5119
264.15 0.14754098360655737 207.85823538183462 248.51823538183461 5283
269.6 0.14754098360655737 184.55549993528103 225.21549993528103 5392
325.85 0.14754098360655737 184.39369039290415 225.05369039290414 6517
365.85 0.14754098360655737 182.93869351728426 223.59869351728426 7317
370.85 0.14754098360655737 176.52492560512192 217.18492560512192 7417
415.15 0.14754098360655737 172.7813160101802 213.4413160101802 8303
419.6 0.14754098360655737 170.17361006594925 210.83361006594924 8392
439.3 0.14754098360655737 167.68183466673057 208.34183466673056 8786
520.85 0.14754098360655737 166.59851211941444 207.25851211941443 10417
536.55 0.14754098360655737 164.2451413206529 204.9051413206529 10731
