% fevals/dim | frac | F - F_opt (99.53) | best fitness | fevals
3.05 0.14754098360655737 224.13709923819178 323.6670992381918 61
24.65 0.14754098360655737 202.93976937646445 302.46976937646446 493
31.2 0.14754098360655737 172.36272875153415 271.89272875153415 624
52.35 0.14754098360655737 171.47910165503592 271.0091016550359 1047
57.4 0.16393442622950818 126.33975331437412 225.86975331437412 1148
80.6 0.16393442622950818 122.61076089050212 222.14076089050212 1612
85.3 0.16393442622950818 114.96639817167511 214.4963981716751 1706
96.7 0.18032786885245902 87.91907756966012 187.44907756966012 1934
103.25 0.18032786885245902 73.6599849041003 173.1899849041003 2065
118.7 0.19672131147540983 54.38630723215286 153.91630723215286 2374
149.1 0.21311475409836064 38.58562506694247 138.11562506694247 2982
168.75 0.21311475409836064 26.3814377349444 125.9114377349444 3375
181.85 0.2459016393442623 11.668915000122922 111.19891500012292 3637
236.1 0.26229508196721313 9.342885876360484 108.87288587636048 4722
247.35 0.2786885245901639 5.442977165625692 104.9729771656257 4947
268.9 0.2786885245901639 4.247553478377441 103.77755347837744 5378
307.7 0.3114754098360656 2.257675783369379 101.78767578336938 6154
324.5 0.3442622950819672 1.0 100.53 6490
