31.05 0.09836065573770492 722.8308760351418 683.5308760351419 621
44.15 0.09836065573770492 712.2666452837822 672.9666452837822 883
48.7 0.11475409836065574 542.5936584238968 503.29365842389683 974
66.55 0.11475409836065574 527.0654694754153 487.7654694754153 1331
71.85 0.11475409836065574 513.1138082843916 473.81380828439154 1437
89.5 0.11475409836065574 506.0527581751094 466.75275817510936 1790
94.65 0.11475409836065574 449.9336298573808 410.6336298573808 1893
115.15 0.11475409836065574 420.1273265067935 380.8273265067935 2303
132.65 0.11475409836065574 406.31419665783756 367.01419665783754 2653
137.95 0.13114754098360656 366.32265507460977 327.02265507460976 2759
152.25 0.13114754098360656 352.9801925014564 313.68019250145636 3045
170.85 0.13114754098360656 326.30002843613795 287.00002843613794 3417
176.15 0.13114754098360656 310.96942650619224 271.6694265061922 3523
189.35 0.13114754098360656 280.7024378024231 241.4024378024231 3787
254.2 0.13114754098360656 273.0805579648712 233.7805579648712 5084
275.35 0.13114754098360656 266.64277568590956 227.34277568590954 5507
280.65 0.13114754098360656 253.87094486550376 214.57094486550375 5613
301.8 0.13114754098360656 252.53228001955813 213.23228001955812 6036
306.3 0.13114754098360656 251.19483789957724 211.89483789957723 6126
311.6 0.14754098360655737 238.70702052279694 199.40702052279693 6232
316.9 0.14754098360655737 234.93931515582437 195.63931515582436 6338
343.05 0.14754098360655737 227.5627346075811 188.26273460758108 6861
358.95 0.14754098360655737 222.01163345680493 182.71163345680492 7179
383.7 0.14754098360655737 218.4554479008363 179.1554479008363 7674
432.45 0.14754098360655737 209.13349282082845 169.83349282082844 8649
485.35 0.14754098360655737 204.6852165423075 165.3852165423075 9707
496.95 0.14754098360655737 199.47980330646158 160.17980330646157 9939
556.35 0.14754098360655737 198.3140890214719 159.01408902147188 11127
591.75 0.14754098360655737 197.84756374349342 158.5475637434934 11835
