% fevals/dim | frac | F - F_opt (273.15) | best fitness | fevals
1.85 0.18032786885245902 66.88584292585847 340.03584292585845 37
11.0 0.18032786885245902 64.43206093694471 337.5820609369447 220
14.55 0.19672131147540983 44.465350428024465 317.61535042802444 291
54.95 0.21311475409836064 38.636032111795316 311.7860321117953 1099
61.05 0.21311475409836064 33.81023589656144 306.9602358965614 1221
86.6 0.21311475409836064 29.539021182954116 302.6890211829541 1732
95.0 0.22950819672131148 21.518465316475897 294.6684653164759 1900
132.6 0.22950819672131148 21.147626951939117 294.2976269519391 2652
143.45 0.22950819672131148 21.055921449821597 294.2059214498216 2869
147.4 0.22950819672131148 19.88118181996532 293.0311818199653 2948
161.4 0.22950819672131148 19.68166165180071 292.8316616518007 3228
164.2 0.22950819672131148 17.874537048626735 291.0245370486267 3284
184.9 0.22950819672131148 17.193295591602805 290.3432955916028 3698
211.65 0.2459016393442623 14.575956215477788 287.72595621547777 4233
229.8 0.2459016393442623 12.854771763367864 286.00477176336784 4596
256.55 0.2459016393442623 11.670300288983924 284.8203002889839 5131
268.75 0.2459016393442623 10.980221833869166 284.13022183386914 5375
313.8 0.2459016393442623 10.211923445922594 283.36192344592257 6276
420.25 0.26229508196721313 9.688620431797574 282.83862043179755 8405
471.25 0.26229508196721313 8.632063029959795 281.7820630299598 9425
614.9 0.26229508196721313 7.856630524691752 281.00663052469173 12298
729.35 0.26229508196721313 7.564941708845254 280.71494170884523 14587
915.0 0.26229508196721313 6.5540424057231235 279.7040424057231 18300
1475.75 0.2786885245901639 5.80315349337593 278.9531534933759 29515
