% fevals/dim | frac | F - F_opt (-209.88) | best fitness | fevals
1.55 0.0 2433864.64116796 2433654.7611679602 31
11.9 0.0 1965679.189767122 1965469.3097671221 238
18.8 0.0 1912876.5746903901 1912666.6946903903 376
26.45 0.0 1884878.6307011324 1884668.7507011325 529
43.7 0.0 1479455.8202603364 1479245.9402603365 874
45.7 0.0 588405.7082331418 588195.8282331418 914
61.6 0.0 481790.93084350275 481581.05084350274 1232
71.95 0.0 471678.25375163334 471468.37375163333 1439
75.4 0.0 422271.8352914414 422061.9552914414 1508
92.65 0.0 404383.9575737708 404174.0775737708 1853
109.9 0.0 220789.7932967746 220579.91329677458 2198
116.8 0.0 160618.49898798397 160408.61898798397 2336
140.95 0.0 155798.17497372662 155588.29497372662 2819
196.55 0.0 146099.31441459645 145889.43441459644 3931
203.45 0.0 129695.18490394873 129485.30490394872 4069
215.35 0.0 122459.12479676922 122249.24479676921 4307
222.4 0.0 111970.13210121902 111760.25210121901 4448
229.55 0.0 99967.61763930142 99757.73763930141 4591
264.05 0.0 97541.33319715085 97331.45319715084 5281
277.45 0.0 92971.46352441834 92761.58352441834 5549
294.7 0.0 92389.75927321806 92179.87927321806 5894
311.95 0.0 86923.99219871036 86714.11219871035 6239
356.05 0.0 86368.61990358887 86158.73990358887 7121
369.85 0.0 85267.32180708037 85057.44180708037 7397
373.3 0.0 85235.87391182731 85025.9939118273 7466
428.5 0.0 85160.25476060716 84950.37476060716 8570
436.55 0.0 84660.02703299 84450.14703298999 8731
440.15 0.0 84601.83250032076 84391.95250032075 8803
444.1 0.0 84287.90548336251 84078.02548336251 8882
461.35 0.0 83943.92320126398 83734.04320126398 9227
469.3 0.0 83897.0496400239 83687.1696400239 9386
483.95 0.0 83824.33140917792 83614.45140917791 9679
500.35 0.0 83612.62175175073 83402.74175175073 10007
517.6 0.0 83489.68024522533 83279.80024522533 10352
525.1 0.0 83480.7205443519 83270.8405443519 10502
549.25 0.0 83460.75335142366 83250.87335142365 10985
556.15 0.0 83430.90966796104 83221.02966796103 11123
602.55 0.0 83415.5732926385 83205.69329263849 12051
619.8 0.0 83407.64121764894 83197.76121764893 12396
633.6 0.0 83407.15313457666 83197.27313457665 12672
681.4 0.0 83404.64867147047 83194.76867147046 13628
