% fevals/dim | frac | F - F_opt (-209.88) | best fitness | fevals
1.55 0.0 2433864.64116796 2433654.7611679602 31
11.2 0.0 1423594.32294564 1423384.44294564 224
16.8 0.0 1378017.708754568 1377807.828754568 336
28.0 0.0 1286472.1832001526 1286262.3032001527 560
34.35 0.0 589395.363535245 589185.483535245 687
50.35 0.0 272356.2207022029 272146.34070220287 1007
55.95 0.0 267541.21994348173 267331.3399434817 1119
64.35 0.0 267328.2352849999 267118.3552849999 1287
69.95 0.0 264716.2161316199 264506.3361316199 1399
72.75 0.0 125004.36181600574 124794.48181600573 1455
86.75 0.0 121070.59049269972 120860.71049269971 1735
101.15 0.0 116740.88322672392 116531.00322672391 2023
107.5 0.0 107417.81750539377 107207.93750539377 2150
118.85 0.0 105011.94439071768 104802.06439071767 2377
120.75 0.0 100907.9605377803 100698.08053778029 2415
124.85 0.0 96363.51060756964 96153.63060756963 2497
136.75 0.0 90468.95730886002 90259.07730886001 2735
142.35 0.0 90432.57725774015 90222.69725774015 2847
151.15 0.0 90229.87627614934 90019.99627614934 3023
151.45 0.0 87142.47796611128 86932.59796611128 3029
158.35 0.0 86457.6224837646 86247.7424837646 3167
162.3 0.0 85079.00084077113 84869.12084077112 3246
176.7 0.0 84891.79343037638 84681.91343037637 3534
182.3 0.0 84724.12255481187 84514.24255481186 3646
190.3 0.0 84720.62968063708 84510.74968063708 3806
193.1 0.0 84566.62007313207 84356.74007313207 3862
195.85 0.0 84383.79539211649 84173.91539211648 3917
198.45 0.0 84145.93916148109 83936.05916148108 3969
208.3 0.0 83677.11432191759 83467.23432191758 4166
234.65 0.0 83672.62094877734 83462.74094877734 4693
236.3 0.0 83553.79150794736 83343.91150794736 4726
243.7 0.0 83452.83125775824 83242.95125775824 4874
273.8 0.0 83425.48769985596 83215.60769985596 5476
290.4 0.0 83409.07126669727 83199.19126669726 5808
293.2 0.0 83406.56680359106 83196.68680359106 5864
307.2 0.0 83404.93747633022 83195.05747633021 6144
348.95 0.0 83404.64867147047 83194.76867147046 6979
