342.65 0.13114754098360656 302.2873898319939 168.6973898319939 6853
411.6 0.13114754098360656 268.19727078232387 134.60727078232387 8232
531.4 0.13114754098360656 263.0770295965026 129.4870295965026 10628
541.9 0.14754098360655737 227.33244436275731 93.74244436275731 10838
759.85 0.14754098360655737 224.98228275119877 91.39228275119876 15197
1036.1 0.14754098360655737 208.66299822220643 75.07299822220642 20722
1211.6 0.14754098360655737 196.9653871619971 63.37538716199711 24232
1770.5 0.14754098360655737 177.05504283158513 43.46504283158512 35410
3791.9 0.14754098360655737 173.92373674909345 40.33373674909345 75838
4601.95 0.14754098360655737 172.78049353325014 39.190493533250134 92039
6304.0 0.14754098360655737 168.84018292077363 35.250182920773625 126080
7263.85 0.14754098360655737 159.04413977675773 25.454139776757728 145277
