% fevals/dim | frac | F - F_opt (-39.43) | best fitness | fevals
1.65 0.19672131147540983 51.405218907836534 11.975218907836535 33
5.8 0.21311475409836064 34.71157883976239 -4.718421160237611 116
9.4 0.21311475409836064 27.537085862272036 -11.892914137727963 188
15.2 0.22950819672131148 21.450409133463143 -17.979590866536856 304
53.6 0.22950819672131148 20.355722431712213 -19.074277568287787 1072
56.2 0.22950819672131148 16.171017409520488 -23.258982590479512 1124
73.2 0.2459016393442623 15.214841522782521 -24.21515847721748 1464
76.4 0.2459016393442623 13.855685377248452 -25.574314622751547 1528
89.55 0.2459016393442623 12.845293443825668 -26.584706556174332 1791
94.95 0.2459016393442623 12.486019738933685 -26.943980261066315 1899
99.8 0.2459016393442623 10.339446176758624 -29.090553823241375 1996
115.5 0.26229508196721313 9.810497043870278 -29.619502956129722 2310
126.3 0.26229508196721313 9.672817675978067 -29.757182324021933 2526
134.55 0.26229508196721313 8.18740349646496 -31.24259650353504 2691
148.55 0.26229508196721313 8.044319531227949 -31.38568046877205 2971
152.6 0.26229508196721313 7.990883623854039 -31.43911637614596 3052
155.65 0.26229508196721313 7.960566296494459 -31.46943370350554 3113
163.5 0.26229508196721313 7.761898194173 -31.668101805827 3270
168.2 0.26229508196721313 7.004042526939543 -32.42595747306046 3364
170.7 0.26229508196721313 6.825248880000011 -32.60475111999999 3414
172.95 0.26229508196721313 6.403327158125663 -33.02667284187434 3459
189.75 0.2786885245901639 5.476572100037167 -33.95342789996283 3795
196.95 0.2786885245901639 4.954736285029455 -34.475263714970545 3939
220.95 0.2786885245901639 4.676388958164942 -34.75361104183506 4419
228.3 0.2786885245901639 4.011423192089325 -35.418576807910675 4566
236.6 0.29508196721311475 3.787335786647951 -35.64266421335205 4732
244.0 0.29508196721311475 3.543518866301241 -35.88648113369876 4880
247.15 0.29508196721311475 2.651559898819656 -36.778440101180344 4943
266.65 0.29508196721311475 2.6494588410125104 -36.78054115898749 5333
272.35 0.3114754098360656 1.948887145961045 -37.481112854038955 5447
339.45 0.3114754098360656 1.714707308432594 -37.715292691567406 6789
363.05 0.32786885245901637 1.5268084235833115 -37.90319157641669 7261
394.8 0.32786885245901637 1.2319170131296389 -38.19808298687036 7896
413.9 0.32786885245901637 1.1031637916081323 -38.32683620839187 8278
429.95 0.3442622950819672 0.8349016218455532 -38.59509837815445 8599
490.6 0.3442622950819672 0.830037119270493 -38.59996288072951 9812
499.1 0.3442622950819672 0.7791764606125327 -38.65082353938747 9982
502.5 0.36065573770491804 0.6269160521817483 -38.80308394781825 10050
595.75 0.36065573770491804 0.6167044478670931 -38.81329555213291 11915
