6.85 0.0 119285.00739462094 119315.85739462095 137
23.85 0.0 109224.01341536692 109254.86341536693 477
27.35 0.0 32036.678290275097 32067.528290275095 547
63.9 0.0 22508.152536768433 22539.002536768432 1278
80.1 0.03278688524590164 4139.767944662555 4170.617944662556 1602
95.15 0.11475409836065574 417.1051718632542 447.95517186325424 1903
131.65 0.11475409836065574 413.7147011826144 444.56470118261444 2633
156.95 0.13114754098360656 355.4282808068912 386.27828080689125 3139
177.2 0.13114754098360656 350.35102684188956 381.2010268418896 3544
218.7 0.13114754098360656 340.9489921714229 371.7989921714229 4374
224.0 0.13114754098360656 271.5517752468131 302.40177524681314 4480
270.35 0.13114754098360656 261.5208335271432 292.37083352714325 5407
274.4 0.14754098360655737 250.50260497488566 281.35260497488565 5488
283.05 0.14754098360655737 216.9186617222364 247.7686617222364 5661
307.25 0.14754098360655737 214.9136142300981 245.76361423009809 6145
314.9 0.14754098360655737 187.47908015142576 218.32908015142576 6298
420.65 0.16393442622950818 132.48078692319797 163.33078692319796 8413
521.9 0.16393442622950818 126.14156680511874 156.99156680511874 10438
809.45 0.16393442622950818 120.92689491513983 151.77689491513982 16189
813.5 0.16393442622950818 117.89286375856628 148.74286375856627 16270
1013.35 0.16393442622950818 117.60128033244649 148.4512803324465 20267
1045.5 0.16393442622950818 117.1130122043142 147.9630122043142 20910
1052.45 0.16393442622950818 116.51846054430194 147.36846054430194 21049
1084.85 0.16393442622950818 109.42312751639432 140.2731275163943 21697
1098.4 0.16393442622950818 104.59660051451786 135.44660051451785 21968
1138.9 0.18032786885245902 97.07458738609287 127.92458738609287 22778
1215.6 0.18032786885245902 89.83893799138477 120.68893799138476 24312
1361.4 0.18032786885245902 89.68191940063582 120.53191940063581 27228
1368.25 0.18032786885245902 88.6396084180395 119.4896084180395 27365
1369.5 0.18032786885245902 87.96189087092432 118.81189087092432 27390
1390.0 0.18032786885245902 85.3031170559139 116.1531170559139 27800
1412.8 0.18032786885245902 80.64556587986522 111.49556587986521 28256
1559.85 0.18032786885245902 79.42547814936793 110.27547814936793 31197
1580.1 0.18032786885245902 76.63363833943214 107.48363833943213 31602
1596.3 0.18032786885245902 75.34709463572841 106.1970946357284 31926
1705.65 0.18032786885245902 73.84395731333612 104.69395731333611 34113
1750.45 0.18032786885245902 68.45578512835851 99.30578512835851 35009
1863.6 0.18032786885245902 66.2097031501969 97.0597031501969 37272
1879.2 0.19672131147540983 60.945156240437164 91.79515624043717 37584
1988.55 0.19672131147540983 58.476081937570335 89.32608193757034 39771
2011.65 0.19672131147540983 53.74854161256763 84.59854161256763 40233
2065.5 0.19672131147540983 53.665286530920774 84.51528653092078 41310
2126.25 0.19672131147540983 51.009914925847305 81.8599149258473 42525
2220.95 0.19672131147540983 49.07487191003299 79.92487191003299 44419
2303.25 0.19672131147540983 44.46299372766091 75.31299372766091 46065
2407.95 0.19672131147540983 43.43673399479308 74.28673399479308 48159
2424.15 0.19672131147540983 42.989461843602434 73.83946184360244 48483
2465.25 0.19672131147540983 40.17455015680863 71.02455015680863 49305
2477.4 0.21311475409836064 35.804724408636524 66.65472440863653 49548
2549.7 0.21311475409836064 33.051603328874876 63.90160332887488 50994
2557.8 0.21311475409836064 26.723482557251415 57.57348255725142 51156
2752.2 0.21311475409836064 26.112804476488556 56.96280447648856 55044
2758.6 0.22950819672131148 24.472812468018283 55.322812468018284 55172
3054.25 0.22950819672131148 23.40939744647983 54.25939744647983 61085
3119.05 0.22950819672131148 22.195659265682743 53.045659265682744 62381
3165.9 0.22950819672131148 21.665277747871563 52.515277747871565 63318
3340.3 0.22950819672131148 20.526482350434257 51.37648235043426 66806
4055.8 0.22950819672131148 19.184374900450557 50.03437490045056 81116
4291.95 0.2459016393442623 13.4174154494345 44.2674154494345 85839
