% fevals/dim | frac | F - F_opt (-209.88) | best fitness | fevals
1.55 0.0 2433864.64116796 2433654.7611679602 31
20.65 0.0 2203293.372222345 2203083.492222345 413
27.0 0.0 2199178.755289374 2198968.875289374 540
36.3 0.0 1353067.486711003 1352857.606711003 726
54.5 0.0 888375.086644212 888165.206644212 1090
60.95 0.0 860315.5644935633 860105.6844935633 1219
65.4 0.0 727498.1752499356 727288.2952499356 1308
78.1 0.0 634880.7408239424 634670.8608239423 1562
84.5 0.0 395973.8093985859 395763.92939858587 1690
93.55 0.0 394908.89275833726 394699.01275833725 1871
109.9 0.0 354113.01800788933 353903.1380078893 2198
128.0 0.0 171134.26988945942 170924.38988945942 2560
153.4 0.0 142235.61553425805 142025.73553425804 3068
176.8 0.0 124534.279343994 124324.399343994 3536
194.55 0.0 117566.78383489324 117356.90383489324 3891
214.1 0.0 107026.15574943494 106816.27574943494 4282
223.25 0.0 105407.527311536 105197.647311536 4465
234.05 0.0 98394.84327784023 98184.96327784023 4681
253.1 0.0 91071.51893654799 90861.63893654798 5062
285.6 0.0 90051.88334082243 89842.00334082243 5712
298.3 0.0 87819.47527448088 87609.59527448087 5966
311.0 0.0 87693.05389040789 87483.17389040788 6220
313.2 0.0 84929.54004310281 84719.6600431028 6264
325.9 0.0 84856.56606655855 84646.68606655854 6518
337.8 0.0 84414.64496835004 84204.76496835003 6756
370.35 0.0 84325.22728351616 84115.34728351615 7407
401.2 0.0 83857.54844416871 83647.66844416871 8024
411.7 0.0 83810.2198696004 83600.3398696004 8234
414.55 0.0 83742.65374636452 83532.77374636452 8291
426.45 0.0 83557.88973756108 83348.00973756108 8529
484.4 0.0 83432.91964682545 83223.03964682545 9688
503.45 0.0 83424.14648379655 83214.26648379654 10069
516.15 0.0 83421.09043074683 83211.21043074683 10323
576.25 0.0 83405.4255594025 83195.5455594025 11525
620.7 0.0 83405.13675454275 83195.25675454274 12414
648.65 0.0 83405.09269154281 83195.21269154281 12973
656.5 0.0 83404.64867147047 83194.76867147046 13130
