% fevals/dim | frac | F - F_opt (273.15) | best fitness | fevals
3.15 0.18032786885245902 65.1738601486191 338.3238601486191 63
8.85 0.21311475409836064 37.0193770070299 310.1693770070299 177
68.55 0.21311475409836064 33.58367843983291 306.7336784398329 1371
97.0 0.21311475409836064 28.0649322353421 301.2149322353421 1940
126.85 0.21311475409836064 27.10319905075545 300.2531990507554 2537
130.35 0.22950819672131148 22.845408806342277 295.99540880634225 2607
133.85 0.22950819672131148 22.46880854356118 295.61880854356116 2677
140.85 0.22950819672131148 22.401445178822712 295.5514451788227 2817
144.35 0.22950819672131148 21.172089125845844 294.3220891258458 2887
183.5 0.22950819672131148 20.39422310365012 293.5442231036501 3670
193.35 0.22950819672131148 17.33982906678341 290.4898290667834 3867
209.3 0.2459016393442623 15.29388059706082 288.4438805970608 4186
248.5 0.2459016393442623 13.933846372233631 287.0838463722336 4970
250.95 0.2459016393442623 13.20742310777365 286.3574231077736 5019
283.5 0.2459016393442623 10.528928825224284 283.67892882522426 5670
594.95 0.2459016393442623 10.143070374233503 283.2930703742335 11899
654.45 0.26229508196721313 9.314972617155945 282.4649726171559 13089
663.25 0.26229508196721313 8.221328458713856 281.37132845871383 13265
819.25 0.26229508196721313 8.167613672229379 281.31761367222936 16385
912.7 0.26229508196721313 8.071640164222572 281.22164016422255 18254
1153.35 0.26229508196721313 8.036373354812497 281.1863733548125 23067
1172.8 0.26229508196721313 7.842001904795268 280.99200190479525 23456
1176.25 0.26229508196721313 6.504066432994989 279.65406643299497 23525
1370.35 0.26229508196721313 6.33006486193176 279.48006486193174 27407
1799.15 0.2786885245901639 6.184759165576338 279.3347591655763 35983
2513.15 0.2786885245901639 6.172225266328155 279.32222526632813 50263
3032.3 0.2786885245901639 4.8574830620228795 278.00748306202286 60646
3494.45 0.2786885245901639 4.4406337643277425 277.5906337643277 69889
3546.95 0.2786885245901639 4.275992680578838 277.4259926805788 70939
5006.45 0.2786885245901639 4.188415301478926 277.3384153014789 100129
5233.95 0.29508196721311475 3.703116741521171 276.85311674152115 104679
5363.45 0.29508196721311475 3.6497973446198557 276.79979734461983 107269
5870.95 0.29508196721311475 3.096529478545449 276.2465294785454 117419
5919.95 0.29508196721311475 3.0716810039311895 276.22168100393117 118399
