% fevals/dim | frac | F - F_opt (99.53) | best fitness | fevals
2.75 0.13114754098360656 263.62984423362525 363.1598442336252 55
16.9 0.13114754098360656 256.9671859832704 356.49718598327036 338
25.7 0.14754098360655737 217.5263816056711 317.0563816056711 514
29.5 0.14754098360655737 180.46265843687652 279.9926584368765 590
35.7 0.14754098360655737 174.76429149513675 274.29429149513675 714
38.6 0.16393442622950818 133.2662800791826 232.7962800791826 772
54.75 0.16393442622950818 120.41512065765065 219.94512065765065 1095
60.1 0.16393442622950818 115.94906512005846 215.47906512005846 1202
61.8 0.16393442622950818 112.55332438473263 212.08332438473263 1236
65.9 0.18032786885245902 66.6134157355427 166.1434157355427 1318
77.5 0.19672131147540983 62.098064168803944 161.62806416880395 1550
84.5 0.19672131147540983 57.20656130069037 156.73656130069037 1690
95.3 0.19672131147540983 45.89585991832948 145.42585991832948 1906
103.85 0.19672131147540983 41.47743341041402 141.00743341041402 2077
110.6 0.21311475409836064 35.58999908562345 135.11999908562345 2212
115.85 0.21311475409836064 28.985177378734534 128.51517737873453 2317
118.75 0.21311475409836064 28.177415683273992 127.707415683274 2375
120.5 0.22950819672131148 23.141699739964565 122.67169973996457 2410
122.15 0.22950819672131148 21.722205822600984 121.25220582260098 2443
126.8 0.22950819672131148 19.960196983468634 119.49019698346864 2536
130.35 0.22950819672131148 17.299009231757537 116.82900923175754 2607
133.1 0.22950819672131148 16.90725165418513 116.43725165418513 2662
138.0 0.2459016393442623 15.695199407029222 115.22519940702922 2760
