8.2 0.0 142975.14567441936 143005.99567441936 164
9.8 0.0 131189.45459777117 131220.30459777117 196
17.5 0.0 128031.94862894378 128062.79862894378 350
22.05 0.0 97373.79878060998 97404.64878060999 441
27.55 0.0 79274.47046491083 79305.32046491084 551
36.15 0.0 55981.80504709257 56012.655047092565 723
42.15 0.0 33234.3324025091 33265.1824025091 843
52.7 0.0 32686.016050171893 32716.86605017189 1054
55.55 0.01639344262295082 8659.631342926197 8690.481342926198 1111
91.65 0.03278688524590164 5954.005492734917 5984.855492734918 1833
100.65 0.09836065573770492 733.0393687279229 763.8893687279229 2013
130.3 0.09836065573770492 693.143261261129 723.9932612611291 2606
138.0 0.11475409836065574 413.17439234560675 444.02439234560677 2760
239.65 0.11475409836065574 408.7005614274746 439.55056142747463 4793
307.55 0.11475409836065574 405.64516639125884 436.49516639125886 6151
318.55 0.13114754098360656 361.49520115004754 392.34520115004756 6371
323.4 0.13114754098360656 353.73615967827726 384.5861596782773 6468
333.95 0.13114754098360656 321.5332726968563 352.3832726968563 6679
367.05 0.13114754098360656 307.2573207299801 338.10732072998013 7341
410.7 0.14754098360655737 227.08959719042937 257.93959719042937 8214
425.25 0.14754098360655737 225.88273399276446 256.73273399276445 8505
643.5 0.14754098360655737 215.0140239820093 245.8640239820093 12870
811.45 0.14754098360655737 213.5792798764468 244.4292798764468 16229
1058.8 0.14754098360655737 207.43465671440563 238.28465671440563 21176
1092.75 0.14754098360655737 182.78324394694832 213.6332439469483 21855
1335.8 0.16393442622950818 146.48333650595976 177.33333650595975 26716
1766.9 0.16393442622950818 130.27960231673296 161.12960231673296 35338
1843.6 0.16393442622950818 124.53001245139052 155.3800124513905 36872
1848.4 0.16393442622950818 108.41153359439332 139.2615335943933 36968
2134.55 0.16393442622950818 104.73971771455354 135.58971771455353 42691
2244.5 0.18032786885245902 96.99640201827853 127.84640201827852 44890
2415.85 0.18032786885245902 76.77954940666919 107.62954940666918 48317
2732.6 0.18032786885245902 75.7510509668102 106.60105096681019 54652
2742.3 0.18032786885245902 66.45747840044493 97.30747840044492 54846
3098.45 0.18032786885245902 64.34809922885492 95.19809922885491 61969
3099.8 0.19672131147540983 62.23576382038461 93.08576382038461 61996
3203.95 0.19672131147540983 52.822295350179964 83.67229535017997 64079
3490.65 0.19672131147540983 52.22856242238563 83.07856242238563 69813
3544.25 0.19672131147540983 47.72850012466278 78.57850012466278 70885
3687.65 0.19672131147540983 43.966459098030434 74.81645909803044 73753
3746.2 0.19672131147540983 43.918929045958826 74.76892904595883 74924
3878.6 0.19672131147540983 42.126255529233184 72.97625552923319 77572
3882.95 0.19672131147540983 40.81749883913647 71.66749883913647 77659
4022.65 0.21311475409836064 38.8331149223714 69.6831149223714 80453
4055.7 0.21311475409836064 38.00474994861111 68.85474994861111 81114
4109.05 0.21311475409836064 32.07694286520318 62.92694286520318 82181
4217.15 0.21311475409836064 28.158162097494298 59.0081620974943 84343
4309.3 0.22950819672131148 22.949988354419794 53.799988354419796 86186
5039.5 0.22950819672131148 22.394019774242246 53.24401977424225 100790
5064.55 0.22950819672131148 21.818238627589103 52.668238627589105 101291
5239.2 0.22950819672131148 21.488740858047883 52.338740858047885 104784
5254.05 0.22950819672131148 19.184374900450557 50.03437490045056 105081
5293.45 0.22950819672131148 16.650516749558136 47.50051674955814 105869
