16.65 0.09836065573770492 637.3050458330872 598.0050458330873 333
48.85 0.09836065573770492 634.8534509712283 595.5534509712284 977
69.15 0.11475409836065574 595.342902063857 556.042902063857 1383
78.35 0.11475409836065574 440.8326399287531 401.5326399287531 1567
105.95 0.11475409836065574 436.8904785115231 397.5904785115231 2119
124.35 0.11475409836065574 415.52667969032325 376.22667969032324 2487
168.8 0.13114754098360656 388.0297406596667 348.7297406596667 3376
182.6 0.13114754098360656 381.70667800368506 342.40667800368504 3652
201.0 0.13114754098360656 359.8373182031392 320.5373182031392 4020
209.05 0.13114754098360656 336.0424145491435 296.74241454914346 4181
213.65 0.13114754098360656 304.9124803148185 265.61248031481847 4273
259.65 0.13114754098360656 303.8998748020469 264.5998748020469 5193
276.6 0.13114754098360656 298.6261887663262 259.3261887663262 5532
283.25 0.13114754098360656 285.0435186329009 245.74351863290087 5665
305.65 0.13114754098360656 275.4473546410659 236.14735464106587 6113
320.05 0.13114754098360656 268.62613761857085 229.32613761857084 6401
331.8 0.13114754098360656 262.3120616347582 223.0120616347582 6636
379.85 0.13114754098360656 255.49772155748104 216.19772155748103 7597
402.85 0.14754098360655737 235.94022174357275 196.64022174357274 8057
439.65 0.14754098360655737 234.9421005173868 195.64210051738678 8793
454.45 0.14754098360655737 231.0678534936984 191.7678534936984 9089
459.05 0.14754098360655737 222.1502405989687 182.8502405989687 9181
468.55 0.14754098360655737 220.28171898502592 180.9817189850259 9371
501.3 0.14754098360655737 219.3357431704373 180.03574317043729 10026
521.8 0.14754098360655737 217.75745439292422 178.4574543929242 10436
529.25 0.14754098360655737 211.88721075503554 172.58721075503553 10585
551.05 0.14754098360655737 208.41227565003499 169.11227565003497 11021
565.0 0.14754098360655737 204.77093677518621 165.4709367751862 11300
572.35 0.14754098360655737 203.93814529272493 164.63814529272491 11447
583.4 0.14754098360655737 202.43476848719564 163.13476848719563 11668
611.0 0.14754098360655737 201.42216297442405 162.12216297442404 12220
618.4 0.14754098360655737 200.65025730946246 161.35025730946245 12368
645.95 0.14754098360655737 198.3140890214719 159.01408902147188 12919
653.4 0.14754098360655737 197.84756374349342 158.5475637434934 13068
