28.8 0.14754098360655737 244.88645075671582 111.29645075671581 576
252.8 0.14754098360655737 237.52024989983073 103.93024989983073 5056
267.2 0.14754098360655737 216.3355885595151 82.74558855951508 5344
391.85 0.14754098360655737 212.90177075629313 79.31177075629313 7837
631.75 0.14754098360655737 201.88967700832 68.29967700832 12635
814.1 0.14754098360655737 199.6049717637242 66.01497176372419 16282
960.3 0.14754098360655737 183.97228149663965 50.38228149663965 19206
1626.4 0.14754098360655737 179.7329483685486 46.14294836854859 32528
1930.05 0.14754098360655737 178.83064732158604 45.24064732158604 38601
2007.55 0.14754098360655737 177.05754424953935 43.467544249539344 40151
2213.55 0.14754098360655737 164.87318887367513 31.28318887367513 44271
2729.2 0.14754098360655737 161.36590901971576 27.775909019715755 54584
3193.25 0.14754098360655737 160.54939314870614 26.95939314870614 63865
5183.65 0.16393442622950818 154.69360790328813 21.103607903288122 103673
7787.8 0.16393442622950818 148.0821722273298 14.492172227329803 155756
8745.55 0.16393442622950818 147.157879351311 13.567879351311007 174911
