10.35 0.13114754098360656 302.927976006932 169.337976006932 207
66.25 0.13114754098360656 298.9069931027004 165.31699310270042 1325
76.55 0.13114754098360656 297.09520459887597 163.50520459887596 1531
137.4 0.13114754098360656 262.161823448469 128.57182344846902 2748
220.35 0.14754098360655737 215.04980619674936 81.45980619674935 4407
334.2 0.14754098360655737 212.95270977564059 79.36270977564058 6684
405.2 0.14754098360655737 196.74022665949428 63.15022665949428 8104
497.15 0.14754098360655737 187.73936597506759 54.14936597506758 9943
1079.8 0.14754098360655737 178.27526702929813 44.68526702929813 21596
2279.05 0.16393442622950818 148.04474480626698 14.454744806266973 45581
