% fevals/dim | frac | F - F_opt (40.66) | best fitness | fevals
6.85 0.09836065573770492 653.8673864234765 694.5273864234765 137
9.25 0.11475409836065574 600.9167873756805 641.5767873756805 185
18.75 0.11475409836065574 586.9487568449163 627.6087568449162 375
26.85 0.11475409836065574 567.0097006613604 607.6697006613604 537
33.85 0.11475409836065574 558.416834288403 599.076834288403 677
41.65 0.11475409836065574 455.027070987661 495.68707098766095 833
76.85 0.11475409836065574 451.94358679423965 492.6035867942396 1537
79.35 0.11475409836065574 439.4245800170345 480.08458001703445 1587
89.95 0.11475409836065574 436.5429655677724 477.20296556777237 1799
92.0 0.11475409836065574 399.32417640693563 439.9841764069356 1840
103.55 0.13114754098360656 385.8966272857906 426.55662728579057 2071
106.2 0.13114754098360656 367.6860483655415 408.3460483655415 2124
125.65 0.13114754098360656 361.61469214122064 402.2746921412206 2513
126.75 0.13114754098360656 355.20638852841546 395.8663885284154 2535
133.75 0.13114754098360656 336.7820221305659 377.4420221305659 2675
157.25 0.13114754098360656 321.6829654034847 362.34296540348464 3145
183.85 0.13114754098360656 315.63982478595733 356.2998247859573 3677
190.0 0.13114754098360656 294.7393584730654 335.3993584730654 3800
199.1 0.13114754098360656 277.3411659512591 318.00116595125905 3982
206.1 0.13114754098360656 275.32803117474725 315.9880311747472 4122
216.0 0.13114754098360656 264.0338981504809 304.6938981504809 4320
227.7 0.13114754098360656 251.3263566677883 291.9863566677883 4554
234.1 0.14754098360655737 247.04868016594267 287.70868016594267 4682
269.1 0.14754098360655737 240.4467221184568 281.1067221184568 5382
325.1 0.14754098360655737 239.89708958916864 280.55708958916864 6502
329.85 0.14754098360655737 232.89171301306484 273.55171301306484 6597
341.65 0.14754098360655737 224.83720138776064 265.49720138776064 6833
350.65 0.14754098360655737 216.33797982092855 256.99797982092855 7013
379.8 0.14754098360655737 199.19104141136188 239.85104141136188 7596
435.7 0.14754098360655737 195.95637868192253 236.61637868192253 8714
456.0 0.14754098360655737 194.07065745382195 234.73065745382195 9120
463.0 0.14754098360655737 190.78166242432923 231.44166242432922 9260
471.1 0.14754098360655737 182.912897636547 223.572897636547 9422
491.0 0.14754098360655737 180.5243923322754 221.1843923322754 9820
534.3 0.14754098360655737 180.49205818819297 221.15205818819297 10686
551.6 0.14754098360655737 178.03334062381248 218.69334062381247 11032
568.8 0.14754098360655737 177.73537437408515 218.39537437408515 11376
583.3 0.14754098360655737 168.70517491959782 209.36517491959782 11666
666.0 0.14754098360655737 165.8647628237421 206.5247628237421 13320
713.75 0.14754098360655737 165.85733535424703 206.51733535424702 14275
729.0 0.14754098360655737 165.729489857545 206.389489857545 14580
755.4 0.14754098360655737 164.74272845931333 205.40272845931332 15108
766.7 0.14754098360655737 164.53229889451057 205.19229889451057 15334
774.1 0.14754098360655737 164.38041428685 205.04041428685 15482
780.7 0.14754098360655737 164.2451413206529 204.9051413206529 15614
