% fevals/dim | frac | F - F_opt (-209.88) | best fitness | fevals
1.55 0.0 2433864.64116796 2433654.7611679602 31
18.5 0.0 860467.4192935495 860257.5392935495 370
23.15 0.0 860460.0852357136 860250.2052357136 463
41.25 0.0 501133.31610297033 500923.4361029703 825
55.3 0.0 485932.4778595542 485722.59785955417 1106
65.0 0.0 261912.23112566286 261702.35112566286 1300
119.5 0.0 220503.56688788816 220293.68688788815 2390
125.45 0.0 184141.8176986613 183931.9376986613 2509
127.15 0.0 117445.44742665866 117235.56742665866 2543
136.45 0.0 106421.08973019604 106211.20973019603 2729
159.7 0.0 96145.02380801649 95935.14380801648 3194
169.0 0.0 95461.69471995387 95251.81471995387 3380
196.9 0.0 93338.78758047237 93128.90758047237 3938
215.5 0.0 93280.08636702596 93070.20636702595 4310
224.8 0.0 93144.60866624457 92934.72866624457 4496
235.95 0.0 88077.41274906683 87867.53274906683 4719
249.9 0.0 87752.45482113825 87542.57482113825 4998
259.2 0.0 85263.04860517736 85053.16860517736 5184
272.3 0.0 84068.41427156121 83858.5342715612 5446
286.15 0.0 83536.86548596139 83326.98548596138 5723
318.7 0.0 83475.21503660316 83265.33503660315 6374
332.65 0.0 83461.19774861705 83251.31774861705 6653
346.15 0.0 83439.91648526026 83230.03648526025 6923
369.85 0.0 83428.84960204823 83218.96960204822 7397
388.45 0.0 83417.65557214888 83207.77557214888 7769
397.55 0.0 83407.597154649 83197.717154649 7951
406.85 0.0 83405.09269154281 83195.21269154281 8137
450.6 0.0 83404.64867147047 83194.76867147046 9012
