25.25 0.13114754098360656 291.0745642448349 157.4845642448349 505
44.6 0.13114754098360656 263.1928930507384 129.6028930507384 892
67.95 0.14754098360655737 240.91466304536328 107.32466304536328 1359
79.75 0.14754098360655737 227.9899187680235 94.3999187680235 1595
139.35 0.14754098360655737 221.05184491327026 87.46184491327026 2787
208.1 0.14754098360655737 197.70459129707118 64.11459129707117 4162
293.25 0.14754098360655737 188.66203718178576 55.07203718178576 5865
619.75 0.14754098360655737 183.75915007736648 50.16915007736648 12395
698.2 0.14754098360655737 181.3446094263745 47.754609426374486 13964
1166.85 0.14754098360655737 174.73320720178194 41.143207201781934 23337
1383.25 0.14754098360655737 171.49836867413345 37.90836867413344 27665
2339.4 0.14754098360655737 167.83145782879865 34.241457828798644 46788
3528.35 0.16393442622950818 147.67671966987587 14.086719669875862 70567
6350.95 0.16393442622950818 136.16215595364662 2.5721559536466145 127019
