% fevals/dim | frac | F - F_opt (-39.43) | best fitness | fevals
3.7 0.21311475409836064 39.23387312234973 -0.19612687765027204 74
13.25 0.21311475409836064 36.37550500813812 -3.05449499186188 265
32.45 0.21311475409836064 30.856935528757358 -8.573064471242642 649
107.65 0.21311475409836064 26.382632828943734 -13.047367171056266 2153
142.2 0.22950819672131148 23.33608469543194 -16.09391530456806 2844
196.5 0.22950819672131148 18.88835218865424 -20.54164781134576 3930
269.85 0.2459016393442623 15.346544010387099 -24.0834559896129 5397
416.25 0.2459016393442623 13.484679292285954 -25.945320707714046 8325
589.95 0.2459016393442623 12.930510723437852 -26.499489276562148 11799
612.05 0.2459016393442623 12.620806031089941 -26.80919396891006 12241
726.5 0.2459016393442623 10.158762194290123 -29.271237805709877 14530
776.85 0.26229508196721313 9.507391084762702 -29.922608915237298 15537
878.15 0.26229508196721313 8.197696830548306 -31.232303169451693 17563
946.25 0.2786885245901639 6.139759592645618 -33.29024040735438 18925
1026.05 0.2786885245901639 5.7663958932185935 -33.663604106781406 20521
1155.65 0.2786885245901639 5.11365655817243 -34.31634344182757 23113
1304.9 0.2786885245901639 5.033873904267054 -34.396126095732946 26098
1331.75 0.2786885245901639 4.536424567078839 -34.89357543292116 26635
1418.25 0.2786885245901639 4.4311916161223905 -34.99880838387761 28365
1546.15 0.2786885245901639 4.363891849233198 -35.0661081507668 30923
1560.35 0.2786885245901639 4.072860007309913 -35.35713999269009 31207
1597.55 0.29508196721311475 3.7649254795669904 -35.66507452043301 31951
1632.25 0.29508196721311475 3.653339201189759 -35.77666079881024 32645
1670.05 0.29508196721311475 3.50394745784822 -35.92605254215178 33401
1705.55 0.29508196721311475 2.519649144066264 -36.910350855933736 34111
1894.25 0.3114754098360656 2.273352127697862 -37.15664787230214 37885
2147.2 0.3114754098360656 2.0422281060219802 -37.38777189397802 42944
2214.65 0.3114754098360656 2.034855234103887 -37.39514476589611 44293
2276.35 0.3114754098360656 1.6832457932697267 -37.74675420673027 45527
2695.2 0.3114754098360656 1.647383575092661 -37.78261642490734 53904
2710.2 0.3114754098360656 1.639245872039595 -37.790754127960405 54204
2808.1 0.3114754098360656 1.6244550645979672 -37.80554493540203 56162
2823.35 0.32786885245901637 1.5319092146892146 -37.898090785310785 56467
2851.4 0.3442622950819672 0.8429402912603692 -38.58705970873963 57028
3142.45 0.3442622950819672 0.830037119270493 -38.59996288072951 62849
3150.9 0.3442622950819672 0.8083872757717501 -38.62161272422825 63018
3486.25 0.3442622950819672 0.7604607783051804 -38.66953922169482 69725
3505.25 0.3442622950819672 0.6993562749049644 -38.730643725095035 70105
3631.25 0.36065573770491804 0.5922598050138106 -38.83774019498619 72625
3753.35 0.36065573770491804 0.5879495680103233 -38.842050431989676 75067
3776.6 0.36065573770491804 0.5341639381780396 -38.89583606182196 75532
