% fevals/dim | frac | F - F_opt (40.66) | best fitness | fevals
13.15 0.11475409836065574 570.6306128883784 611.2906128883784 263
17.4 0.11475409836065574 464.63034571009916 505.29034571009913 348
65.1 0.11475409836065574 442.20573987915895 482.8657398791589 1302
94.6 0.11475409836065574 415.28969110462003 455.94969110462 1892
125.0 0.11475409836065574 399.3178029856788 439.97780298567875 2500
132.65 0.13114754098360656 363.4518898017942 404.1118898017942 2653
172.85 0.13114754098360656 351.3915733172604 392.05157331726036 3457
183.95 0.13114754098360656 330.3173579453198 370.9773579453198 3679
235.05 0.13114754098360656 304.8574172327376 345.51741723273756 4701
266.2 0.13114754098360656 298.3174549729009 338.9774549729009 5324
273.2 0.13114754098360656 271.38907299055506 312.04907299055503 5464
398.0 0.13114754098360656 262.91205341569764 303.5720534156976 7960
422.0 0.13114754098360656 259.9266809745933 300.58668097459326 8440
477.5 0.13114754098360656 256.21467747354984 296.8746774735498 9550
492.95 0.13114754098360656 254.69504756927117 295.35504756927116 9859
509.95 0.13114754098360656 254.453446147324 295.113446147324 10199
531.15 0.14754098360655737 247.96560901029997 288.62560901029997 10623
572.4 0.14754098360655737 245.3870075101705 286.0470075101705 11448
603.7 0.14754098360655737 233.10819512367172 273.7681951236717 12074
681.85 0.14754098360655737 230.55945050677153 271.2194505067715 13637
687.7 0.14754098360655737 230.46541637466143 271.1254163746614 13754
746.65 0.14754098360655737 221.60193116021682 262.2619311602168 14933
763.8 0.14754098360655737 211.49956947002553 252.15956947002553 15276
923.1 0.14754098360655737 209.17871135487817 249.83871135487817 18462
993.25 0.14754098360655737 206.64016968358456 247.30016968358456 19865
1011.05 0.14754098360655737 205.94716037430388 246.60716037430387 20221
1032.05 0.14754098360655737 200.9794620269764 241.6394620269764 20641
1091.25 0.14754098360655737 191.2210490871062 231.8810490871062 21825
1202.45 0.14754098360655737 190.1307439222217 230.7907439222217 24049
1344.45 0.14754098360655737 188.13883945774774 228.79883945774773 26889
1396.3 0.14754098360655737 186.1405744545549 226.8005744545549 27926
1410.95 0.14754098360655737 183.2732430016531 223.9332430016531 28219
1423.1 0.14754098360655737 182.4532735674138 223.11327356741378 28462
1506.35 0.14754098360655737 177.37586804785718 218.03586804785718 30127
1546.45 0.14754098360655737 176.93954368086946 217.59954368086946 30929
1582.2 0.14754098360655737 175.9091577279357 216.5691577279357 31644
1603.7 0.14754098360655737 175.00899834325472 215.6689983432547 32074
1661.7 0.14754098360655737 174.95286161544504 215.61286161544504 33234
1703.65 0.14754098360655737 172.7247164210365 213.3847164210365 34073
1722.05 0.14754098360655737 168.90877189661177 209.56877189661176 34441
1840.45 0.14754098360655737 167.8558194500403 208.51581945004028 36809
1872.25 0.14754098360655737 165.50244865127877 206.16244865127877 37445
2148.75 0.14754098360655737 165.21529107742106 205.87529107742105 42975
2189.15 0.14754098360655737 164.53229889451057 205.19229889451057 43783
2316.35 0.14754098360655737 164.2451413206529 204.9051413206529 46327
