% fevals/dim | frac | F - F_opt (273.15) | best fitness | fevals
12.4 0.18032786885245902 83.74847792900948 356.89847792900946 248
29.7 0.18032786885245902 67.2680854838182 340.4180854838182 594
87.15 0.18032786885245902 64.93257295324901 338.082572953249 1743
135.45 0.19672131147540983 57.90238070835943 331.0523807083594 2709
225.5 0.19672131147540983 57.03426337193571 330.1842633719357 4510
342.45 0.19672131147540983 54.797198444373976 327.94719844437395 6849
392.15 0.19672131147540983 51.51405749052674 324.6640574905267 7843
414.05 0.19672131147540983 41.02492757999727 314.17492757999725 8281
487.5 0.21311475409836064 33.029614546409846 306.1796145464098 9750
