22.25 0.18032786885245902 65.89722816 40.64722816 445
47.9 0.19672131147540983 62.391628159999996 37.141628159999996 958
64.0 0.19672131147540983 57.65562816 32.40562816 1280
76.25 0.19672131147540983 51.308428160000005 26.058428160000005 1525
81.7 0.19672131147540983 44.67642815999999 19.426428159999993 1634
100.9 0.21311475409836064 32.93402816 7.684028159999997 2018
118.75 0.21311475409836064 26.690828160000002 1.4408281600000024 2375
167.5 0.22950819672131148 22.68122816 -2.56877184 3350
178.8 0.22950819672131148 22.249228160000005 -3.000771839999995 3576
195.7 0.22950819672131148 18.214028160000005 -7.035971839999995 3914
211.1 0.2459016393442623 14.660428159999999 -10.589571840000001 4222
288.15 0.2459016393442623 14.56122816 -10.68877184 5763
320.8 0.2459016393442623 10.231628159999998 -15.018371840000002 6416
392.95 0.26229508196721313 8.61082816 -16.63917184 7859
478.85 0.26229508196721313 8.247628160000001 -17.00237184 9577
495.9 0.26229508196721313 6.48282816 -18.76717184 9918
