8.3 0.18032786885245902 67.06320287080695 340.2132028708069 166
13.05 0.19672131147540983 62.724645429863415 335.8746454298634 261
22.9 0.19672131147540983 53.92591928210919 327.07591928210917 458
26.5 0.19672131147540983 43.46586200825203 316.615862008252 530
43.15 0.19672131147540983 39.94507288963132 313.0950728896313 863
50.65 0.21311475409836064 37.216822814015984 310.36682281401596 1013
57.8 0.21311475409836064 36.27245281114938 309.42245281114936 1156
70.85 0.21311475409836064 35.58639801488039 308.73639801488036 1417
74.05 0.21311475409836064 35.56883443084638 308.71883443084636 1481
83.25 0.21311475409836064 30.404001312906303 303.5540013129063 1665
92.65 0.22950819672131148 20.652691359118137 293.8026913591181 1853
166.7 0.22950819672131148 19.313509240212568 292.46350924021255 3334
244.95 0.22950819672131148 16.162260034996052 289.31226003499603 4899
250.8 0.22950819672131148 16.06564431965205 289.21564431965203 5016
260.6 0.2459016393442623 15.329244284496326 288.4792442844963 5212
277.65 0.2459016393442623 12.858676277972734 286.0086762779727 5553
395.55 0.2459016393442623 12.45530413406459 285.60530413406457 7911
426.45 0.2459016393442623 12.36178691950471 285.5117869195047 8529
465.45 0.2459016393442623 11.965109605420764 285.11510960542074 9309
489.7 0.2459016393442623 11.439860382063898 284.5898603820639 9794
