% fevals/dim | frac | F - F_opt (99.8) | best fitness | fevals
2.85 0.18032786885245902 79.07188394434645 178.87188394434645 57
7.25 0.18032786885245902 72.80538863309049 172.60538863309048 145
13.4 0.18032786885245902 70.70755866696938 170.50755866696937 268
19.2 0.18032786885245902 69.82364206735487 169.62364206735487 384
28.5 0.18032786885245902 69.47819741228308 169.27819741228308 570
34.25 0.18032786885245902 67.97106039665393 167.77106039665392 685
52.7 0.18032786885245902 67.52235474963051 167.3223547496305 1054
56.9 0.19672131147540983 62.384108295006016 162.184108295006 1138
106.75 0.19672131147540983 52.02759470929 151.82759470929 2135
165.5 0.19672131147540983 48.84991946793873 148.64991946793873 3310
210.75 0.19672131147540983 48.673961886154885 148.47396188615488 4215
250.75 0.19672131147540983 47.933215768848825 147.73321576884882 5015
290.2 0.19672131147540983 47.69181350515332 147.49181350515332 5804
