9.65 0.09836065573770492 687.6077004103172 648.3077004103172 193
12.3 0.11475409836065574 618.034650638677 578.7346506386771 246
22.25 0.11475409836065574 577.8515366245724 538.5515366245725 445
27.15 0.11475409836065574 574.8118098595728 535.5118098595728 543
30.9 0.11475409836065574 557.064887643713 517.764887643713 618
34.3 0.11475409836065574 527.9092113516821 488.60921135168206 686
34.8 0.11475409836065574 489.3182164852193 450.0182164852193 696
39.55 0.11475409836065574 478.76747505614554 439.46747505614553 791
42.85 0.11475409836065574 441.08734206094005 401.78734206094003 857
48.15 0.13114754098360656 389.6401845610253 350.3401845610253 963
51.95 0.13114754098360656 375.4956598895639 336.1956598895639 1039
54.25 0.13114754098360656 370.45649479213836 331.15649479213835 1085
56.1 0.13114754098360656 353.7470693416293 314.4470693416293 1122
63.8 0.13114754098360656 351.51505324056143 312.2150532405614 1276
71.75 0.13114754098360656 335.5599891705547 296.25998917055466 1435
79.25 0.13114754098360656 316.0314098893706 276.7314098893706 1585
81.1 0.13114754098360656 308.0889684779798 268.7889684779798 1622
84.55 0.13114754098360656 302.3085539097592 263.0085539097592 1691
92.3 0.13114754098360656 301.7046588309988 262.4046588309988 1846
99.65 0.13114754098360656 292.1996533493686 252.89965334936858 1993
103.35 0.13114754098360656 262.1993591897395 222.89935918973947 2067
109.3 0.13114754098360656 259.53790457485763 220.23790457485762 2186
149.5 0.13114754098360656 256.0810889349009 216.78108893490088 2990
155.9 0.14754098360655737 249.93402494219157 210.63402494219156 3118
161.1 0.14754098360655737 248.8584154484716 209.55841544847158 3222
162.85 0.14754098360655737 245.11993848487333 205.81993848487332 3257
165.5 0.14754098360655737 238.54226772415723 199.24226772415722 3310
167.65 0.14754098360655737 236.98158777802854 197.68158777802853 3353
177.0 0.14754098360655737 231.7931428107408 192.49314281074078 3540
203.5 0.14754098360655737 223.3775520704517 184.0775520704517 4070
211.9 0.14754098360655737 221.04138378246114 181.74138378246113 4238
259.7 0.14754098360655737 219.409144219493 180.10914421949298 5194
