17.35 0.19672131147540983 61.97402816 36.72402816 347
21.75 0.19672131147540983 55.174028160000006 29.924028160000006 435
28.2 0.19672131147540983 45.574028160000005 20.324028160000005 564
33.35 0.19672131147540983 40.84922816000001 15.59922816000001 667
35.6 0.19672131147540983 40.49562816000001 15.24562816000001 712
39.15 0.21311475409836064 29.162828159999997 3.9128281599999966 783
49.75 0.21311475409836064 26.96762816 1.7176281600000003 995
52.75 0.22950819672131148 24.415628160000008 -0.8343718399999922 1055
56.95 0.22950819672131148 23.410828159999998 -1.8391718400000023 1139
61.75 0.22950819672131148 22.127628159999997 -3.122371840000003 1235
63.15 0.22950819672131148 21.78522816 -3.464771840000001 1263
67.05 0.22950819672131148 18.063628160000004 -7.186371839999996 1341
71.05 0.22950819672131148 16.902028160000004 -8.347971839999996 1421
74.15 0.22950819672131148 15.88762816 -9.36237184 1483
81.45 0.2459016393442623 13.06042816 -12.18957184 1629
86.15 0.2459016393442623 10.57082816 -14.67917184 1723
96.9 0.2459016393442623 10.138828160000001 -15.111171839999999 1938
114.2 0.26229508196721313 9.85242816 -15.39757184 2284
116.5 0.26229508196721313 8.767628160000001 -16.48237184 2330
126.7 0.26229508196721313 8.561228160000002 -16.688771839999998 2534
133.15 0.26229508196721313 8.00122816 -17.24877184 2663
138.6 0.26229508196721313 7.3708281599999985 -17.87917184 2772
143.95 0.2786885245901639 6.145228160000002 -19.104771839999998 2879
159.15 0.2786885245901639 5.438028159999998 -19.811971840000002 3183
176.4 0.2786885245901639 5.367628160000002 -19.882371839999998 3528
178.3 0.29508196721311475 3.55002816 -21.69997184 3566
181.4 0.29508196721311475 3.3932281599999996 -21.85677184 3628
216.7 0.29508196721311475 3.047628160000002 -22.202371839999998 4334
220.15 0.29508196721311475 2.8188281600000025 -22.431171839999998 4403
242.75 0.3114754098360656 2.145228160000002 -23.104771839999998 4855
264.45 0.3114754098360656 2.122828160000001 -23.12717184 5289
287.35 0.3114754098360656 2.0892281599999976 -23.160771840000002 5747
288.95 0.3114754098360656 2.050828160000002 -23.199171839999998 5779
292.65 0.3114754098360656 2.00122816 -23.24877184 5853
295.0 0.3114754098360656 1.8604281599999979 -23.389571840000002 5900
