4.35 0.2459016393442623 12.9730210677902 -134.9269789322098 87
6.65 0.2459016393442623 12.749772260777831 -135.15022773922217 133
9.1 0.26229508196721313 9.55708579892135 -138.34291420107866 182
13.95 0.26229508196721313 8.692784354354671 -139.20721564564533 279
29.3 0.26229508196721313 8.678395488168974 -139.22160451183103 586
37.6 0.26229508196721313 7.780775737286092 -140.1192242627139 752
50.3 0.26229508196721313 7.074172616506672 -140.82582738349333 1006
62.95 0.2786885245901639 6.246892477977781 -141.65310752202222 1259
106.25 0.2786885245901639 6.051311548321365 -141.84868845167864 2125
112.45 0.2786885245901639 5.9780464449848125 -141.9219535550152 2249
117.5 0.2786885245901639 5.963523787018715 -141.9364762129813 2350
122.9 0.2786885245901639 5.193215733504076 -142.70678426649593 2458
147.65 0.2786885245901639 4.326091570135162 -143.57390842986484 2953
277.45 0.29508196721311475 3.9754169996497524 -143.92458300035025 5549
288.7 0.29508196721311475 3.9578657935182378 -143.94213420648177 5774
338.2 0.29508196721311475 3.955033981818019 -143.944966018182 6764
387.95 0.29508196721311475 3.674345444403059 -144.22565455559695 7759
489.45 0.29508196721311475 3.5654476230989474 -144.33455237690106 9789
