11.75 0.09836065573770492 713.7170277823368 674.4170277823368 235
16.7 0.09836065573770492 659.6987878785635 620.3987878785636 334
21.45 0.09836065573770492 646.79672538202 607.49672538202 429
24.8 0.11475409836065574 612.844753459877 573.544753459877 496
27.95 0.11475409836065574 571.3816939947046 532.0816939947047 559
36.6 0.11475409836065574 564.8870959372543 525.5870959372544 732
41.7 0.11475409836065574 501.8540836467648 462.5540836467648 834
47.45 0.11475409836065574 486.85363708710895 447.55363708710894 949
55.55 0.11475409836065574 479.1889449099647 439.88894490996466 1111
60.45 0.11475409836065574 432.45851505622466 393.15851505622464 1209
78.2 0.13114754098360656 397.0427139493928 357.7427139493928 1564
92.95 0.13114754098360656 388.3898428201662 349.0898428201662 1859
109.05 0.13114754098360656 373.0768460713422 333.77684607134216 2181
123.45 0.13114754098360656 370.5142122207214 331.2142122207214 2469
158.0 0.13114754098360656 365.3565075511631 326.05650755116307 3160
163.6 0.13114754098360656 352.1532135276995 312.8532135276995 3272
208.65 0.13114754098360656 345.42993397628265 306.12993397628264 4173
220.05 0.13114754098360656 342.71919495563975 303.41919495563974 4401
236.9 0.13114754098360656 338.4303575480882 299.13035754808817 4738
238.65 0.13114754098360656 335.35042108667784 296.05042108667783 4773
277.8 0.13114754098360656 325.0820723011292 285.7820723011292 5556
313.8 0.13114754098360656 322.7459040131386 283.4459040131386 6276
