8.1 0.0 120635.45849663831 120666.30849663832 162
10.25 0.0 64243.438348659496 64274.288348659495 205
12.95 0.0 63942.38362005857 63973.23362005857 259
15.9 0.0 63556.11493006807 63586.96493006807 318
17.8 0.0 36030.08941955348 36060.93941955348 356
22.4 0.0 18773.502010094395 18804.352010094393 448
24.15 0.01639344262295082 9899.070548727128 9929.920548727128 483
45.35 0.01639344262295082 8948.755674055174 8979.605674055174 907
66.9 0.03278688524590164 6205.616688636603 6236.466688636603 1338
70.7 0.09836065573770492 632.9692135855063 663.8192135855063 1414
95.8 0.11475409836065574 434.53529338244596 465.385293382446 1916
133.4 0.11475409836065574 428.499932487985 459.34993248798503 2668
167.25 0.13114754098360656 340.5545331889309 371.40453318893094 3345
176.65 0.14754098360655737 235.53340307981333 266.3834030798133 3533
182.05 0.14754098360655737 195.68233028879655 226.53233028879654 3641
186.15 0.16393442622950818 116.27946625298108 147.12946625298108 3723
220.35 0.16393442622950818 113.95172488889997 144.80172488889997 4407
307.3 0.16393442622950818 104.02486746091895 134.87486746091895 6146
383.2 0.18032786885245902 96.724536519244 127.57453651924399 7664
400.15 0.18032786885245902 93.62749475598719 124.47749475598718 8003
418.65 0.18032786885245902 87.3855931378449 118.23559313784489 8373
