7.0 0.18032786885245902 76.59703700546237 349.74703700546235 140
13.1 0.18032786885245902 63.87615719215137 337.02615719215135 262
34.65 0.19672131147540983 61.052730662513966 334.20273066251394 693
39.2 0.19672131147540983 58.69806171034429 331.84806171034427 784
41.05 0.19672131147540983 51.04439789827563 324.1943978982756 821
49.95 0.21311475409836064 31.94557027673909 305.09557027673907 999
54.5 0.21311475409836064 25.74546736992096 298.89546736992094 1090
100.0 0.21311475409836064 25.689777068415083 298.83977706841506 2000
104.55 0.22950819672131148 24.63357082803242 297.7835708280324 2091
161.2 0.22950819672131148 24.049523857810698 297.1995238578107 3224
176.9 0.22950819672131148 23.561618747267744 296.7116187472677 3538
190.0 0.22950819672131148 15.863654819318924 289.0136548193189 3800
213.35 0.2459016393442623 15.625345092955456 288.77534509295543 4267
268.3 0.2459016393442623 13.725321486091104 286.8753214860911 5366
318.35 0.2459016393442623 13.062412736367833 286.2124127363678 6367
334.9 0.2459016393442623 11.947891163723 285.097891163723 6698
413.3 0.2459016393442623 10.975796961286733 284.1257969612867 8266
490.85 0.2459016393442623 10.895963447596955 284.04596344759693 9817
