% fevals/dim | frac | F - F_opt (99.8) | best fitness | fevals
2.85 0.18032786885245902 79.07188394434645 178.87188394434645 57
9.1 0.18032786885245902 77.5615344386414 177.3615344386414 182
31.2 0.18032786885245902 72.38534434220627 172.18534434220626 624
94.15 0.19672131147540983 50.36174025863677 150.16174025863677 1883
178.15 0.19672131147540983 49.29143378075939 149.0914337807594 3563
249.45 0.19672131147540983 44.86655182001802 144.66655182001801 4989
291.9 0.19672131147540983 43.91447295588806 143.71447295588806 5838
297.8 0.19672131147540983 42.303474146371215 142.1034741463712 5956
320.15 0.21311475409836064 35.48082825042307 135.28082825042307 6403
323.95 0.21311475409836064 35.41431362961892 135.2143136296189 6479
354.7 0.21311475409836064 34.228481839694936 134.02848183969493 7094
364.6 0.22950819672131148 24.612326726755796 124.4123267267558 7292
413.0 0.22950819672131148 24.48831954125417 124.28831954125417 8260
441.95 0.22950819672131148 21.760198157461176 121.56019815746117 8839
