6.45 0.18032786885245902 81.81845987130237 354.96845987130234 129
9.6 0.18032786885245902 73.82315365532838 346.97315365532836 192
12.25 0.19672131147540983 57.664330724952606 330.8143307249526 245
19.3 0.19672131147540983 54.25576357229494 327.4057635722949 386
20.55 0.19672131147540983 51.97251795266595 325.12251795266593 411
27.7 0.19672131147540983 44.78428799276264 317.9342879927626 554
33.9 0.19672131147540983 44.27434924899836 317.42434924899834 678
39.55 0.19672131147540983 41.65035475519193 314.8003547551919 791
42.95 0.21311475409836064 34.78194741261365 307.9319474126136 859
47.7 0.21311475409836064 28.9379294384251 302.0879294384251 954
51.7 0.22950819672131148 24.80215130668239 297.95215130668237 1034
75.2 0.22950819672131148 20.72756146820018 293.87756146820016 1504
141.35 0.22950819672131148 19.505473556986203 292.6554735569862 2827
150.1 0.22950819672131148 18.18708555446051 291.3370855544605 3002
152.4 0.22950819672131148 16.178783817579017 289.328783817579 3048
172.6 0.22950819672131148 16.131656729360202 289.2816567293602 3452
196.05 0.22950819672131148 16.053159271866548 289.2031592718665 3921
230.85 0.2459016393442623 14.350054549087588 287.50005454908757 4617
238.95 0.2459016393442623 13.643854482581219 286.7938544825812 4779
364.4 0.2459016393442623 13.043409648308227 286.1934096483082 7288
368.25 0.2459016393442623 11.503371047915607 284.6533710479156 7365
