% fevals/dim | frac | F - F_opt (99.8) | best fitness | fevals
2.85 0.18032786885245902 79.07188394434645 178.87188394434645 57
6.05 0.18032786885245902 74.76614635859833 174.56614635859833 121
12.0 0.18032786885245902 72.61275928196956 172.41275928196956 240
18.45 0.18032786885245902 72.26074979650038 172.06074979650037 369
24.15 0.18032786885245902 68.31745302611627 168.11745302611627 483
27.85 0.18032786885245902 67.51589174272534 167.31589174272534 557
30.65 0.18032786885245902 67.21152710650036 167.01152710650035 613
37.2 0.18032786885245902 66.13191345377116 165.93191345377116 744
47.8 0.18032786885245902 65.73432773575884 165.53432773575884 956
51.15 0.19672131147540983 62.393239352511 162.193239352511 1023
55.75 0.19672131147540983 59.93754472855103 159.73754472855103 1115
62.75 0.19672131147540983 59.55901837099485 159.35901837099485 1255
75.95 0.19672131147540983 52.36900093986257 152.16900093986257 1519
90.2 0.19672131147540983 45.58643579891937 145.38643579891936 1804
122.95 0.19672131147540983 45.56654112834762 145.36654112834762 2459
135.9 0.19672131147540983 41.14520908286529 140.9452090828653 2718
163.05 0.21311475409836064 36.159277208965946 135.95927720896594 3261
175.95 0.21311475409836064 32.37622520057762 132.17622520057762 3519
200.15 0.21311475409836064 32.25002147071966 132.05002147071966 4003
220.1 0.21311475409836064 31.868731897801084 131.66873189780108 4402
247.2 0.21311475409836064 30.619134241112974 130.41913424111297 4944
266.55 0.21311475409836064 29.95501643652615 129.75501643652615 5331
276.9 0.21311475409836064 29.328810507120025 129.12881050712002 5538
296.65 0.21311475409836064 29.012653453865667 128.81265345386566 5933
300.45 0.21311475409836064 28.39470820778031 128.1947082077803 6009
307.65 0.21311475409836064 27.938146925083842 127.73814692508384 6153
314.8 0.21311475409836064 27.382196478706348 127.18219647870635 6296
331.3 0.21311475409836064 27.181853633670286 126.98185363367028 6626
355.5 0.21311475409836064 25.949385102042797 125.7493851020428 7110
358.4 0.21311475409836064 25.710619719505388 125.51061971950539 7168
397.95 0.22950819672131148 24.745699606994208 124.5456996069942 7959
