9.5 0.11475409836065574 587.66744776415 548.36744776415 190
20.75 0.11475409836065574 567.9013206582935 528.6013206582935 415
31.55 0.11475409836065574 492.7471591997813 453.4471591997813 631
49.7 0.11475409836065574 459.8648218101665 420.5648218101665 994
57.15 0.11475409836065574 416.63873109620795 377.33873109620794 1143
90.5 0.13114754098360656 367.19672268782244 327.89672268782243 1810
100.75 0.13114754098360656 366.36777348690066 327.06777348690065 2015
116.25 0.13114754098360656 352.0083376378877 312.70833763788767 2325
173.4 0.13114754098360656 349.6441785442763 310.3441785442763 3468
177.65 0.13114754098360656 337.9831554192099 298.68315541920987 3553
212.9 0.13114754098360656 327.35140807714083 288.0514080771408 4258
229.35 0.13114754098360656 315.8082944001817 276.5082944001817 4587
245.3 0.13114754098360656 313.8889988100425 274.5889988100425 4906
263.15 0.13114754098360656 310.0168752118516 270.7168752118516 5263
282.6 0.13114754098360656 304.94319959085226 265.64319959085225 5652
299.0 0.13114754098360656 298.38416212500294 259.08416212500293 5980
335.55 0.13114754098360656 289.8351687435587 250.5351687435587 6711
364.85 0.13114754098360656 280.7121257652344 241.4121257652344 7297
423.45 0.13114754098360656 275.62217278512503 236.32217278512502 8469
462.1 0.13114754098360656 274.50383387905293 235.20383387905292 9242
