6.65 0.18032786885245902 73.52521458889635 346.6752145888963 133
32.85 0.18032786885245902 65.56914417667099 338.71914417667097 657
37.1 0.19672131147540983 60.840208577219016 333.990208577219 742
45.5 0.19672131147540983 42.659756357301376 315.80975635730135 910
76.8 0.21311475409836064 35.622703808812844 308.7727038088128 1536
89.4 0.21311475409836064 35.357237613931204 308.5072376139312 1788
101.1 0.21311475409836064 29.244027654464617 302.3940276544646 2022
136.25 0.21311475409836064 26.54789985278802 299.697899852788 2725
160.1 0.22950819672131148 19.97535616165078 293.12535616165076 3202
226.9 0.22950819672131148 18.751680641809514 291.9016806418095 4538
242.85 0.22950819672131148 17.187979002665656 290.33797900266563 4857
277.3 0.22950819672131148 16.037705226192998 289.187705226193 5546
313.15 0.2459016393442623 13.066013639760968 286.21601363976094 6263
344.8 0.2459016393442623 12.16240677066395 285.3124067706639 6896
365.8 0.2459016393442623 11.838373692053835 284.9883736920538 7316
399.4 0.2459016393442623 10.87344361021502 284.023443610215 7988
494.75 0.26229508196721313 9.385612340402758 282.53561234040274 9895
