7.9 0.19672131147540983 51.20739423923658 324.35739423923656 158
24.25 0.19672131147540983 48.46039836346773 321.6103983634677 485
36.05 0.19672131147540983 46.880336784437134 320.0303367844371 721
37.0 0.21311475409836064 37.19299772645195 310.3429977264519 740
45.3 0.21311475409836064 36.70004786624571 309.8500478662457 906
48.35 0.21311475409836064 33.92904095838429 307.07904095838427 967
52.15 0.21311475409836064 33.72357822983389 306.87357822983387 1043
69.2 0.22950819672131148 23.32548394038463 296.4754839403846 1384
84.35 0.22950819672131148 21.45311365513396 294.60311365513394 1687
130.35 0.22950819672131148 18.735691137172466 291.88569113717244 2607
136.7 0.22950819672131148 16.5297967985141 289.6797967985141 2734
152.4 0.2459016393442623 14.80875324984163 287.9587532498416 3048
168.9 0.2459016393442623 14.225071473697085 287.37507147369706 3378
179.5 0.2459016393442623 13.204075190203696 286.3540751902037 3590
184.55 0.2459016393442623 12.88292747820816 286.03292747820814 3691
211.15 0.2459016393442623 12.825671000169166 285.97567100016914 4223
213.9 0.2459016393442623 12.553632322798649 285.7036323227986 4278
232.9 0.2459016393442623 12.058475623285688 285.20847562328566 4658
238.95 0.2459016393442623 11.318217355151944 284.4682173551519 4779
278.9 0.2459016393442623 10.017620236975915 283.1676202369759 5578
332.85 0.26229508196721313 8.545520993771902 281.6955209937719 6657
355.1 0.26229508196721313 7.64501676183005 280.79501676183 7102
427.2 0.26229508196721313 7.462329034967809 280.6123290349678 8544
