% fevals/dim | frac | F - F_opt (99.8) | best fitness | fevals
2.85 0.18032786885245902 79.07188394434645 178.87188394434645 57
10.6 0.18032786885245902 78.78082513508151 178.5808251350815 212
12.65 0.18032786885245902 76.23161217512872 176.0316121751287 253
16.9 0.18032786885245902 72.44555958650592 172.24555958650592 338
27.1 0.18032786885245902 70.12670835046482 169.92670835046482 542
31.35 0.18032786885245902 69.9353235862496 169.7353235862496 627
34.25 0.18032786885245902 68.98495706964589 168.78495706964588 685
42.85 0.19672131147540983 52.295682675009814 152.0956826750098 857
45.65 0.19672131147540983 44.47129662779396 144.27129662779396 913
62.35 0.19672131147540983 41.90973394919642 141.70973394919642 1247
78.15 0.21311475409836064 29.4793612084744 129.2793612084744 1563
113.85 0.22950819672131148 24.74283560159276 124.54283560159276 2277
117.1 0.22950819672131148 22.608310546638535 122.40831054663853 2342
129.7 0.22950819672131148 21.23841370546033 121.03841370546033 2594
148.7 0.22950819672131148 20.180263013652606 119.9802630136526 2974
160.15 0.22950819672131148 20.04550497203701 119.845504972037 3203
195.95 0.22950819672131148 18.248559995684218 118.04855999568422 3919
219.95 0.22950819672131148 17.899415294316626 117.69941529431662 4399
260.2 0.22950819672131148 17.754269828948182 117.55426982894818 5204
266.15 0.22950819672131148 16.208478718224356 116.00847871822435 5323
289.4 0.2459016393442623 15.271333120438271 115.07133312043827 5788
304.9 0.2459016393442623 15.214665004133607 115.0146650041336 6098
352.6 0.2459016393442623 12.196363434549752 111.99636343454975 7052
385.95 0.2459016393442623 11.776552181441033 111.57655218144103 7719
440.1 0.2459016393442623 11.620240016474767 111.42024001647476 8802
448.95 0.2459016393442623 11.141486059374387 110.94148605937438 8979
458.8 0.2459016393442623 10.231400158853475 110.03140015885347 9176
