% fevals/dim | frac | F - F_opt (99.8) | best fitness | fevals
2.85 0.18032786885245902 79.07188394434645 178.87188394434645 57
7.5 0.18032786885245902 77.10128837033075 176.90128837033075 150
9.35 0.18032786885245902 73.7040022419924 173.5040022419924 187
13.55 0.18032786885245902 73.46597690433624 173.26597690433624 271
20.95 0.18032786885245902 73.3380800632486 173.1380800632486 419
28.6 0.18032786885245902 70.64363423237496 170.44363423237496 572
31.6 0.18032786885245902 69.75598624044254 169.55598624044254 632
39.1 0.18032786885245902 65.508130673787 165.308130673787 782
41.0 0.18032786885245902 64.9515289614637 164.7515289614637 820
55.05 0.18032786885245902 64.46508094516919 164.2650809451692 1101
66.55 0.19672131147540983 63.019169720059196 162.8191697200592 1331
70.7 0.19672131147540983 57.863410678501324 157.66341067850132 1414
76.35 0.19672131147540983 55.59569971324724 155.39569971324724 1527
96.7 0.19672131147540983 54.832421608957944 154.63242160895794 1934
105.7 0.19672131147540983 54.1470331221707 153.9470331221707 2114
117.1 0.19672131147540983 50.03896903135397 149.83896903135397 2342
127.5 0.19672131147540983 46.03678311034368 145.83678311034367 2550
151.6 0.19672131147540983 44.12424710646657 143.92424710646657 3032
162.6 0.21311475409836064 35.76513751803786 135.56513751803786 3252
242.85 0.21311475409836064 34.303134440342646 134.10313444034264 4857
272.45 0.21311475409836064 34.098959061836794 133.8989590618368 5449
287.3 0.21311475409836064 33.898482204303676 133.69848220430367 5746
304.3 0.21311475409836064 29.541793085998663 129.34179308599866 6086
360.6 0.21311475409836064 25.52964521143194 125.32964521143194 7212
392.65 0.22950819672131148 25.014556498964822 124.81455649896482 7853
463.85 0.22950819672131148 22.112494258341727 121.91249425834172 9277
