13.15 0.19672131147540983 61.13882816000002 35.88882816000002 263
14.6 0.19672131147540983 43.91322816 18.663228160000003 292
23.35 0.19672131147540983 42.56922816 17.31922816 467
26.0 0.19672131147540983 41.990028159999994 16.740028159999994 520
28.65 0.19672131147540983 40.23482816 14.98482816 573
31.8 0.21311475409836064 33.39322816000001 8.143228160000007 636
35.45 0.21311475409836064 31.48122816 6.231228160000001 709
37.85 0.21311475409836064 25.79002816 0.5400281599999985 757
55.0 0.22950819672131148 25.06362816 -0.18637183999999962 1100
64.4 0.22950819672131148 24.94202816 -0.30797184000000044 1288
69.9 0.22950819672131148 18.833228160000004 -6.416771839999996 1398
79.35 0.22950819672131148 18.74682816 -6.50317184 1587
93.95 0.2459016393442623 15.156428160000003 -10.093571839999997 1879
136.0 0.2459016393442623 12.87002816 -12.37997184 2720
205.75 0.2459016393442623 12.12602816 -13.12397184 4115
210.7 0.2459016393442623 10.446028160000001 -14.803971839999999 4214
221.1 0.2459016393442623 10.25562816 -14.99437184 4422
