8.3 0.18032786885245902 65.09562816000002 39.84562816000002 166
13.6 0.19672131147540983 56.287628160000004 31.037628160000004 272
15.9 0.19672131147540983 52.30522816 27.05522816 318
20.3 0.19672131147540983 48.29242816 23.04242816 406
24.95 0.21311475409836064 39.14522816000001 13.89522816000001 499
27.25 0.21311475409836064 38.44282816000001 13.192828160000012 545
29.65 0.21311475409836064 32.830028160000005 7.580028160000005 593
57.8 0.21311475409836064 32.20602816 6.9560281600000025 1156
64.7 0.21311475409836064 31.71642816 6.4664281599999995 1294
69.2 0.21311475409836064 31.242828160000006 5.9928281600000055 1384
70.45 0.21311475409836064 26.852428160000006 1.6024281600000059 1409
128.8 0.21311475409836064 25.186828159999997 -0.06317184000000253 2576
128.9 0.22950819672131148 25.081228160000002 -0.168771839999998 2578
137.55 0.22950819672131148 24.63962816000001 -0.6103718399999885 2751
157.15 0.22950819672131148 24.026828160000004 -1.2231718399999956 3143
173.8 0.22950819672131148 22.80122816 -2.448771839999999 3476
201.15 0.22950819672131148 22.382028160000004 -2.8679718399999956 4023
205.25 0.22950819672131148 21.88762816 -3.3623718400000016 4105
209.1 0.22950819672131148 20.75642816 -4.493571840000001 4182
231.3 0.22950819672131148 20.27162816 -4.978371840000001 4626
242.9 0.22950819672131148 20.22202816 -5.027971839999999 4858
255.4 0.22950819672131148 19.14042816 -6.109571840000001 5108
292.2 0.22950819672131148 18.510028160000005 -6.7399718399999955 5844
