5.15 0.18032786885245902 71.28762816000001 46.03762816000001 103
11.15 0.18032786885245902 70.21882816 44.96882816 223
15.6 0.19672131147540983 57.153228160000005 31.903228160000005 312
21.3 0.19672131147540983 44.01402816 18.764028160000002 426
31.5 0.21311475409836064 37.15002816 11.900028159999998 630
34.05 0.21311475409836064 32.18202816 6.9320281600000015 681
43.1 0.21311475409836064 29.82682816 4.576828160000002 862
47.75 0.21311475409836064 27.148428159999998 1.8984281599999981 955
50.75 0.22950819672131148 23.48442816 -1.7655718399999998 1015
56.35 0.22950819672131148 23.38042816 -1.869571839999999 1127
61.05 0.22950819672131148 22.59482816 -2.6551718400000013 1221
61.45 0.22950819672131148 19.289228159999997 -5.960771840000003 1229
66.55 0.2459016393442623 14.88922816 -10.36077184 1331
71.15 0.2459016393442623 13.855628160000002 -11.394371839999998 1423
82.4 0.2459016393442623 13.07642816 -12.17357184 1648
84.4 0.2459016393442623 11.628428159999999 -13.621571840000001 1688
86.95 0.2459016393442623 10.806028159999999 -14.443971840000001 1739
97.15 0.2459016393442623 10.67802816 -14.57197184 1943
101.7 0.26229508196721313 9.911628160000001 -15.338371839999999 2034
102.1 0.26229508196721313 8.068428160000003 -17.181571839999997 2042
132.3 0.26229508196721313 8.007628160000003 -17.242371839999997 2646
134.85 0.26229508196721313 7.561228159999999 -17.68877184 2697
138.85 0.2786885245901639 5.783628159999999 -19.46637184 2777
143.0 0.2786885245901639 5.700428160000001 -19.54957184 2860
146.65 0.2786885245901639 5.081228159999998 -20.16877184 2933
151.75 0.29508196721311475 3.366028159999999 -21.88397184 3035
154.3 0.29508196721311475 2.67802816 -22.57197184 3086
185.3 0.29508196721311475 2.55002816 -22.69997184 3706
216.85 0.3114754098360656 2.500428160000002 -22.749571839999998 4337
220.75 0.3114754098360656 2.3932281599999996 -22.85677184 4415
235.55 0.3114754098360656 2.13082816 -23.11917184 4711
242.9 0.3114754098360656 1.8604281599999979 -23.389571840000002 4858
