% fevals/dim | frac | F - F_opt (99.8) | best fitness | fevals
2.85 0.18032786885245902 79.07188394434645 178.87188394434645 57
6.7 0.18032786885245902 77.7595174428214 177.5595174428214 134
12.0 0.18032786885245902 71.70797310881598 171.50797310881597 240
27.65 0.18032786885245902 69.21854725947954 169.01854725947953 553
33.0 0.18032786885245902 65.38640198669923 165.18640198669922 660
40.35 0.18032786885245902 64.79171779314099 164.591717793141 807
54.3 0.18032786885245902 63.66750677274864 163.46750677274864 1086
57.35 0.19672131147540983 60.6005985366058 160.4005985366058 1147
61.65 0.19672131147540983 58.82147481103597 158.62147481103597 1233
64.25 0.19672131147540983 56.84597313810677 156.64597313810677 1285
69.55 0.19672131147540983 44.557942066750385 144.35794206675038 1391
70.8 0.21311475409836064 33.849681405340746 133.64968140534074 1416
104.35 0.21311475409836064 33.13773452205483 132.93773452205482 2087
116.4 0.21311475409836064 31.370702469060646 131.17070246906064 2328
122.5 0.21311475409836064 29.79624843071396 129.59624843071396 2450
153.2 0.21311475409836064 29.537390393037853 129.33739039303785 3064
158.4 0.21311475409836064 26.9322071922348 126.7322071922348 3168
168.95 0.22950819672131148 23.381264370932925 123.18126437093292 3379
199.45 0.22950819672131148 22.147496257077407 121.9474962570774 3989
214.5 0.22950819672131148 20.41611364477525 120.21611364477525 4290
229.75 0.22950819672131148 19.632049869980833 119.43204986998083 4595
259.9 0.22950819672131148 19.073639583359025 118.87363958335902 5198
270.5 0.22950819672131148 16.74832827336111 116.54832827336111 5410
274.75 0.2459016393442623 12.369709365055314 112.16970936505531 5495
353.95 0.2459016393442623 10.829633831904431 110.62963383190443 7079
407.05 0.2459016393442623 10.243101159053737 110.04310115905373 8141
453.6 0.26229508196721313 9.351508756114939 109.15150875611494 9072
472.9 0.26229508196721313 9.193109919820074 108.99310991982007 9458
494.25 0.26229508196721313 8.611018293118121 108.41101829311812 9885
