6.5 0.18032786885245902 68.18682816 42.936828160000005 130
10.1 0.18032786885245902 67.23482816 41.984828160000006 202
19.15 0.19672131147540983 52.45402816000001 27.204028160000007 383
35.1 0.19672131147540983 41.46842816 16.218428160000002 702
40.65 0.21311475409836064 34.83962816 9.589628159999997 813
46.85 0.21311475409836064 32.75322816 7.503228159999999 937
53.25 0.21311475409836064 32.726028160000006 7.476028160000006 1065
57.45 0.21311475409836064 28.25882816 3.00882816 1149
65.1 0.22950819672131148 24.64602816 -0.6039718399999998 1302
66.95 0.22950819672131148 22.25402816 -2.9959718399999993 1339
73.7 0.22950819672131148 21.041228160000003 -4.208771839999997 1474
77.75 0.22950819672131148 17.40762816 -7.842371839999998 1555
81.15 0.22950819672131148 16.33722816 -8.912771840000001 1623
98.45 0.2459016393442623 13.895628160000001 -11.354371839999999 1969
116.1 0.2459016393442623 12.455628160000003 -12.794371839999997 2322
126.65 0.2459016393442623 10.314828160000003 -14.935171839999997 2533
226.05 0.26229508196721313 9.593228159999997 -15.656771840000003 4521
267.95 0.26229508196721313 8.886028160000002 -16.363971839999998 5359
268.95 0.26229508196721313 8.366028160000003 -16.883971839999997 5379
278.8 0.26229508196721313 8.305228160000002 -16.944771839999998 5576
404.8 0.26229508196721313 7.441228160000001 -17.80877184 8096
490.95 0.26229508196721313 7.212428160000002 -18.03757184 9819
