6.75 0.11475409836065574 620.473652858259 581.1736528582591 135
10.4 0.11475409836065574 587.9016567183635 548.6016567183635 208
15.3 0.11475409836065574 488.0040121355993 448.70401213559927 306
27.95 0.11475409836065574 462.3605124074877 423.0605124074877 559
45.8 0.11475409836065574 439.61828005191205 400.31828005191204 916
49.6 0.11475409836065574 405.3255604651386 366.0255604651386 992
63.2 0.11475409836065574 402.2597471800119 362.9597471800119 1264
74.1 0.13114754098360656 365.4827359949162 326.1827359949162 1482
117.65 0.13114754098360656 358.7761258069933 319.4761258069933 2353
129.25 0.13114754098360656 353.5469123756006 314.2469123756006 2585
147.75 0.13114754098360656 347.27058507527653 307.9705850752765 2955
172.65 0.13114754098360656 338.0828509142162 298.78285091421617 3453
180.4 0.13114754098360656 335.7684229386779 296.46842293867786 3608
191.15 0.13114754098360656 328.874819364346 289.574819364346 3823
209.8 0.13114754098360656 326.46439064618494 287.1643906461849 4196
214.4 0.13114754098360656 320.8620313892257 281.5620313892257 4288
227.25 0.13114754098360656 320.08271044878734 280.7827104487873 4545
236.35 0.13114754098360656 314.5989434785872 275.2989434785872 4727
248.35 0.13114754098360656 308.98520371878266 269.68520371878265 4967
263.65 0.13114754098360656 301.2648651986036 261.9648651986036 5273
278.3 0.13114754098360656 297.6705734085381 258.37057340853806 5566
