7.4 0.11475409836065574 573.6277490923161 534.3277490923161 148
18.5 0.11475409836065574 530.3048308713303 491.0048308713303 370
27.2 0.11475409836065574 522.7938357042956 483.4938357042956 544
33.15 0.11475409836065574 433.93560013379806 394.63560013379805 663
40.75 0.11475409836065574 405.21444934775815 365.91444934775814 815
45.5 0.13114754098360656 365.69282662617326 326.39282662617325 910
86.0 0.13114754098360656 359.1310579202505 319.8310579202505 1720
98.05 0.13114754098360656 350.3843676057177 311.0843676057177 1961
110.75 0.13114754098360656 346.90475917691134 307.60475917691133 2215
118.8 0.13114754098360656 338.8640175023795 299.5640175023795 2376
122.15 0.13114754098360656 333.75380736025556 294.45380736025555 2443
130.3 0.13114754098360656 322.17889292478344 282.87889292478343 2606
151.55 0.13114754098360656 315.37768667281875 276.07768667281874 3031
163.0 0.13114754098360656 310.4839878532671 271.18398785326707 3260
192.3 0.13114754098360656 292.63676125927043 253.33676125927042 3846
254.45 0.13114754098360656 287.1557145479565 247.8557145479565 5089
261.7 0.13114754098360656 268.4575817832348 229.15758178323478 5234
311.1 0.13114754098360656 255.4096547783045 216.1096547783045 6222
343.75 0.13114754098360656 252.5323568943889 213.2323568943889 6875
357.45 0.13114754098360656 251.30903934094636 212.00903934094634 7149
387.7 0.14754098360655737 244.72014633070808 205.42014633070806 7754
399.85 0.14754098360655737 235.55284767153773 196.25284767153772 7997
438.5 0.14754098360655737 225.80274467017125 186.50274467017124 8770
456.75 0.14754098360655737 222.20845288010565 182.90845288010564 9135
