3.45 0.18032786885245902 80.58835918870648 353.73835918870645 69
14.15 0.18032786885245902 71.41143320768413 344.5614332076841 283
22.95 0.19672131147540983 56.690064682976185 329.84006468297616 459
35.95 0.19672131147540983 42.380925799169745 315.5309257991697 719
44.5 0.21311475409836064 37.310607206352756 310.46060720635273 890
45.7 0.21311475409836064 37.05761873745166 310.20761873745164 914
82.8 0.21311475409836064 35.890924093715284 309.04092409371526 1656
98.25 0.22950819672131148 23.706442152768147 296.8564421527681 1965
157.4 0.22950819672131148 21.65372681910219 294.80372681910217 3148
188.85 0.22950819672131148 20.591123587514005 293.741123587514 3777
204.25 0.22950819672131148 16.311613484628822 289.4616134846288 4085
226.2 0.2459016393442623 14.075795500788843 287.2257955007888 4524
265.2 0.2459016393442623 13.321217173275613 286.4712171732756 5304
323.7 0.2459016393442623 11.723675550006476 284.87367555000645 6474
416.8 0.2459016393442623 11.19641469105511 284.3464146910551 8336
486.2 0.2459016393442623 10.62448840422229 283.77448840422227 9724
