% fevals/dim | frac | F - F_opt (99.53) | best fitness | fevals
2.75 0.13114754098360656 273.2808334377829 372.8108334377829 55
8.15 0.14754098360655737 240.05763007281357 339.58763007281357 163
10.2 0.14754098360655737 203.1111917131552 302.6411917131552 204
13.35 0.14754098360655737 166.11799755556976 265.64799755556976 267
35.4 0.14754098360655737 164.91068774630205 264.44068774630205 708
41.7 0.16393442622950818 132.40769092524224 231.93769092524224 834
69.0 0.16393442622950818 120.71558913030046 220.24558913030046 1380
69.5 0.16393442622950818 115.37963696987148 214.90963696987149 1390
73.55 0.16393442622950818 107.35820484069575 206.88820484069575 1471
75.8 0.18032786885245902 84.65812621707059 184.1881262170706 1516
90.85 0.18032786885245902 78.1106276142423 177.6406276142423 1817
94.0 0.18032786885245902 70.72625254542052 170.25625254542052 1880
97.15 0.19672131147540983 51.78737376376091 151.3173737637609 1943
100.3 0.19672131147540983 51.71797480603459 151.2479748060346 2006
131.8 0.19672131147540983 51.263549495853425 150.79354949585343 2636
137.25 0.19672131147540983 41.8336657961832 141.3636657961832 2745
140.4 0.21311475409836064 35.483195316349025 135.01319531634903 2808
162.45 0.21311475409836064 34.72147783909574 134.25147783909574 3249
165.6 0.21311475409836064 32.17292786768945 131.70292786768945 3312
171.45 0.21311475409836064 31.23239844319363 130.76239844319363 3429
184.5 0.21311475409836064 29.5362769689591 129.0662769689591 3690
187.2 0.22950819672131148 24.012832922450485 123.54283292245049 3744
196.65 0.22950819672131148 21.27679137535543 120.80679137535543 3933
201.45 0.22950819672131148 16.94503218156258 116.47503218156258 4029
209.75 0.22950819672131148 16.077705248989687 115.60770524898969 4195
211.15 0.2459016393442623 12.426276666439009 111.95627666643901 4223
230.05 0.2459016393442623 11.67743675818491 111.20743675818491 4601
246.1 0.26229508196721313 9.449925224807686 108.97992522480769 4922
299.95 0.26229508196721313 9.121575419638631 108.65157541963863 5999
303.1 0.26229508196721313 7.992737527953949 107.52273752795395 6062
315.0 0.26229508196721313 6.573025448232372 106.10302544823237 6300
362.65 0.26229508196721313 6.444187556547675 105.97418755654768 7253
373.9 0.2786885245901639 5.444187556547675 104.97418755654768 7478
