3.25 0.0 158757.23040107757 158788.08040107758 65
7.7 0.0 65683.69941362973 65714.54941362973 154
10.85 0.0 63854.60308532116 63885.45308532116 217
14.95 0.0 62698.213657996705 62729.0636579967 299
16.55 0.0 62255.260481488054 62286.11048148805 331
25.15 0.0 55922.56389573053 55953.413895730526 503
34.6 0.0 33702.39863106504 33733.24863106504 692
35.45 0.0 33223.50668176168 33254.35668176168 709
38.55 0.0 17082.131664713193 17112.981664713192 771
41.7 0.0 16599.163977587043 16630.01397758704 834
48.0 0.04918032786885246 3525.651911944361 3556.501911944361 960
66.9 0.09836065573770492 665.627922681026 696.477922681026 1338
76.15 0.14754098360655737 223.8867209043695 254.7367209043695 1523
79.3 0.14754098360655737 223.47197633419538 254.32197633419537 1586
98.2 0.14754098360655737 214.85597823009184 245.70597823009183 1964
107.85 0.14754098360655737 164.05510371402113 194.90510371402112 2157
116.15 0.16393442622950818 129.437145681714 160.28714568171398 2323
135.05 0.16393442622950818 126.27107811245105 157.12107811245104 2701
144.5 0.16393442622950818 107.9718806133153 138.8218806133153 2890
191.75 0.16393442622950818 107.48885635790691 138.3388563579069 3835
194.9 0.18032786885245902 98.28091315402222 129.1309131540222 3898
327.1 0.18032786885245902 95.2856667144512 126.13566671445119 6542
342.85 0.18032786885245902 84.01569557715976 114.86569557715976 6857
359.55 0.18032786885245902 77.89642059735007 108.74642059735007 7191
386.95 0.18032786885245902 73.27858653585122 104.12858653585121 7739
390.1 0.18032786885245902 65.5702086880377 96.42020868803769 7802
421.6 0.19672131147540983 60.921530340751296 91.7715303407513 8432
