9.7 0.11475409836065574 500.5762762241977 408.1062762241977 194
14.95 0.11475409836065574 487.44826513721875 394.9782651372187 299
19.85 0.11475409836065574 476.9211598162143 384.4511598162143 397
21.65 0.11475409836065574 444.1398392433845 351.66983924338444 433
33.15 0.11475409836065574 406.59627075710375 314.1262707571037 663
34.75 0.13114754098360656 351.60975758003417 259.13975758003414 695
49.9 0.13114754098360656 336.6196499394666 244.14964993946663 998
53.65 0.13114754098360656 320.8012105186624 228.3312105186624 1073
63.85 0.13114754098360656 318.7318007151481 226.2618007151481 1277
70.5 0.13114754098360656 296.17072383754953 203.70072383754953 1410
73.9 0.13114754098360656 265.7502065703371 173.28020657033713 1478
94.0 0.13114754098360656 255.19110135621227 162.72110135621227 1880
111.95 0.14754098360655737 243.9908008363271 151.5208008363271 2239
120.8 0.14754098360655737 224.088646018919 131.618646018919 2416
140.15 0.14754098360655737 214.6808046617076 122.21080466170761 2803
264.15 0.14754098360655737 202.75451553052636 110.28451553052636 5283
383.6 0.14754098360655737 180.50385275197706 88.03385275197707 7672
452.6 0.14754098360655737 171.32993912537745 78.85993912537745 9052
