8.4 0.0 149783887.96256778 149783965.85256776 168
12.5 0.0 95410878.17574209 95410956.06574209 250
29.05 0.0 49516456.4849612 49516534.3749612 581
47.75 0.0 45930405.300914146 45930483.19091415 955
49.95 0.0 40039707.5289309 40039785.4189309 999
58.3 0.0 25089534.770749796 25089612.660749797 1166
66.45 0.0 19322745.083305087 19322822.973305088 1329
72.65 0.0 15978336.53106552 15978414.42106552 1453
88.3 0.0 13787002.092298912 13787079.982298912 1766
103.15 0.0 11968033.409374727 11968111.299374728 2063
108.35 0.0 10983381.88989383 10983459.77989383 2167
111.45 0.0 10435126.586213948 10435204.476213949 2229
115.35 0.0 9903414.817046782 9903492.707046783 2307
142.45 0.0 7503393.595608822 7503471.485608822 2849
142.9 0.0 6965763.06670226 6965840.956702259 2858
148.1 0.0 6344438.350945364 6344516.240945363 2962
168.55 0.0 6144656.322853517 6144734.212853516 3371
177.75 0.0 5411558.022114483 5411635.912114482 3555
187.4 0.0 3079965.9292390156 3080043.8192390157 3748
239.75 0.0 2989435.1184857697 2989513.00848577 4795
258.35 0.0 2321323.69703147 2321401.58703147 5167
271.45 0.0 2220463.1873533907 2220541.077353391 5429
276.35 0.0 2103194.5703336955 2103272.4603336956 5527
301.15 0.0 1991936.6897292426 1992014.5797292425 6023
310.1 0.0 1929447.3698546248 1929525.2598546247 6202
315.4 0.0 1851205.9901050807 1851283.8801050805 6308
317.95 0.0 1745934.8032182818 1746012.6932182817 6359
338.85 0.0 1583847.528219606 1583925.418219606 6777
365.95 0.0 1355862.155592293 1355940.045592293 7319
