% fevals/dim | frac | F - F_opt (99.53) | best fitness | fevals
4.9 0.13114754098360656 271.5471537371153 371.0771537371153 98
7.85 0.13114754098360656 262.67395911474694 362.2039591147469 157
14.45 0.13114754098360656 257.94533966753386 357.47533966753383 289
22.25 0.14754098360655737 219.95754755740833 319.48754755740833 445
34.8 0.14754098360655737 219.42096587019145 318.95096587019145 696
39.75 0.14754098360655737 189.47488864125964 289.00488864125964 795
62.35 0.14754098360655737 179.9248774313987 279.4548774313987 1247
67.55 0.14754098360655737 162.5774847093559 262.1074847093559 1351
78.75 0.16393442622950818 154.54569626261895 254.07569626261895 1575
86.95 0.16393442622950818 144.21156386316696 243.74156386316696 1739
94.25 0.16393442622950818 141.80114072444354 241.33114072444354 1885
98.25 0.16393442622950818 128.69867018109016 228.22867018109017 1965
111.9 0.16393442622950818 125.73100571836366 225.26100571836366 2238
122.65 0.18032786885245902 92.33277954077886 191.86277954077886 2453
145.6 0.18032786885245902 80.39301999583788 179.92301999583788 2912
151.7 0.18032786885245902 79.13352211089796 178.66352211089796 3034
168.15 0.18032786885245902 76.26302305881737 175.79302305881737 3363
170.85 0.19672131147540983 60.337195643638665 159.86719564363867 3417
184.2 0.19672131147540983 48.54507419080332 148.07507419080332 3684
190.35 0.19672131147540983 46.538104212219764 146.06810421221977 3807
200.7 0.19672131147540983 40.406611918834386 139.9366119188344 4014
220.15 0.21311475409836064 36.11935734725708 135.64935734725708 4403
233.75 0.21311475409836064 31.11993601256455 130.64993601256455 4675
253.25 0.21311475409836064 27.121520284501443 126.65152028450144 5065
266.25 0.26229508196721313 8.85185317991828 108.38185317991828 5325
292.25 0.26229508196721313 6.672223082269639 106.20222308226964 5845
377.25 0.2786885245901639 4.671442938180249 104.20144293818025 7545
394.25 0.29508196721311475 3.531950769072509 103.06195076907251 7885
399.9 0.29508196721311475 3.257675783369379 102.78767578336938 7998
411.25 0.3114754098360656 2.3357214690901174 101.86572146909012 8225
427.6 0.3442622950819672 1.0 100.53 8552
