7.95 0.0 143980752.80719 143980830.69719 159
17.85 0.0 100474500.80087534 100474578.69087534 357
25.1 0.0 99612818.45099293 99612896.34099293 502
27.0 0.0 97437964.45651287 97438042.34651287 540
30.05 0.0 78479556.92494361 78479634.81494361 601
34.35 0.0 61922858.72309305 61922936.61309305 687
40.85 0.0 54419446.18974523 54419524.07974523 817
49.35 0.0 35111846.091382295 35111923.981382295 987
59.25 0.0 30128781.413834684 30128859.303834684 1185
65.85 0.0 23993217.08740452 23993294.97740452 1317
93.25 0.0 19155777.75748812 19155855.64748812 1865
111.35 0.0 16924526.179583073 16924604.069583073 2227
114.25 0.0 16602318.336825818 16602396.226825818 2285
117.55 0.0 15642584.498955458 15642662.388955459 2351
120.05 0.0 14695109.218389664 14695187.108389664 2401
122.95 0.0 11264503.340402504 11264581.230402505 2459
142.5 0.0 9557394.863517366 9557472.753517367 2850
159.25 0.0 9140049.478988264 9140127.368988264 3185
167.05 0.0 8856213.266717384 8856291.156717384 3341
176.2 0.0 5154992.854629405 5155070.7446294045 3524
182.8 0.0 5117773.96946665 5117851.85946665 3656
212.5 0.0 4677857.131967476 4677935.021967475 4250
228.7 0.0 3977455.4163743267 3977533.306374327 4574
259.85 0.0 3664358.108852572 3664435.998852572 5197
265.3 0.0 2937759.7537262496 2937837.6437262497 5306
268.6 0.0 2499492.227550103 2499570.117550103 5372
275.2 0.0 2205603.515481059 2205681.405481059 5504
295.0 0.0 1898289.2726263474 1898367.1626263473 5900
334.55 0.0 1819919.1592450575 1819997.0492450574 6691
341.25 0.0 1760846.0129367653 1760923.9029367652 6825
345.8 0.0 1419076.082808185 1419153.9728081848 6916
