5.15 0.0 77917.77288418275 77948.62288418275 103
10.65 0.0 60782.223643037774 60813.07364303777 213
14.8 0.0 30379.22139777331 30410.07139777331 296
23.05 0.0 24545.436537427067 24576.286537427066 461
26.95 0.03278688524590164 5821.684912466322 5852.534912466323 539
34.85 0.03278688524590164 5738.616485932956 5769.466485932956 697
37.95 0.08196721311475409 1364.3752557224186 1395.2252557224185 759
40.7 0.14754098360655737 243.14875944259776 273.99875944259776 814
65.95 0.14754098360655737 161.85492285495582 192.7049228549558 1319
104.45 0.16393442622950818 140.14774950539964 170.99774950539964 2089
112.7 0.16393442622950818 119.25942608979068 150.10942608979067 2254
116.7 0.16393442622950818 117.69210563057857 148.54210563057856 2334
150.35 0.16393442622950818 113.89607141972854 144.74607141972854 3007
170.15 0.16393442622950818 112.92022155134413 143.77022155134412 3403
185.8 0.16393442622950818 112.22590124207122 143.0759012420712 3716
197.25 0.18032786885245902 96.02385229093025 126.87385229093024 3945
228.25 0.18032786885245902 87.72382849268854 118.57382849268853 4565
230.45 0.18032786885245902 77.25468885298 108.10468885297999 4609
234.55 0.18032786885245902 71.90277407000085 102.75277407000084 4691
339.85 0.19672131147540983 61.92599220222623 92.77599220222623 6797
382.75 0.19672131147540983 61.740251877109706 92.59025187710971 7655
423.95 0.19672131147540983 60.316140644821125 91.16614064482113 8479
443.25 0.19672131147540983 59.299619358368226 90.14961935836823 8865
463.8 0.19672131147540983 57.5608412398198 88.4108412398198 9276
465.95 0.19672131147540983 56.83816196898136 87.68816196898136 9319
476.6 0.19672131147540983 53.76420302480617 84.61420302480617 9532
480.35 0.19672131147540983 51.69221459532982 82.54221459532982 9607
