12.2 0.18032786885245902 70.78362815999999 45.53362815999999 244
15.35 0.19672131147540983 44.24122816 18.99122816 307
20.5 0.19672131147540983 42.99162816000001 17.741628160000012 410
26.5 0.21311475409836064 36.71322816000001 11.463228160000007 530
34.3 0.21311475409836064 27.98042816 2.730428159999999 686
44.7 0.22950819672131148 23.10202816 -2.1479718400000003 894
47.3 0.22950819672131148 22.700428160000005 -2.549571839999995 946
52.45 0.22950819672131148 21.77562816 -3.47437184 1049
56.0 0.22950819672131148 19.11802816 -6.1319718399999985 1120
57.6 0.22950819672131148 16.66202816 -8.587971840000002 1152
60.2 0.22950819672131148 15.940428160000002 -9.309571839999998 1204
78.3 0.2459016393442623 14.855628160000002 -10.394371839999998 1566
82.7 0.2459016393442623 13.80442816 -11.44557184 1654
85.55 0.2459016393442623 12.95162816 -12.29837184 1711
89.05 0.2459016393442623 10.569228159999998 -14.680771840000002 1781
92.9 0.2459016393442623 10.329228160000001 -14.920771839999999 1858
95.5 0.26229508196721313 8.22522816 -17.02477184 1910
103.65 0.26229508196721313 7.268428159999999 -17.98157184 2073
106.25 0.26229508196721313 6.35802816 -18.89197184 2125
115.85 0.2786885245901639 5.460428159999999 -19.78957184 2317
131.65 0.2786885245901639 4.45722816 -20.79277184 2633
155.65 0.2786885245901639 4.026828160000001 -21.22317184 3113
158.25 0.29508196721311475 3.799628160000001 -21.45037184 3165
175.6 0.29508196721311475 3.4156281600000007 -21.83437184 3512
178.55 0.29508196721311475 3.047628160000002 -22.202371839999998 3571
195.9 0.29508196721311475 2.8188281600000025 -22.431171839999998 3918
206.2 0.29508196721311475 2.8156281599999993 -22.43437184 4124
212.75 0.29508196721311475 2.7612281600000017 -22.48877184 4255
217.65 0.29508196721311475 2.6444281600000004 -22.60557184 4353
220.25 0.29508196721311475 2.556428160000003 -22.693571839999997 4405
225.4 0.3114754098360656 2.3932281599999996 -22.85677184 4508
230.95 0.3114754098360656 2.13082816 -23.11917184 4619
