3.6 0.09836065573770492 737.2697964305245 697.9697964305245 72
14.2 0.09836065573770492 694.4066210327067 655.1066210327067 284
18.6 0.09836065573770492 685.9977780496565 646.6977780496566 372
23.9 0.11475409836065574 569.1785256965977 529.8785256965978 478
26.7 0.11475409836065574 521.4375547508528 482.13755475085276 534
30.25 0.11475409836065574 506.4427159861339 467.1427159861339 605
36.05 0.11475409836065574 462.87204340288713 423.5720434028871 721
39.85 0.11475409836065574 436.38863115581626 397.08863115581624 797
50.9 0.13114754098360656 394.53543679637215 355.23543679637214 1018
57.25 0.13114754098360656 364.5428054768921 325.2428054768921 1145
68.25 0.13114754098360656 338.1319197406012 298.83191974060117 1365
82.55 0.13114754098360656 306.4214967509687 267.1214967509687 1651
97.2 0.13114754098360656 300.5374813770948 261.2374813770948 1944
119.15 0.13114754098360656 296.9555009752472 257.6555009752472 2383
127.8 0.13114754098360656 290.71783551764827 251.41783551764826 2556
131.35 0.13114754098360656 281.047410848317 241.74741084831697 2627
138.2 0.13114754098360656 269.2422911484067 229.9422911484067 2764
149.4 0.13114754098360656 267.04902451695386 227.74902451695385 2988
158.75 0.14754098360655737 244.2698689154139 204.96986891541388 3175
159.9 0.14754098360655737 242.72756687260824 203.42756687260822 3198
198.05 0.14754098360655737 241.82300368308609 202.52300368308607 3961
201.6 0.14754098360655737 239.27499341771647 199.97499341771646 4032
203.75 0.14754098360655737 234.89177260981717 195.59177260981716 4075
215.8 0.14754098360655737 233.890823185528 194.590823185528 4316
226.45 0.14754098360655737 231.3748408672272 192.07484086722718 4529
240.35 0.14754098360655737 228.26676691427502 188.966766914275 4807
242.6 0.14754098360655737 226.48562602340388 187.18562602340387 4852
259.65 0.14754098360655737 223.39618536531844 184.09618536531843 5193
264.35 0.14754098360655737 223.3775520704517 184.0775520704517 5287
270.25 0.14754098360655737 221.04138378246114 181.74138378246113 5405
