% fevals/dim | frac | F - F_opt (99.53) | best fitness | fevals
2.75 0.13114754098360656 273.2808334377829 372.8108334377829 55
7.95 0.13114754098360656 262.382722933521 361.91272293352097 159
13.45 0.14754098360655737 208.24444926122882 307.7744492612288 269
25.3 0.14754098360655737 189.1683479852965 288.6983479852965 506
32.2 0.14754098360655737 165.434541251725 264.964541251725 644
38.45 0.14754098360655737 160.37783541999622 259.9078354199962 769
42.5 0.16393442622950818 142.1117534394672 241.6417534394672 850
46.45 0.16393442622950818 141.1138691744726 240.6438691744726 929
51.25 0.16393442622950818 141.11066654969588 240.64066654969588 1025
51.55 0.16393442622950818 122.04886233399245 221.57886233399245 1031
62.2 0.18032786885245902 76.45444360721893 175.98444360721894 1244
90.25 0.18032786885245902 74.53760952701461 174.0676095270146 1805
98.4 0.18032786885245902 64.03604123513153 163.56604123513154 1968
101.65 0.19672131147540983 52.61734403010979 152.1473440301098 2033
105.9 0.19672131147540983 44.61246360973607 144.14246360973607 2118
110.3 0.21311475409836064 38.714613018561835 138.24461301856184 2206
123.95 0.21311475409836064 35.066509627579904 134.5965096275799 2479
126.75 0.21311475409836064 29.787546466483747 129.31754646648375 2535
135.85 0.22950819672131148 24.70948890838018 124.23948890838018 2717
147.6 0.22950819672131148 24.55412490186707 124.08412490186707 2952
150.75 0.22950819672131148 22.230675073172705 121.7606750731727 3015
157.6 0.22950819672131148 21.51497021500012 121.04497021500012 3152
159.45 0.2459016393442623 10.633383118984469 110.16338311898447 3189
168.3 0.26229508196721313 6.7463319613378445 106.27633196133785 3366
179.05 0.2786885245901639 4.6607886607572055 104.1907886607572 3581
184.45 0.29508196721311475 3.2475534783774407 102.77755347837744 3689
