% fevals/dim | frac | F - F_opt (99.53) | best fitness | fevals
2.75 0.13114754098360656 273.2808334377829 372.8108334377829 55
7.05 0.14754098360655737 229.52460868337235 329.05460868337235 141
17.8 0.14754098360655737 206.98662382515178 306.5166238251518 356
18.2 0.16393442622950818 119.57676217284674 219.10676217284674 364
44.2 0.16393442622950818 109.90135453976868 209.43135453976868 884
47.8 0.18032786885245902 79.78066806459393 179.31066806459393 956
63.05 0.18032786885245902 66.04557874559987 165.57557874559987 1261
82.3 0.19672131147540983 61.623409729825 161.153409729825 1646
84.1 0.19672131147540983 55.90652234296206 155.43652234296206 1682
91.0 0.19672131147540983 55.71775186053361 155.2477518605336 1820
98.5 0.19672131147540983 53.59582181880947 153.12582181880947 1970
102.9 0.19672131147540983 43.25221154070189 142.7822115407019 2058
104.8 0.21311475409836064 39.617636316745774 139.14763631674577 2096
110.0 0.21311475409836064 34.86976268969178 134.39976268969178 2200
118.25 0.21311475409836064 32.64465345013443 132.17465345013443 2365
125.9 0.26229508196721313 7.4162556583000026 106.9462556583 2518
141.1 0.26229508196721313 7.0 106.53 2822
163.3 0.3114754098360656 1.6237767391887274 101.15377673918873 3266
