10.5 0.09836065573770492 703.9441687714215 664.6441687714215 210
26.15 0.11475409836065574 572.6716199857833 533.3716199857834 523
36.4 0.11475409836065574 547.6880612361638 508.38806123616376 728
40.05 0.11475409836065574 490.18647303715716 450.88647303715715 801
46.55 0.11475409836065574 479.47800912661546 440.17800912661545 931
56.25 0.11475409836065574 411.648089533503 372.348089533503 1125
72.35 0.11475409836065574 402.68307146059954 363.3830714605995 1447
73.55 0.13114754098360656 386.6165012971235 347.31650129712347 1471
84.5 0.13114754098360656 385.95735748414813 346.6573574841481 1690
88.85 0.13114754098360656 378.7344803100999 339.4344803100999 1777
95.45 0.13114754098360656 370.13022482397434 330.83022482397433 1909
101.15 0.13114754098360656 356.2262684093589 316.9262684093589 2023
102.4 0.13114754098360656 331.888506911097 292.588506911097 2048
111.0 0.13114754098360656 284.99545035454014 245.69545035454013 2220
118.3 0.13114754098360656 264.29823008127386 224.99823008127385 2366
158.45 0.13114754098360656 254.79201089556972 215.4920108955697 3169
166.65 0.14754098360655737 249.8906877109473 210.5906877109473 3333
178.2 0.14754098360655737 242.08595981984882 202.7859598198488 3564
181.3 0.14754098360655737 240.47953561049792 201.1795356104979 3626
184.95 0.14754098360655737 234.8657958506933 195.5657958506933 3699
228.0 0.14754098360655737 233.8754774519968 194.5754774519968 4560
231.45 0.14754098360655737 230.58691391466294 191.28691391466293 4629
237.45 0.14754098360655737 224.46363535094287 185.16363535094285 4749
242.95 0.14754098360655737 213.665023820707 174.365023820707 4859
246.6 0.14754098360655737 207.29389629987145 167.99389629987144 4932
293.7 0.14754098360655737 205.8767886624962 166.5767886624962 5874
298.6 0.14754098360655737 204.24454909952806 164.94454909952805 5972
300.2 0.14754098360655737 199.94632858444004 160.64632858444003 6004
332.25 0.14754098360655737 197.84756374349342 158.5475637434934 6645
