8.1 0.0 154862669.01784238 154862746.90784237 162
17.95 0.0 124611393.7867391 124611471.6767391 359
24.2 0.0 103686228.01307352 103686305.90307352 484
49.2 0.0 85930039.885052 85930117.775052 984
71.75 0.0 74547614.89871997 74547692.78871997 1435
117.95 0.0 67702146.74776562 67702224.63776562 2359
128.0 0.0 57405728.306994624 57405806.196994625 2560
143.05 0.0 49925549.7977709 49925627.6877709 2861
151.35 0.0 42868083.35470377 42868161.24470377 3027
170.1 0.0 35333493.480167255 35333571.370167255 3402
212.2 0.0 30258047.382254206 30258125.272254206 4244
267.1 0.0 16605920.000936441 16605997.890936442 5342
324.8 0.0 15977650.553119505 15977728.443119505 6496
347.0 0.0 13007194.405925162 13007272.295925163 6940
356.05 0.0 12589801.541310513 12589879.431310514 7121
365.25 0.0 11214385.458224539 11214463.34822454 7305
371.5 0.0 8930076.997940343 8930154.887940343 7430
402.75 0.0 8142576.774198046 8142654.664198046 8055
413.2 0.0 8117865.259475822 8117943.149475821 8264
433.8 0.0 6846065.362335424 6846143.252335424 8676
459.15 0.0 6692415.691357164 6692493.581357163 9183
471.55 0.0 5836064.7039279295 5836142.593927929 9431
480.0 0.0 5119808.384053876 5119886.274053875 9600
493.8 0.0 4880978.349723944 4881056.239723944 9876
