8.4 0.18032786885245902 75.484305870649 348.634305870649 168
10.1 0.19672131147540983 57.78350513351455 330.93350513351453 202
16.3 0.19672131147540983 55.618459491691794 328.7684594916918 326
25.6 0.19672131147540983 49.65138129239301 322.801381292393 512
30.6 0.21311475409836064 31.2886331160243 304.4386331160243 612
47.75 0.21311475409836064 27.696061480680555 300.84606148068053 955
53.6 0.21311475409836064 26.67135625107113 299.8213562510711 1072
56.55 0.22950819672131148 24.904785886376033 298.054785886376 1131
71.0 0.22950819672131148 22.192229393827233 295.3422293938272 1420
85.4 0.22950819672131148 21.655280211310355 294.80528021131033 1708
87.65 0.22950819672131148 20.77243387955002 293.92243387955 1753
94.1 0.22950819672131148 18.92837266841923 292.0783726684192 1882
100.05 0.22950819672131148 17.967681025584454 291.11768102558443 2001
106.5 0.2459016393442623 14.505372990736817 287.6553729907368 2130
142.95 0.2459016393442623 12.99675742675629 286.14675742675627 2859
168.35 0.2459016393442623 12.900784702520014 286.05078470252 3367
214.05 0.2459016393442623 12.61954004827362 285.7695400482736 4281
219.55 0.2459016393442623 11.23429218293046 284.38429218293044 4391
244.9 0.2459016393442623 10.88215321416044 284.0321532141604 4898
318.75 0.2459016393442623 10.41734666399259 283.56734666399257 6375
342.45 0.26229508196721313 9.148983357791167 282.29898335779114 6849
494.45 0.26229508196721313 8.184648344106904 281.3346483441069 9889
