19.0 0.09836065573770492 654.0564862070364 614.7564862070365 380
30.55 0.11475409836065574 623.9901717235123 584.6901717235123 611
38.35 0.11475409836065574 563.1201816284198 523.8201816284198 767
47.9 0.11475409836065574 539.5684689849476 500.26846898494756 958
52.35 0.11475409836065574 453.4783709855593 414.1783709855593 1047
56.6 0.11475409836065574 440.6020357867742 401.3020357867742 1132
63.65 0.11475409836065574 417.04059323392545 377.74059323392544 1273
67.1 0.11475409836065574 413.86610469744255 374.56610469744254 1342
68.3 0.13114754098360656 355.8632270610136 316.5632270610136 1366
91.55 0.13114754098360656 353.64633160820443 314.3463316082044 1831
94.55 0.13114754098360656 342.8553378045368 303.5553378045368 1891
101.75 0.13114754098360656 340.2569876431753 300.9569876431753 2035
107.05 0.13114754098360656 313.16410585502155 273.86410585502153 2141
112.85 0.13114754098360656 308.4283297202037 269.1283297202037 2257
120.3 0.13114754098360656 297.95922136363293 258.6592213636329 2406
130.95 0.13114754098360656 296.2320133264992 256.9320133264992 2619
134.5 0.13114754098360656 282.396170230076 243.09617023007598 2690
141.6 0.13114754098360656 274.30247098661494 235.00247098661492 2832
155.7 0.13114754098360656 264.3580204674346 225.05802046743457 3114
163.85 0.13114754098360656 257.1519416867656 217.8519416867656 3277
167.4 0.13114754098360656 253.50859859675916 214.20859859675915 3348
203.35 0.13114754098360656 253.2029013925801 213.90290139258008 4067
220.45 0.13114754098360656 251.4280909379774 212.1280909379774 4409
228.05 0.14754098360655737 232.58558362032193 193.28558362032192 4561
286.3 0.14754098360655737 228.64828722987266 189.34828722987265 5726
331.6 0.14754098360655737 211.49052842230083 172.19052842230082 6632
362.2 0.14754098360655737 209.15436013431025 169.85436013431024 7244
