4.1 0.0 152165.24729244667 152196.09729244668 82
7.15 0.0 72306.76736621479 72337.61736621479 143
9.45 0.0 63558.594255570475 63589.44425557047 189
23.1 0.0 43786.31929856099 43817.16929856099 462
25.9 0.0 33299.67146971357 33330.52146971357 518
33.15 0.0 32779.0765585513 32809.9265585513 663
35.8 0.0 17517.483747349717 17548.333747349716 716
38.85 0.0 14441.142059056212 14471.992059056212 777
50.4 0.01639344262295082 6353.372012705059 6384.22201270506 1008
53.45 0.11475409836065574 624.7095498832379 655.5595498832379 1069
65.65 0.14754098360655737 216.09837443052234 246.94837443052234 1313
84.8 0.14754098360655737 212.8873649554758 243.73736495547578 1696
93.7 0.16393442622950818 147.45581218612918 178.30581218612917 1874
112.1 0.16393442622950818 122.43034382190791 153.2803438219079 2242
121.25 0.16393442622950818 118.7343581450688 149.5843581450688 2425
125.5 0.16393442622950818 115.99075790138352 146.8407579013835 2510
132.1 0.18032786885245902 94.44081140340836 125.29081140340836 2642
153.25 0.18032786885245902 87.00304488393468 117.85304488393467 3065
177.85 0.18032786885245902 80.0906687376584 110.9406687376584 3557
185.85 0.18032786885245902 77.9305774302156 108.7805774302156 3717
187.95 0.18032786885245902 69.89683207045223 100.74683207045223 3759
191.0 0.18032786885245902 66.84555173336645 97.69555173336644 3820
224.55 0.18032786885245902 66.15906631926248 97.00906631926247 4491
266.1 0.19672131147540983 62.130926699053155 92.98092669905316 5322
302.7 0.19672131147540983 59.7454587652529 90.5954587652529 6054
421.85 0.19672131147540983 58.035946292439824 88.88594629243983 8437
437.3 0.19672131147540983 52.285317743508465 83.13531774350847 8746
