% fevals/dim | frac | F - F_opt (99.53) | best fitness | fevals
2.75 0.13114754098360656 273.2808334377829 372.8108334377829 55
11.25 0.13114754098360656 264.6539302996564 364.18393029965637 225
20.15 0.14754098360655737 245.84110480115876 345.37110480115876 403
27.8 0.14754098360655737 218.4359544395173 317.9659544395173 556
29.2 0.14754098360655737 198.5437466276214 298.0737466276214 584
41.5 0.14754098360655737 182.17916230193995 281.70916230193995 830
46.6 0.14754098360655737 173.77448558605656 273.30448558605656 932
55.3 0.16393442622950818 150.3348996510113 249.8648996510113 1106
62.5 0.16393442622950818 145.2748678019701 244.8048678019701 1250
67.2 0.16393442622950818 114.2750849093226 213.8050849093226 1344
73.55 0.16393442622950818 101.93150280144079 201.4615028014408 1471
87.65 0.16393442622950818 101.32248813643201 200.85248813643202 1753
107.4 0.18032786885245902 84.49834032012134 184.02834032012134 2148
112.1 0.18032786885245902 80.87298719427491 180.4029871942749 2242
121.0 0.18032786885245902 74.91391725326676 174.44391725326676 2420
125.45 0.18032786885245902 70.3889394922169 169.9189394922169 2509
128.4 0.18032786885245902 67.87673378363039 167.4067337836304 2568
133.2 0.21311475409836064 35.97752179918095 135.50752179918095 2664
142.6 0.21311475409836064 29.69618940046155 129.22618940046155 2852
170.8 0.21311475409836064 27.20366871146615 126.73366871146615 3416
175.0 0.26229508196721313 7.362865116685384 106.89286511668539 3500
211.65 0.26229508196721313 6.473997631319705 106.0039976313197 4233
225.75 0.2786885245901639 4.671442938180249 104.20144293818025 4515
243.95 0.29508196721311475 3.27427498570313 102.80427498570313 4879
