% fevals/dim | frac | F - F_opt (-462.09) | best fitness | fevals
2.25 0.09836065573770492 719.2482309328874 257.1582309328874 45
9.75 0.11475409836065574 607.0786702340719 144.9886702340719 195
10.5 0.11475409836065574 552.7758400131521 90.68584001315213 210
13.0 0.11475409836065574 514.5985493461744 52.50854934617445 260
19.75 0.11475409836065574 464.3398710630309 2.2498710630309233 395
20.75 0.11475409836065574 439.5926344226024 -22.497365577397602 415
24.75 0.13114754098360656 386.2692038360598 -75.8207961639402 495
29.2 0.13114754098360656 364.55935309684065 -97.53064690315932 584
32.65 0.13114754098360656 352.710983656689 -109.37901634331098 653
35.15 0.13114754098360656 319.60899149992764 -142.48100850007233 703
43.35 0.13114754098360656 294.8927071710813 -167.19729282891865 867
45.85 0.13114754098360656 283.64273700693514 -178.44726299306484 917
54.0 0.13114754098360656 283.198698817797 -178.891301182203 1080
55.65 0.13114754098360656 254.85723668015413 -207.23276331984584 1113
64.35 0.14754098360655737 244.67098025773714 -217.41901974226283 1287
74.55 0.14754098360655737 243.96992296809276 -218.12007703190721 1491
77.05 0.14754098360655737 202.4709733425928 -259.6190266574072 1541
93.3 0.14754098360655737 201.2920469444012 -260.7979530555988 1866
95.8 0.14754098360655737 194.43961510437327 -267.6503848956267 1916
124.6 0.14754098360655737 194.06148700433903 -268.02851299566095 2492
125.8 0.14754098360655737 190.29801422501686 -271.7919857749831 2516
133.3 0.14754098360655737 169.09119272103004 -292.99880727896993 2666
154.0 0.14754098360655737 167.18610421957658 -294.9038957804234 3080
193.6 0.14754098360655737 165.28179804367852 -296.80820195632145 3872
204.4 0.14754098360655737 165.20693657982554 -296.88306342017444 4088
206.1 0.14754098360655737 163.92080524936273 -298.16919475063725 4122
