% fevals/dim | frac | F - F_opt (99.8) | best fitness | fevals
2.85 0.18032786885245902 79.07188394434645 178.87188394434645 57
10.0 0.18032786885245902 78.90368632699484 178.70368632699484 200
12.65 0.18032786885245902 78.81011008684722 178.61011008684721 253
18.35 0.18032786885245902 75.7565406411084 175.5565406411084 367
23.0 0.18032786885245902 74.41056866872343 174.21056866872343 460
25.35 0.18032786885245902 73.72404515416754 173.52404515416754 507
28.7 0.18032786885245902 73.65849045034825 173.45849045034825 574
34.7 0.18032786885245902 73.0948669028018 172.8948669028018 694
41.9 0.18032786885245902 69.21087968983694 169.01087968983694 838
64.95 0.19672131147540983 56.50089920308825 156.30089920308825 1299
77.65 0.19672131147540983 53.7291141623344 153.5291141623344 1553
94.6 0.19672131147540983 50.24692712225989 150.0469271222599 1892
99.05 0.19672131147540983 45.95846257369119 145.7584625736912 1981
102.4 0.21311475409836064 38.845934623533836 138.64593462353383 2048
128.7 0.21311475409836064 32.8222547121177 132.6222547121177 2574
152.55 0.21311475409836064 26.42321543496186 126.22321543496186 3051
164.8 0.21311475409836064 25.888199100280545 125.68819910028054 3296
171.45 0.22950819672131148 24.471135895877325 124.27113589587732 3429
192.7 0.22950819672131148 23.861815586648433 123.66181558664843 3854
198.5 0.22950819672131148 23.639483536789086 123.43948353678908 3970
201.6 0.22950819672131148 19.60285796068601 119.402857960686 4032
210.9 0.22950819672131148 16.64730550373011 116.4473055037301 4218
264.25 0.2459016393442623 15.242239963960003 115.04223996396 5285
283.8 0.2459016393442623 14.01497442487782 113.81497442487782 5676
331.65 0.2459016393442623 13.70461089863052 113.50461089863052 6633
340.55 0.2459016393442623 13.458958216737244 113.25895821673724 6811
349.85 0.2459016393442623 11.14313066236295 110.94313066236295 6997
409.4 0.2459016393442623 10.532686403489478 110.33268640348948 8188
440.0 0.2459016393442623 10.032184322791366 109.83218432279136 8800
452.9 0.26229508196721313 9.490359605567576 109.29035960556757 9058
490.2 0.26229508196721313 8.857604307799406 108.6576043077994 9804
