% fevals/dim | frac | F - F_opt (3.82) | best fitness | fevals
1.95 0.09836065573770492 731.7064106053517 735.5264106053518 39
4.4 0.13114754098360656 375.0752611608984 378.8952611608984 88
10.4 0.13114754098360656 351.9841590466128 355.80415904661277 208
24.5 0.13114754098360656 315.54440570466863 319.3644057046686 490
27.7 0.14754098360655737 244.0351475366192 247.8551475366192 554
39.0 0.14754098360655737 204.69315655928696 208.51315655928695 780
43.35 0.14754098360655737 159.79396646551436 163.61396646551435 867
56.15 0.16393442622950818 149.9911239678742 153.81112396787418 1123
65.5 0.16393442622950818 133.95766890483574 137.77766890483574 1310
73.15 0.16393442622950818 128.71220959114086 132.53220959114086 1463
80.3 0.16393442622950818 120.32480372644764 124.14480372644763 1606
89.95 0.16393442622950818 113.5662011561646 117.38620115616459 1799
98.25 0.18032786885245902 90.04862294414872 93.86862294414871 1965
108.6 0.18032786885245902 85.93126122144984 89.75126122144984 2172
118.75 0.18032786885245902 75.92128044278164 79.74128044278163 2375
151.85 0.18032786885245902 69.22020701538821 73.0402070153882 3037
190.6 0.18032786885245902 67.0060008367242 70.82600083672419 3812
196.95 0.18032786885245902 63.23243368585286 67.05243368585286 3939
215.9 0.19672131147540983 59.9415719859783 63.7615719859783 4318
266.8 0.19672131147540983 58.23920966480873 62.05920966480873 5336
270.7 0.19672131147540983 47.049156378723374 50.869156378723375 5414
340.45 0.21311475409836064 38.57399177186512 42.39399177186512 6809
353.5 0.21311475409836064 31.906885188842082 35.72688518884208 7070
