% fevals/dim | frac | F - F_opt (-462.09) | best fitness | fevals
2.25 0.09836065573770492 719.2482309328874 257.1582309328874 45
5.4 0.09836065573770492 668.9006571467507 206.81065714675077 108
7.35 0.11475409836065574 574.2470513661758 112.15705136617584 147
27.05 0.11475409836065574 533.8032489575864 71.71324895758647 541
30.7 0.11475409836065574 499.02696625053306 36.93696625053309 614
39.9 0.11475409836065574 434.65841791127843 -27.43158208872154 798
46.85 0.11475409836065574 414.9105864206234 -47.17941357937656 937
50.85 0.13114754098360656 334.9228997106974 -127.1671002893026 1017
53.1 0.13114754098360656 304.8477835224759 -157.2422164775241 1062
82.3 0.13114754098360656 299.986876051961 -162.10312394803896 1646
85.4 0.13114754098360656 286.95591736376673 -175.13408263623325 1708
88.7 0.13114754098360656 267.8033669439652 -194.28663305603476 1774
95.55 0.13114754098360656 255.02425580939024 -207.06574419060973 1911
112.4 0.14754098360655737 248.58200328190088 -213.5079967180991 2248
119.1 0.14754098360655737 239.1680805021997 -222.92191949780027 2382
127.0 0.14754098360655737 234.77848753180768 -227.3115124681923 2540
131.3 0.14754098360655737 228.1487293849995 -233.94127061500046 2626
132.4 0.14754098360655737 227.2641989187806 -234.82580108121937 2648
135.7 0.14754098360655737 204.97850538835763 -257.11149461164234 2714
162.65 0.14754098360655737 202.78303289598324 -259.30696710401673 3253
174.25 0.14754098360655737 201.01754884618964 -261.07245115381033 3485
182.4 0.14754098360655737 190.06526940248898 -272.024730597511 3648
203.6 0.14754098360655737 188.99833392701123 -273.09166607298874 4072
218.1 0.14754098360655737 187.96670444975018 -274.1232955502498 4362
221.95 0.14754098360655737 179.6239226063069 -282.46607739369307 4439
245.4 0.14754098360655737 178.06861309384755 -284.02138690615243 4908
255.15 0.14754098360655737 174.17380530807628 -287.9161946919237 5103
268.3 0.14754098360655737 173.1952602682315 -288.8947397317685 5366
284.0 0.14754098360655737 168.72789249678203 -293.36210750321794 5680
294.7 0.14754098360655737 164.67203260211477 -297.4179673978852 5894
320.35 0.14754098360655737 161.7731679074912 -300.3168320925088 6407
380.3 0.14754098360655737 160.4177513934116 -301.67224860658837 7606
388.85 0.16393442622950818 157.81962658266997 -304.27037341733 7777
414.75 0.16393442622950818 156.7536848343022 -305.3363151656978 8295
438.3 0.16393442622950818 156.53349525220716 -305.5565047477928 8766
459.85 0.16393442622950818 155.46755350383933 -306.62244649616065 9197
