9.25 0.0 241005672.8256006 241005750.71560058 185
9.7 0.0 125187196.31254776 125187274.20254776 194
16.8 0.0 117457643.29524377 117457721.18524377 336
22.5 0.0 116874799.10241778 116874876.99241778 450
28.0 0.0 66625667.62977784 66625745.51977784 560
38.45 0.0 66295794.13658414 66295872.02658414 769
42.4 0.0 53667515.32487806 53667593.21487806 848
46.0 0.0 52442927.166502215 52443005.056502216 920
47.4 0.0 39730483.88963496 39730561.77963496 948
51.45 0.0 38533158.75501688 38533236.64501688 1029
66.95 0.0 37453887.12030697 37453965.01030697 1339
75.05 0.0 33384763.361771587 33384841.251771588 1501
78.15 0.0 33108481.144154757 33108559.034154758 1563
79.05 0.0 28875961.270215657 28876039.160215657 1581
83.85 0.0 27564518.58076797 27564596.47076797 1677
88.15 0.0 26713688.001379162 26713765.891379163 1763
94.45 0.0 25671927.38574056 25672005.27574056 1889
96.25 0.0 23351734.20692565 23351812.09692565 1925
99.6 0.0 22496338.35194325 22496416.24194325 1992
103.9 0.0 22460586.145083655 22460664.035083655 2078
108.85 0.0 18197289.809307657 18197367.699307658 2177
117.55 0.0 12496168.338311372 12496246.228311373 2351
138.55 0.0 10968197.465583362 10968275.355583362 2771
158.85 0.0 8032582.374392638 8032660.264392638 3177
189.65 0.0 7691805.632847669 7691883.522847668 3793
193.1 0.0 6965561.961005214 6965639.851005213 3862
202.55 0.0 6155969.931347207 6156047.821347207 4051
207.7 0.0 5668636.440116553 5668714.330116552 4154
223.8 0.0 4357645.413648492 4357723.303648491 4476
281.9 0.0 4223933.74370846 4224011.633708459 5638
285.2 0.0 4213008.976265552 4213086.866265552 5704
296.25 0.0 4114678.012445962 4114755.902445962 5925
303.05 0.0 3837435.75755354 3837513.6475535403 6061
339.55 0.0 3813009.9797547916 3813087.8697547917 6791
340.9 0.0 3529033.4009114536 3529111.290911454 6818
