% fevals/dim | frac | F - F_opt (-145.58) | best fitness | fevals
0.05 0.0 18319.617419137103 18174.0374191371 1
0.05 0.0 18319.617419137103 18174.0374191371 1
41.0 0.0 11963.72672234009 11818.14672234009 820
93.05 0.0 11086.427219720983 10940.847219720983 1861
131.0 0.01639344262295082 8139.434821888318 7993.854821888318 2620
183.05 0.01639344262295082 8052.475981813563 7906.895981813563 3661
202.75 0.01639344262295082 6439.335566255641 6293.7555662556415 4055
215.85 0.03278688524590164 5293.047468872769 5147.467468872769 4317
237.45 0.03278688524590164 4379.1835435544535 4233.603543554454 4749
273.35 0.06557377049180328 1596.216293774014 1450.6362937740141 5467
325.4 0.08196721311475409 1564.103394163225 1418.523394163225 6508
342.75 0.09836065573770492 655.9727977752893 510.3927977752893 6855
369.3 0.11475409836065574 627.1663172458274 481.58631724582733 7386
396.4 0.11475409836065574 432.8147161616139 287.23471616161385 7928
409.35 0.14754098360655737 162.49518053612513 16.91518053612512 8187
