% fevals/dim | frac | F - F_opt (273.15) | best fitness | fevals
0.05 0.14754098360655737 217.8320510932524 490.9820510932524 1
1.1 0.16393442622950818 104.32794289306639 377.47794289306637 22
20.2 0.18032786885245902 80.33960787540843 353.4896078754084 404
43.0 0.18032786885245902 77.00458301936015 350.15458301936013 860
51.55 0.18032786885245902 68.42375367999529 341.57375367999526 1031
56.25 0.19672131147540983 54.125886612014256 327.27588661201423 1125
77.55 0.19672131147540983 46.216672135595275 319.36667213559525 1551
89.5 0.19672131147540983 45.388780270675966 318.53878027067594 1790
94.15 0.19672131147540983 44.43510736505834 317.5851073650583 1883
108.75 0.21311475409836064 33.75269229564782 306.9026922956478 2175
124.15 0.21311475409836064 33.29598196106082 306.4459819610608 2483
129.65 0.21311475409836064 29.227006576698784 302.37700657669876 2593
135.9 0.22950819672131148 22.925042224321487 296.07504222432146 2718
233.05 0.22950819672131148 22.715119124142632 295.8651191241426 4661
247.45 0.22950819672131148 21.096188114513097 294.2461881145131 4949
280.75 0.2459016393442623 15.793935833213993 288.94393583321397 5615
415.4 0.2459016393442623 15.704790838731299 288.8547908387313 8308
473.85 0.2459016393442623 11.957938210802752 285.10793821080273 9477
