% fevals/dim | frac | F - F_opt (99.53) | best fitness | fevals
0.05 0.11475409836065574 399.2761284089512 498.80612840895117 1
17.35 0.14754098360655737 200.3130753175271 299.8430753175271 347
51.5 0.14754098360655737 196.82305798410786 296.35305798410786 1030
86.35 0.14754098360655737 161.16592943868895 260.69592943868895 1727
110.9 0.16393442622950818 138.87286078965477 238.40286078965477 2218
128.25 0.16393442622950818 115.03492524068955 214.56492524068955 2565
168.5 0.16393442622950818 113.89042790602142 213.42042790602142 3370
185.75 0.18032786885245902 83.97632242463735 183.50632242463735 3715
268.35 0.18032786885245902 81.14754304778836 180.67754304778836 5367
288.2 0.18032786885245902 69.18625280143286 168.71625280143286 5764
304.45 0.19672131147540983 49.071057518685876 148.60105751868588 6089
310.3 0.19672131147540983 43.39764855193184 142.92764855193184 6206
365.8 0.21311475409836064 36.74333856720327 136.27333856720327 7316
416.5 0.22950819672131148 19.881757208156586 119.41175720815659 8330
