% fevals/dim | frac | F - F_opt (99.53) | best fitness | fevals
0.05 0.11475409836065574 399.2761284089512 498.80612840895117 1
12.35 0.14754098360655737 228.79444064439926 328.32444064439926 247
36.15 0.14754098360655737 200.8065242041 300.3365242041 723
51.7 0.16393442622950818 154.64312127716568 254.17312127716568 1034
82.8 0.16393442622950818 145.10640398079673 244.63640398079673 1656
120.9 0.16393442622950818 136.09867941409212 235.62867941409212 2418
134.05 0.16393442622950818 130.67201879682784 230.20201879682784 2681
165.15 0.16393442622950818 115.9369830761103 215.4669830761103 3303
176.0 0.16393442622950818 104.55362193175037 204.08362193175037 3520
210.75 0.18032786885245902 92.8024788853485 192.3324788853485 4215
228.5 0.18032786885245902 89.18744248287899 188.717442482879 4570
238.2 0.18032786885245902 74.10582061249823 173.63582061249824 4764
291.3 0.19672131147540983 56.63379951464188 156.16379951464188 5826
310.05 0.19672131147540983 45.90364480740729 145.4336448074073 6201
321.6 0.19672131147540983 41.077692356610015 140.60769235661002 6432
383.8 0.2459016393442623 15.386849893555777 114.91684989355578 7676
485.75 0.26229508196721313 9.0 108.53 9715
