% fevals/dim | frac | F - F_opt (273.15) | best fitness | fevals
0.05 0.14754098360655737 217.8320510932524 490.9820510932524 1
11.15 0.18032786885245902 84.85102767028332 358.0010276702833 223
13.55 0.18032786885245902 75.03443331148492 348.1844333114849 271
36.3 0.19672131147540983 53.63458484772383 326.7845848477238 726
78.15 0.19672131147540983 47.86773103007806 321.01773103007804 1563
121.6 0.19672131147540983 43.559328785234015 316.709328785234 2432
183.85 0.21311475409836064 34.663620135766166 307.81362013576614 3677
233.6 0.21311475409836064 26.34122464893062 299.4912246489306 4672
335.25 0.22950819672131148 24.20008504257669 297.35008504257667 6705
355.3 0.22950819672131148 23.839400920597996 296.989400920598 7106
383.0 0.22950819672131148 17.814629822788277 290.96462982278825 7660
