% fevals/dim | frac | F - F_opt (99.53) | best fitness | fevals
0.05 0.11475409836065574 399.2761284089512 498.80612840895117 1
2.55 0.13114754098360656 266.9616623997722 366.49166239977217 51
5.0 0.13114754098360656 257.15748909764284 356.6874890976428 100
8.85 0.14754098360655737 239.91583787599936 339.44583787599936 177
21.85 0.14754098360655737 207.36810274951947 306.89810274951947 437
28.05 0.14754098360655737 186.67092180143638 286.2009218014364 561
32.0 0.16393442622950818 135.60632496102915 235.13632496102915 640
59.3 0.16393442622950818 116.97310508549921 216.50310508549921 1186
71.35 0.16393442622950818 102.98788913710356 202.51788913710357 1427
76.5 0.21311475409836064 37.728044353908956 137.25804435390896 1530
80.3 0.22950819672131148 20.5078733027334 120.0378733027334 1606
180.35 0.22950819672131148 18.674892591900957 118.20489259190096 3607
210.0 0.22950819672131148 18.63181401545242 118.16181401545242 4200
264.7 0.2459016393442623 10.257675783369379 109.78767578336938 5294
323.2 0.26229508196721313 6.95192796177561 106.48192796177561 6464
337.9 1.0 0.0 99.53 6758
