% fevals/dim | frac | F - F_opt (47.39) | best fitness | fevals
0.05 0.2459016393442623 14.407515094193322 61.79751509419332 1
0.05 0.2459016393442623 14.407515094193322 61.79751509419332 1
4.45 0.2459016393442623 12.696816440337805 60.086816440337806 89
8.05 0.2459016393442623 11.967281937270087 59.35728193727009 161
10.65 0.26229508196721313 9.053862372769075 56.443862372769075 213
18.55 0.26229508196721313 7.811153173712462 55.20115317371246 371
39.65 0.2786885245901639 5.589509914869666 52.979509914869666 793
75.95 0.2786885245901639 5.54742384007109 52.93742384007109 1519
98.1 0.2786885245901639 5.540661397596281 52.93066139759628 1962
100.95 0.2786885245901639 5.485586151616815 52.875586151616815 2019
104.5 0.2786885245901639 5.472703908286832 52.86270390828683 2090
118.9 0.2786885245901639 5.459568679900251 52.84956867990025 2378
124.45 0.2786885245901639 5.300185820245915 52.690185820245915 2489
138.9 0.2786885245901639 5.237696172033907 52.62769617203391 2778
151.7 0.2786885245901639 5.233649031256775 52.623649031256775 3034
198.8 0.2786885245901639 4.610870533790241 52.00087053379024 3976
235.65 0.2786885245901639 4.599962515361398 51.9899625153614 4713
341.25 0.2786885245901639 4.367101411002764 51.757101411002765 6825
379.65 0.2786885245901639 4.2305460812915 51.6205460812915 7593
389.2 0.29508196721311475 3.6934412630838622 51.08344126308386 7784
