% fevals/dim | frac | F - F_opt (99.53) | best fitness | fevals
0.05 0.11475409836065574 399.2761284089512 498.80612840895117 1
17.35 0.14754098360655737 200.3130753175271 299.8430753175271 347
50.7 0.14754098360655737 189.8851931242062 289.4151931242062 1014
108.15 0.16393442622950818 128.89631179631908 228.42631179631908 2163
127.35 0.16393442622950818 124.77059913453715 224.30059913453715 2547
155.2 0.16393442622950818 121.76158140676591 221.2915814067659 3104
187.5 0.18032786885245902 68.82397451857608 168.35397451857608 3750
273.0 0.18032786885245902 67.13757317137689 166.6675731713769 5460
299.9 0.18032786885245902 63.92529412391903 163.45529412391903 5998
320.4 0.19672131147540983 61.12863758124507 160.65863758124507 6408
340.3 0.19672131147540983 44.3493275548752 143.8793275548752 6806
358.9 0.19672131147540983 43.98750722005832 143.51750722005832 7178
397.3 0.21311475409836064 35.68756970817461 135.2175697081746 7946
419.9 0.21311475409836064 32.63197713799988 132.16197713799988 8398
457.15 0.22950819672131148 20.439273145135132 119.96927314513513 9143
