% fevals/dim | frac | F - F_opt (99.53) | best fitness | fevals
0.05 0.11475409836065574 399.2761284089512 498.80612840895117 1
2.55 0.13114754098360656 266.9616623997722 366.49166239977217 51
5.05 0.13114754098360656 260.76253134295416 360.29253134295413 101
11.35 0.14754098360655737 222.54007819534488 322.0700781953449 227
14.4 0.14754098360655737 199.1968253476094 298.7268253476094 288
19.7 0.14754098360655737 180.41396922532837 279.9439692253284 394
22.45 0.14754098360655737 173.4582521636523 272.9882521636523 449
25.8 0.14754098360655737 166.05496532498157 265.58496532498157 516
28.2 0.16393442622950818 142.51589869854035 242.04589869854036 564
35.9 0.16393442622950818 137.80411204791002 237.33411204791003 718
38.65 0.16393442622950818 115.3733178508846 214.9033178508846 773
41.45 0.16393442622950818 111.89414986935603 211.42414986935603 829
47.8 0.18032786885245902 85.74210145299375 185.27210145299375 956
60.0 0.18032786885245902 74.89781771011113 174.42781771011113 1200
64.8 0.21311475409836064 36.422497737622535 135.95249773762254 1296
85.2 0.21311475409836064 30.454429635839602 129.9844296358396 1704
94.65 0.21311475409836064 29.425195970144586 128.9551959701446 1893
96.65 0.22950819672131148 22.944285133025744 122.47428513302575 1933
98.8 0.2459016393442623 10.07945485885135 109.60945485885135 1976
117.45 0.29508196721311475 3.0 102.53 2349
126.4 1.0 0.0 99.53 2528
