% fevals/dim | frac | F - F_opt (-145.58) | best fitness | fevals
0.05 0.0 18319.617419137103 18174.0374191371 1
0.05 0.0 18319.617419137103 18174.0374191371 1
8.0 0.0 11445.77783263404 11300.19783263404 160
15.4 0.01639344262295082 8212.78295060047 8067.202950600469 308
25.0 0.03278688524590164 4495.5048033904495 4349.92480339045 500
33.25 0.06557377049180328 1872.9974154306233 1727.4174154306234 665
39.4 0.09836065573770492 953.7468355030879 808.1668355030879 788
46.6 0.09836065573770492 839.6763538708929 694.0963538708928 932
49.1 0.13114754098360656 380.6129659706211 235.03296597062106 982
58.7 0.22950819672131148 19.194234657692846 -126.38576534230717 1174
71.5 0.22950819672131148 18.446982149596707 -127.1330178504033 1430
79.8 0.2786885245901639 5.033304514602463 -140.54669548539755 1596
94.5 0.2786885245901639 4.469445833644613 -141.1105541663554 1890
106.7 0.2786885245901639 4.269027639751869 -141.31097236024814 2134
119.3 0.2786885245901639 4.127827548420527 -141.4521724515795 2386
122.5 0.29508196721311475 3.9801189623696303 -141.59988103763038 2450
126.7 0.29508196721311475 3.9128861971591107 -141.6671138028409 2534
128.7 0.29508196721311475 3.8739107833080197 -141.706089216692 2574
158.7 0.29508196721311475 3.734824888219407 -141.8451751117806 3174
160.45 0.29508196721311475 3.7082424807344125 -141.8717575192656 3209
167.1 0.29508196721311475 3.6835235336790504 -141.89647646632096 3342
173.65 0.29508196721311475 3.5305350070138672 -142.04946499298615 3473
176.95 0.29508196721311475 3.379203088723841 -142.20079691127617 3539
242.35 0.29508196721311475 3.3595222202892217 -142.2204777797108 4847
282.55 0.29508196721311475 3.3042566785013605 -142.27574332149865 5651
294.05 0.29508196721311475 3.250731882074774 -142.32926811792524 5881
330.55 0.29508196721311475 3.24814564367702 -142.331854356323 6611
339.85 0.29508196721311475 3.239765154071307 -142.3402348459287 6797
356.15 0.29508196721311475 3.204115562646507 -142.3758844373535 7123
359.35 0.29508196721311475 3.1630161327821043 -142.4169838672179 7187
472.15 0.29508196721311475 3.0733935077912236 -142.5066064922088 9443
480.45 0.29508196721311475 3.032294077926821 -142.5477059220732 9609
