% fevals/dim | frac | F - F_opt (-145.58) | best fitness | fevals
0.05 0.0 18319.617419137103 18174.0374191371 1
0.05 0.0 18319.617419137103 18174.0374191371 1
16.45 0.0 18319.024687526977 18173.444687526975 329
26.05 0.0 11151.272181010565 11005.692181010565 521
43.3 0.03278688524590164 6027.908300027689 5882.328300027689 866
63.95 0.03278688524590164 5581.922800898958 5436.342800898958 1279
66.7 0.03278688524590164 4340.741623835564 4195.161623835564 1334
72.85 0.04918032786885246 2647.026674353019 2501.4466743530193 1457
90.05 0.08196721311475409 1578.6544263262078 1433.074426326208 1801
93.65 0.08196721311475409 1435.3593817466763 1289.7793817466763 1873
97.0 0.08196721311475409 1145.8996500675698 1000.3196500675698 1940
101.35 0.16393442622950818 127.7765263614931 -17.803473638506915 2027
134.75 0.26229508196721313 7.155069083429339 -138.42493091657067 2695
164.2 0.2786885245901639 5.108706873588915 -140.4712931264111 3284
178.55 0.2786885245901639 4.561578294168953 -141.01842170583106 3571
183.25 0.29508196721311475 3.464890217756448 -142.11510978224356 3665
191.45 0.29508196721311475 3.3169619267543453 -142.26303807324567 3829
203.75 0.29508196721311475 3.215938297711972 -142.36406170228804 4075
264.75 0.29508196721311475 3.1679466332221295 -142.41205336677788 5295
289.35 0.29508196721311475 2.992575202707883 -142.58742479729213 5787
309.85 0.29508196721311475 2.9675757318522926 -142.61242426814772 6197
362.0 0.29508196721311475 2.9219542913904206 -142.6580457086096 7240
382.5 0.29508196721311475 2.876172179598001 -142.703827820402 7650
385.85 0.29508196721311475 2.86291344078424 -142.71708655921577 7717
389.95 0.29508196721311475 2.820129423247238 -142.75987057675277 7799
402.9 0.29508196721311475 2.808436184546366 -142.77156381545365 8058
415.3 0.29508196721311475 2.711694543454712 -142.8683054565453 8306
419.3 0.29508196721311475 2.563930138207411 -143.0160698617926 8386
457.95 0.3114754098360656 2.4752532666789477 -143.10474673332106 9159
