% fevals/dim | frac | F - F_opt (-209.88) | best fitness | fevals
0.05 0.0 11009439.068132479 11009229.188132478 1
1.65 0.0 2764765.57654098 2764555.69654098 33
11.15 0.0 2386235.040616353 2386025.160616353 223
22.15 0.0 1849369.4860278105 1849159.6060278106 443
31.75 0.0 1560619.8974164587 1560410.0174164588 635
42.95 0.0 811064.1791593364 810854.2991593364 859
53.25 0.0 751319.8507614973 751109.9707614973 1065
62.2 0.0 503843.5595864219 503633.6795864219 1244
101.7 0.0 496016.46384545194 495806.58384545194 2034
103.45 0.0 454081.3782932009 453871.4982932009 2069
111.7 0.0 309309.495604658 309099.61560465797 2234
132.8 0.0 281047.8499716876 280837.9699716876 2656
135.55 0.0 256600.05294300456 256390.17294300455 2711
142.5 0.0 234851.15396276923 234641.27396276922 2850
153.95 0.0 230204.5982265048 229994.7182265048 3079
154.55 0.0 206409.0604512337 206199.1804512337 3091
162.8 0.0 198469.46053370374 198259.58053370373 3256
173.2 0.0 180516.03008347974 180306.15008347973 3464
176.55 0.0 159782.02108664444 159572.14108664443 3531
226.3 0.0 136674.17769026052 136464.29769026052 4526
240.05 0.0 130801.43010021547 130591.55010021546 4801
266.65 0.0 117276.87416962335 117066.99416962334 5333
273.05 0.0 99972.85188781227 99762.97188781227 5461
306.05 0.0 99890.33090454745 99680.45090454744 6121
329.55 0.0 92326.20504139412 92116.32504139411 6591
384.7 0.0 90682.33837379355 90472.45837379355 7694
390.2 0.0 89795.76653231596 89585.88653231596 7804
403.95 0.0 89336.39326449767 89126.51326449767 8079
418.55 0.0 89316.47993587455 89106.59993587455 8371
421.0 0.0 89123.97592884635 88914.09592884635 8420
432.0 0.0 88470.41769884614 88260.53769884614 8640
437.15 0.0 87794.82050155762 87584.94050155762 8743
459.15 0.0 86885.80317473326 86675.92317473325 9183
485.4 0.0 86653.32033692597 86443.44033692597 9708
488.15 0.0 86412.02224576828 86202.14224576828 9763
