% fevals/dim | frac | F - F_opt (47.39) | best fitness | fevals
0.05 0.2459016393442623 14.407515094193322 61.79751509419332 1
0.05 0.2459016393442623 14.407515094193322 61.79751509419332 1
10.4 0.2459016393442623 11.15245341995012 58.54245341995012 208
22.1 0.26229508196721313 9.909362941493448 57.29936294149345 442
59.25 0.26229508196721313 9.299948985276117 56.68994898527612 1185
96.1 0.26229508196721313 8.539581905344896 55.9295819053449 1922
103.0 0.26229508196721313 7.718718018884843 55.108718018884844 2060
131.55 0.26229508196721313 7.520076591645655 54.910076591645655 2631
136.55 0.2786885245901639 5.381224131589633 52.77122413158963 2731
246.8 0.2786885245901639 4.919221761398603 52.309221761398604 4936
338.75 0.2786885245901639 4.78114001590388 52.17114001590388 6775
366.6 0.2786885245901639 4.378581476734176 51.76858147673418 7332
436.25 0.2786885245901639 4.323239991864021 51.71323999186402 8725
440.35 0.29508196721311475 3.7462910317985347 51.136291031798535 8807
468.95 0.29508196721311475 3.709605581638094 51.099605581638095 9379
488.2 0.29508196721311475 2.9571184420454912 50.34711844204549 9764
