% fevals/dim | frac | F - F_opt (7.64) | best fitness | fevals
0.05 0.16393442622950818 150.0309504325618 157.6709504325618 1
7.65 0.21311475409836064 37.77197719743864 45.41197719743864 153
30.75 0.21311475409836064 33.579325376316255 41.219325376316256 615
42.3 0.21311475409836064 32.60208087888414 40.24208087888414 846
57.95 0.21311475409836064 30.56486057386929 38.20486057386929 1159
87.1 0.21311475409836064 28.71231462828795 36.35231462828795 1742
102.2 0.21311475409836064 28.089039960000463 35.72903996000046 2044
110.2 0.22950819672131148 25.059040369565388 32.69904036956539 2204
133.3 0.22950819672131148 24.907316954386204 32.547316954386204 2666
144.85 0.22950819672131148 22.350292964056795 29.990292964056795 2897
283.45 0.22950819672131148 21.12959742998718 28.76959742998718 5669
433.6 0.22950819672131148 19.86463360812087 27.50463360812087 8672
