% fevals/dim | frac | F - F_opt (7.64) | best fitness | fevals
0.05 0.16393442622950818 150.0309504325618 157.6709504325618 1
0.95 0.21311475409836064 39.0047881411388 46.644788141138804 19
15.8 0.21311475409836064 37.5184240052956 45.1584240052956 316
19.85 0.21311475409836064 32.97032782079959 40.61032782079959 397
30.4 0.22950819672131148 16.825739158759273 24.465739158759273 608
33.3 0.2459016393442623 14.977513937184554 22.617513937184555 666
70.35 0.2459016393442623 14.040734374989775 21.680734374989775 1407
73.5 0.2459016393442623 11.762267803944496 19.402267803944497 1470
90.35 0.2459016393442623 11.641714978843286 19.281714978843286 1807
92.65 0.2459016393442623 10.9972467173801 18.6372467173801 1853
95.35 0.26229508196721313 8.781713966952228 16.42171396695223 1907
108.25 0.26229508196721313 8.511552151205652 16.151552151205653 2165
120.8 0.26229508196721313 7.972820696355913 15.612820696355913 2416
182.45 0.26229508196721313 7.968644475432293 15.608644475432293 3649
188.4 0.26229508196721313 6.981753514734984 14.621753514734984 3768
206.3 0.2786885245901639 5.902884403914817 13.542884403914817 4126
263.9 0.2786885245901639 5.184436572200068 12.824436572200067 5278
315.7 0.2786885245901639 4.868776540350361 12.508776540350361 6314
379.05 0.2786885245901639 4.659353497021905 12.299353497021905 7581
384.0 0.2786885245901639 4.554390761397891 12.19439076139789 7680
396.3 0.2786885245901639 4.289600732432874 11.929600732432874 7926
446.55 0.2786885245901639 4.2233928430689405 11.86339284306894 8931
457.25 0.2786885245901639 4.19334840460552 11.83334840460552 9145
476.9 0.2786885245901639 4.016495883827795 11.656495883827795 9538
