% fevals/dim | frac | F - F_opt (47.39) | best fitness | fevals
0.05 0.2459016393442623 14.407515094193322 61.79751509419332 1
0.05 0.2459016393442623 14.407515094193322 61.79751509419332 1
8.7 0.2459016393442623 12.44737544487446 59.83737544487446 174
18.3 0.2459016393442623 11.387142352518396 58.777142352518396 366
22.05 0.2459016393442623 11.212241799618944 58.602241799618945 441
28.3 0.2459016393442623 10.186114280608507 57.57611428060851 566
54.3 0.26229508196721313 8.698000005433187 56.08800000543319 1086
57.2 0.26229508196721313 8.64879637002197 56.03879637002197 1144
60.9 0.26229508196721313 6.970001946168921 54.36000194616892 1218
89.0 0.26229508196721313 6.9016215952292015 54.2916215952292 1780
95.3 0.2786885245901639 5.685865661893267 53.07586566189327 1906
136.3 0.2786885245901639 5.618650330916168 53.00865033091617 2726
165.3 0.2786885245901639 5.5741506228665685 52.96415062286657 3306
168.6 0.2786885245901639 5.050615848486871 52.44061584848687 3372
191.25 0.2786885245901639 4.902345204575624 52.292345204575625 3825
220.6 0.2786885245901639 4.766088832005487 52.15608883200549 4412
234.95 0.29508196721311475 3.7822047944364456 51.172204794436446 4699
342.15 0.29508196721311475 3.530578052770558 50.92057805277056 6843
383.2 0.29508196721311475 3.17337711574735 50.56337711574735 7664
450.65 0.29508196721311475 2.899446389815431 50.28944638981543 9013
