% fevals/dim | frac | F - F_opt (7.64) | best fitness | fevals
0.05 0.16393442622950818 150.0309504325618 157.6709504325618 1
0.95 0.21311475409836064 39.0047881411388 46.644788141138804 19
17.3 0.21311475409836064 38.24220672409781 45.88220672409781 346
21.2 0.21311475409836064 28.616796346710736 36.256796346710736 424
30.6 0.22950819672131148 21.624905750465924 29.264905750465925 612
33.85 0.22950819672131148 19.982206450569457 27.622206450569458 677
39.95 0.22950819672131148 16.867478932756203 24.507478932756204 799
43.95 0.2459016393442623 14.4046624157589 22.0446624157589 879
62.7 0.2459016393442623 14.032444352145898 21.6724443521459 1254
65.95 0.2459016393442623 13.507728005439905 21.147728005439905 1319
72.95 0.2459016393442623 12.515977909375327 20.155977909375327 1459
77.95 0.2459016393442623 12.510273793291987 20.150273793291987 1559
84.75 0.2459016393442623 10.79252314424361 18.43252314424361 1695
88.0 0.26229508196721313 8.94994109136152 16.58994109136152 1760
124.35 0.26229508196721313 7.684685706327753 15.324685706327752 2487
134.1 0.26229508196721313 6.847272675583054 14.487272675583053 2682
195.85 0.26229508196721313 6.581392075876654 14.221392075876654 3917
208.85 0.2786885245901639 5.926104430172855 13.566104430172855 4177
266.95 0.2786885245901639 5.4373701529617415 13.077370152961741 5339
333.25 0.2786885245901639 4.86502024693698 12.50502024693698 6665
356.6 0.2786885245901639 4.763898733984161 12.40389873398416 7132
389.1 0.2786885245901639 4.511683445785402 12.151683445785402 7782
417.75 0.2786885245901639 4.506429494639069 12.146429494639069 8355
440.5 0.29508196721311475 3.8065177709171154 11.446517770917115 8810
493.65 0.29508196721311475 3.5204029812076856 11.160402981207685 9873
