% fevals/dim | frac | F - F_opt (7.64) | best fitness | fevals
0.05 0.16393442622950818 150.0309504325618 157.6709504325618 1
0.95 0.21311475409836064 39.0047881411388 46.644788141138804 19
13.3 0.21311475409836064 35.097424484437695 42.737424484437696 266
14.4 0.21311475409836064 26.54727983783718 34.18727983783718 288
35.6 0.22950819672131148 22.335173390241152 29.975173390241153 712
48.85 0.22950819672131148 19.89785453411008 27.53785453411008 977
53.4 0.22950819672131148 19.704295429899965 27.344295429899965 1068
62.1 0.2459016393442623 15.799186569873761 23.439186569873762 1242
94.55 0.2459016393442623 11.25408765777959 18.89408765777959 1891
114.8 0.2459016393442623 10.340540157416733 17.980540157416733 2296
137.05 0.2459016393442623 10.326413906049083 17.966413906049084 2741
148.85 0.26229508196721313 9.952299366808933 17.592299366808934 2977
159.8 0.26229508196721313 8.66393489152227 16.30393489152227 3196
164.85 0.26229508196721313 7.733926594688023 15.373926594688022 3297
178.5 0.2786885245901639 6.2417524363417565 13.881752436341756 3570
187.6 0.2786885245901639 5.283005037962767 12.923005037962767 3752
214.9 0.2786885245901639 4.958315881084023 12.598315881084023 4298
345.9 0.2786885245901639 4.292565452131984 11.932565452131984 6918
383.25 0.2786885245901639 4.261518263372452 11.901518263372452 7665
415.1 0.2786885245901639 4.076378883492752 11.716378883492752 8302
444.15 0.2786885245901639 4.006382667299175 11.646382667299175 8883
495.65 0.29508196721311475 3.9450007202538844 11.585000720253884 9913
