% fevals/dim | frac | F - F_opt (-209.88) | best fitness | fevals
0.05 0.0 11009439.068132479 11009229.188132478 1
1.65 0.0 2764765.57654098 2764555.69654098 33
9.95 0.0 2332025.910370991 2331816.030370991 199
63.55 0.0 1806340.1931511287 1806130.3131511288 1271
87.35 0.0 1744345.9194125405 1744136.0394125406 1747
155.35 0.0 1744291.5395815128 1744081.659581513 3107
158.75 0.0 1744269.2557875144 1744059.3757875145 3175
226.75 0.0 1744264.5074422543 1744054.6274422545 4535
243.75 0.0 1744226.4764790146 1744016.5964790147 4875
