% fevals/dim | frac | F - F_opt (-209.88) | best fitness | fevals
0.05 0.0 11009439.068132479 11009229.188132478 1
1.65 0.0 2764765.57654098 2764555.69654098 33
18.6 0.0 820296.9632667446 820087.0832667446 372
49.95 0.0 769514.3463210821 769304.4663210821 999
61.35 0.0 581675.6771250775 581465.7971250775 1227
76.25 0.0 358025.7325625127 357815.8525625127 1525
95.3 0.0 270271.0066779743 270061.1266779743 1906
128.45 0.0 226796.81090600428 226586.93090600427 2569
140.9 0.0 193464.15782291783 193254.27782291782 2818
187.5 0.0 155417.04485761773 155207.16485761772 3750
188.3 0.0 132072.47739571292 131862.59739571292 3766
220.35 0.0 105367.41516374303 105157.53516374303 4407
267.7 0.0 103842.45669394448 103632.57669394447 5354
280.35 0.0 94917.29040709125 94707.41040709124 5607
307.05 0.0 91661.54217490717 91451.66217490716 6141
318.45 0.0 90207.21780445993 89997.33780445992 6369
325.95 0.0 86592.06348534176 86382.18348534175 6519
461.6 0.0 85179.68847193127 84969.80847193126 9232
