% fevals/dim | frac | F - F_opt (-145.58) | best fitness | fevals
0.05 0.0 18319.617419137103 18174.0374191371 1
0.05 0.0 18319.617419137103 18174.0374191371 1
58.7 0.0 16787.279548352064 16641.699548352062 1174
75.6 0.0 15790.859742623285 15645.279742623285 1512
106.25 0.0 12208.678265130482 12063.098265130482 2125
127.55 0.01639344262295082 6931.454141681046 6785.874141681046 2551
146.5 0.04918032786885246 2632.340887977147 2486.760887977147 2930
281.5 0.06557377049180328 2270.878241851455 2125.2982418514553 5630
292.95 0.08196721311475409 1475.3513421198036 1329.7713421198036 5859
313.25 0.08196721311475409 1183.91412500414 1038.33412500414 6265
392.85 0.08196721311475409 1029.736219318499 884.156219318499 7857
406.55 0.09836065573770492 962.0822817898747 816.5022817898747 8131
418.55 0.11475409836065574 534.1144221011173 388.53442210111723 8371
444.15 0.16393442622950818 108.72892137546047 -36.85107862453954 8883
465.7 0.18032786885245902 91.10798174369151 -54.4720182563085 9314
488.65 0.21311475409836064 25.94066624430056 -119.63933375569945 9773
