% fevals/dim | frac | F - F_opt (7.64) | best fitness | fevals
0.05 0.16393442622950818 150.0309504325618 157.6709504325618 1
0.95 0.21311475409836064 39.0047881411388 46.644788141138804 19
6.85 0.21311475409836064 34.37757495444887 42.01757495444887 137
18.8 0.21311475409836064 33.52938590425585 41.16938590425585 376
26.45 0.22950819672131148 16.964287314777543 24.604287314777544 529
94.15 0.2459016393442623 13.019966660671262 20.659966660671262 1883
97.85 0.2459016393442623 12.122557167584038 19.76255716758404 1957
136.35 0.2459016393442623 11.507302156419545 19.147302156419546 2727
138.9 0.2459016393442623 11.386383706857114 19.026383706857114 2778
150.05 0.2459016393442623 10.87188325045172 18.51188325045172 3001
152.8 0.2459016393442623 10.160325706846724 17.800325706846724 3056
156.4 0.26229508196721313 9.762831739338935 17.402831739338936 3128
164.05 0.26229508196721313 9.141462248775532 16.781462248775533 3281
183.2 0.26229508196721313 7.717616937920799 15.357616937920799 3664
185.75 0.2786885245901639 4.971259289312862 12.611259289312862 3715
218.9 0.2786885245901639 3.9922683134341357 11.632268313434135 4378
246.95 0.29508196721311475 3.8714645413264632 11.511464541326463 4939
269.9 0.29508196721311475 3.48116385970959 11.12116385970959 5398
305.4 0.29508196721311475 3.2350981388168014 10.875098138816801 6108
313.05 0.29508196721311475 2.991454793632344 10.631454793632344 6261
325.8 0.29508196721311475 2.946272645174486 10.586272645174486 6516
327.25 0.29508196721311475 2.7831224791608102 10.42312247916081 6545
333.45 0.29508196721311475 2.6708024533103307 10.31080245331033 6669
348.7 0.29508196721311475 2.595748681037512 10.235748681037512 6974
361.5 0.3114754098360656 2.0567238221241704 9.69672382212417 7230
410.2 0.3114754098360656 1.988743779213265 9.628743779213265 8204
420.4 0.3114754098360656 1.6810877437221796 9.32108774372218 8408
421.5 0.32786885245901637 1.4757125681223977 9.115712568122397 8430
451.05 0.32786885245901637 1.4325257316256765 9.072525731625676 9021
453.6 0.32786885245901637 1.3009054790185237 8.940905479018523 9072
486.75 0.32786885245901637 1.281335118568708 8.921335118568708 9735
495.0 0.32786885245901637 1.245936214628089 8.885936214628089 9900
