% fevals/dim | frac | F - F_opt (273.15) | best fitness | fevals
0.05 0.14754098360655737 217.8320510932524 490.9820510932524 1
1.1 0.16393442622950818 104.32794289306639 377.47794289306637 22
10.15 0.18032786885245902 66.79079506740624 339.9407950674062 203
15.9 0.19672131147540983 52.96937484517554 326.1193748451755 318
42.9 0.19672131147540983 50.158477522231124 323.3084775222311 858
63.15 0.19672131147540983 46.006114184043554 319.15611418404353 1263
85.05 0.21311475409836064 34.33433586936087 307.48433586936085 1701
147.1 0.21311475409836064 34.17210903793273 307.3221090379327 2942
155.9 0.21311475409836064 31.238481458471597 304.3884814584716 3118
168.75 0.21311475409836064 31.022599186532375 304.17259918653235 3375
196.65 0.21311475409836064 29.024005245514445 302.1740052455144 3933
236.35 0.21311475409836064 28.805685288803602 301.9556852888036 4727
250.65 0.22950819672131148 20.627241028672643 293.7772410286726 5013
320.3 0.22950819672131148 20.16760299519649 293.31760299519647 6406
388.9 0.22950819672131148 16.69900271861485 289.8490027186148 7778
445.15 0.2459016393442623 14.516358959487263 287.66635895948724 8903
451.6 0.2459016393442623 13.354794374030803 286.5047943740308 9032
