% fevals/dim | frac | F - F_opt (99.53) | best fitness | fevals
0.05 0.11475409836065574 399.2761284089512 498.80612840895117 1
2.55 0.13114754098360656 266.9616623997722 366.49166239977217 51
3.2 0.14754098360655737 232.61405882649856 332.14405882649856 64
14.05 0.14754098360655737 225.24643369587713 324.77643369587713 281
17.0 0.14754098360655737 223.61342027225973 323.14342027225973 340
19.95 0.14754098360655737 162.13881687174373 261.66881687174373 399
21.0 0.16393442622950818 156.19708559376846 255.72708559376846 420
26.9 0.16393442622950818 121.47720559897508 221.00720559897508 538
36.7 0.18032786885245902 99.38756784119079 198.9175678411908 734
42.65 0.18032786885245902 90.43386685309636 189.96386685309636 853
47.65 0.21311475409836064 26.862256774765484 126.39225677476549 953
73.65 0.21311475409836064 26.56771346970376 126.09771346970376 1473
85.0 0.26229508196721313 7.847599703514618 107.37759970351462 1700
112.7 0.29508196721311475 3.359818286283783 102.88981828628378 2254
143.95 1.0 0.0 99.53 2879
