% fevals/dim | frac | F - F_opt (273.15) | best fitness | fevals
0.05 0.14754098360655737 217.8320510932524 490.9820510932524 1
1.1 0.16393442622950818 104.32794289306639 377.47794289306637 22
5.15 0.16393442622950818 103.96381941864126 377.11381941864124 103
7.65 0.18032786885245902 98.75158496343386 371.90158496343383 153
9.85 0.18032786885245902 95.20738225414647 368.35738225414644 197
11.55 0.18032786885245902 76.7629605237384 349.9129605237384 231
24.45 0.19672131147540983 41.163104490979435 314.3131044909794 489
35.65 0.19672131147540983 40.22562796617092 313.3756279661709 713
38.45 0.21311475409836064 39.04275089431326 312.19275089431324 769
50.0 0.21311475409836064 37.8636144773767 311.0136144773767 1000
60.85 0.22950819672131148 24.78502106446075 297.9350210644607 1217
483.0 0.22950819672131148 24.117748160929807 297.2677481609298 9660
