% fevals/dim | frac | F - F_opt (47.39) | best fitness | fevals
0.05 0.2459016393442623 14.407515094193322 61.79751509419332 1
0.05 0.2459016393442623 14.407515094193322 61.79751509419332 1
5.55 0.2459016393442623 12.928249381580294 60.318249381580294 111
15.6 0.2459016393442623 12.33426545274645 59.72426545274645 312
29.75 0.2459016393442623 10.112509349908564 57.502509349908564 595
36.0 0.26229508196721313 8.955557201381616 56.34555720138162 720
59.95 0.26229508196721313 8.876528056275504 56.266528056275504 1199
70.45 0.26229508196721313 7.824086870505312 55.21408687050531 1409
80.95 0.2786885245901639 6.150761704415103 53.540761704415104 1619
134.95 0.2786885245901639 5.820794528321379 53.21079452832138 2699
161.05 0.2786885245901639 5.469502246709439 52.85950224670944 3221
223.0 0.2786885245901639 5.465058014504265 52.855058014504266 4460
286.0 0.2786885245901639 5.154311809230393 52.54431180923039 5720
305.65 0.2786885245901639 4.999479257667865 52.389479257667865 6113
308.05 0.29508196721311475 3.959980513974017 51.34998051397402 6161
376.0 0.29508196721311475 3.4757679124903404 50.86576791249034 7520
436.0 0.29508196721311475 3.312179630675992 50.70217963067599 8720
