% fevals/dim | frac | F - F_opt (7.64) | best fitness | fevals
0.05 0.16393442622950818 150.0309504325618 157.6709504325618 1
0.95 0.21311475409836064 39.0047881411388 46.644788141138804 19
3.45 0.21311475409836064 33.82485632279058 41.46485632279058 69
15.15 0.21311475409836064 28.432486638467964 36.072486638467964 303
22.65 0.21311475409836064 27.015928546925046 34.65592854692505 453
27.65 0.22950819672131148 20.796970939804215 28.436970939804215 553
30.15 0.22950819672131148 19.843613668673267 27.483613668673268 603
53.45 0.22950819672131148 19.230865817615317 26.870865817615318 1069
62.7 0.2459016393442623 14.972543022312475 22.612543022312476 1254
70.3 0.2459016393442623 14.83001584772996 22.47001584772996 1406
72.7 0.2459016393442623 13.938172984699566 21.578172984699567 1454
75.3 0.2459016393442623 12.921452508563299 20.5614525085633 1506
82.7 0.2459016393442623 11.596921273503447 19.236921273503448 1654
98.0 0.2459016393442623 11.1440881514437 18.7840881514437 1960
100.15 0.26229508196721313 9.563286777175044 17.203286777175045 2003
102.65 0.26229508196721313 8.675308648979051 16.31530864897905 2053
117.65 0.26229508196721313 8.333846265959693 15.973846265959693 2353
135.15 0.26229508196721313 8.062732891290118 15.702732891290118 2703
169.85 0.26229508196721313 8.001016798549372 15.641016798549373 3397
172.9 0.26229508196721313 7.715075166229391 15.35507516622939 3458
186.5 0.26229508196721313 7.427111212268593 15.067111212268593 3730
189.85 0.2786885245901639 6.11019314136862 13.75019314136862 3797
192.35 0.2786885245901639 5.733212910015195 13.373212910015194 3847
205.25 0.2786885245901639 5.7324736221471175 13.372473622147117 4105
214.85 0.2786885245901639 5.573896302400365 13.213896302400364 4297
238.05 0.2786885245901639 5.267769505034507 12.907769505034507 4761
250.55 0.2786885245901639 4.736442848678574 12.376442848678574 5011
270.55 0.2786885245901639 4.605313288005427 12.245313288005427 5411
288.75 0.2786885245901639 4.461647671979677 12.101647671979677 5775
315.45 0.2786885245901639 4.458288404938455 12.098288404938454 6309
319.9 0.2786885245901639 4.42773485958942 12.06773485958942 6398
321.25 0.29508196721311475 3.685137762987007 11.325137762987007 6425
356.25 0.29508196721311475 3.502182564977473 11.142182564977473 7125
380.65 0.29508196721311475 3.355524979913297 10.995524979913297 7613
405.65 0.29508196721311475 3.17390733665328 10.81390733665328 8113
453.15 0.29508196721311475 2.569128486923062 10.209128486923062 9063
