% fevals/dim | frac | F - F_opt (273.15) | best fitness | fevals
0.05 0.14754098360655737 217.8320510932524 490.9820510932524 1
1.1 0.16393442622950818 104.32794289306639 377.47794289306637 22
6.1 0.18032786885245902 79.42551986135322 352.5755198613532 122
13.45 0.19672131147540983 53.495333426525406 326.6453334265254 269
20.85 0.19672131147540983 47.23270005940549 320.38270005940547 417
37.9 0.19672131147540983 46.628480739886186 319.77848073988616 758
66.3 0.21311475409836064 36.17843672434117 309.32843672434115 1326
119.95 0.21311475409836064 33.27232327267353 306.4223232726735 2399
197.9 0.21311475409836064 29.717687103796948 302.8676871037969 3958
360.45 0.21311475409836064 28.57883347420261 301.7288334742026 7209
378.95 0.21311475409836064 26.771164258861972 299.92116425886195 7579
