% fevals/dim | frac | F - F_opt (99.53) | best fitness | fevals
0.05 0.11475409836065574 399.2761284089512 498.80612840895117 1
2.55 0.13114754098360656 266.9616623997722 366.49166239977217 51
14.65 0.14754098360655737 238.06374936348467 337.5937493634847 293
22.75 0.14754098360655737 230.28682097976818 329.8168209797682 455
28.9 0.14754098360655737 227.42696975948886 326.95696975948886 578
31.65 0.14754098360655737 173.6758514339045 273.2058514339045 633
48.6 0.16393442622950818 106.76982446958837 206.29982446958837 972
69.8 0.18032786885245902 98.16489519344461 197.6948951934446 1396
84.95 0.18032786885245902 97.12609009463847 196.65609009463847 1699
89.4 0.18032786885245902 90.64945691040225 190.17945691040225 1788
96.05 0.19672131147540983 55.858376687103345 155.38837668710335 1921
115.2 0.19672131147540983 46.81819712447958 146.34819712447958 2304
125.65 0.19672131147540983 41.96673668833162 141.49673668833162 2513
136.6 0.21311475409836064 35.090298999620614 134.62029899962062 2732
138.4 0.21311475409836064 25.49731848779878 125.02731848779878 2768
146.4 0.22950819672131148 16.782465620653028 116.31246562065303 2928
157.05 0.2459016393442623 14.229255207721792 113.7592552077218 3141
159.9 0.2459016393442623 12.0 111.53 3198
164.9 0.26229508196721313 8.707032082066533 108.23703208206653 3298
174.35 1.0 0.0 99.53 3487
