% fevals/dim | frac | F - F_opt (99.53) | best fitness | fevals
0.05 0.11475409836065574 399.2761284089512 498.80612840895117 1
2.55 0.13114754098360656 266.9616623997722 366.49166239977217 51
10.15 0.14754098360655737 232.11580239626633 331.64580239626633 203
17.75 0.14754098360655737 218.69870347091236 318.22870347091236 355
23.05 0.14754098360655737 174.67042293203488 274.2004229320349 461
27.9 0.16393442622950818 156.45989987943173 255.98989987943173 558
34.45 0.16393442622950818 144.70504448107977 244.23504448107977 689
38.25 0.16393442622950818 135.92256051633126 235.45256051633126 765
44.25 0.16393442622950818 118.75373357701022 218.28373357701022 885
50.0 0.16393442622950818 111.62131251769947 211.15131251769947 1000
54.85 0.16393442622950818 104.31465872130136 203.84465872130136 1097
60.8 0.18032786885245902 85.12336470508805 184.65336470508805 1216
62.1 0.18032786885245902 74.1644844338646 173.6944844338646 1242
72.1 0.19672131147540983 59.777777494378256 159.30777749437826 1442
73.8 0.19672131147540983 58.822416645386824 158.35241664538682 1476
77.65 0.19672131147540983 51.68774628024627 151.21774628024627 1553
81.85 0.19672131147540983 41.58105638154598 141.11105638154598 1637
87.55 0.21311475409836064 37.49612140162398 137.02612140162398 1751
98.65 0.22950819672131148 16.00019498716621 115.53019498716621 1973
130.8 0.2459016393442623 13.392175858424551 112.92217585842455 2616
137.7 0.2459016393442623 11.2813323987194 110.8113323987194 2754
144.2 0.2786885245901639 5.524901413037583 105.05490141303758 2884
160.25 1.0 0.0 99.53 3205
