% fevals/dim | frac | F - F_opt (99.53) | best fitness | fevals
0.05 0.11475409836065574 399.2761284089512 498.80612840895117 1
2.55 0.13114754098360656 266.9616623997722 366.49166239977217 51
8.95 0.14754098360655737 231.968816984992 331.498816984992 179
17.55 0.14754098360655737 219.79527239496613 319.32527239496613 351
28.25 0.14754098360655737 204.41356108061652 303.9435610806165 565
31.4 0.14754098360655737 182.4324495009299 281.9624495009299 628
32.4 0.14754098360655737 177.95008882434897 277.48008882434897 648
41.1 0.14754098360655737 162.14720455827975 261.67720455827975 822
47.4 0.16393442622950818 156.1338810434504 255.6638810434504 948
50.7 0.16393442622950818 148.5637229486158 248.0937229486158 1014
56.8 0.16393442622950818 116.06455253537811 215.5945525353781 1136
63.2 0.18032786885245902 99.37201242223983 198.90201242223984 1264
72.8 0.18032786885245902 92.99894010067985 192.52894010067985 1456
86.35 0.18032786885245902 92.47243735792989 192.0024373579299 1727
89.55 0.18032786885245902 88.7177134975513 188.2477134975513 1791
92.3 0.18032786885245902 72.73924945837712 172.26924945837712 1846
95.5 0.18032786885245902 65.91834990631207 165.44834990631207 1910
108.3 0.19672131147540983 59.921880721297924 159.45188072129793 2166
120.0 0.19672131147540983 53.75321812519684 153.28321812519684 2400
123.3 0.19672131147540983 47.42981071098981 146.9598107109898 2466
127.2 0.21311475409836064 39.47018527859112 139.00018527859112 2544
149.6 0.21311475409836064 31.292612469421357 130.82261246942136 2992
161.35 0.21311475409836064 27.129242458331603 126.6592424583316 3227
164.55 0.21311475409836064 25.908909595958505 125.4389095959585 3291
170.95 0.22950819672131148 21.999229871658613 121.52922987165861 3419
180.7 0.22950819672131148 20.954690790990824 120.48469079099083 3614
189.25 0.22950819672131148 16.900481311005137 116.43048131100514 3785
208.45 0.2459016393442623 14.33319353103279 113.86319353103279 4169
237.25 0.2459016393442623 13.629050711885043 113.15905071188504 4745
246.15 0.2459016393442623 13.476564261831669 113.00656426183167 4923
249.3 0.2459016393442623 12.7337508415429 112.2637508415429 4986
256.15 0.2459016393442623 11.169643103087111 110.69964310308711 5123
269.95 0.26229508196721313 8.995151667704391 108.52515166770439 5399
292.35 0.26229508196721313 8.629050711885043 108.15905071188504 5847
311.55 0.26229508196721313 8.371374928515664 107.90137492851566 6231
333.85 0.26229508196721313 7.209338632163465 106.73933863216347 6677
372.35 0.2786885245901639 6.097099942812534 105.62709994281254 7447
385.5 0.2786885245901639 5.097099942812534 104.62709994281254 7710
433.9 0.29508196721311475 3.822824957109404 103.3528249571094 8678
486.4 0.29508196721311475 3.54854997140626 103.07854997140626 9728
