% fevals/dim | frac | F - F_opt (7.64) | best fitness | fevals
0.05 0.16393442622950818 150.0309504325618 157.6709504325618 1
0.95 0.21311475409836064 39.0047881411388 46.644788141138804 19
36.25 0.21311475409836064 29.20395083971792 36.84395083971792 725
59.15 0.22950819672131148 24.06904452378333 31.70904452378333 1183
95.7 0.22950819672131148 22.967876347768573 30.607876347768574 1914
183.25 0.22950819672131148 17.69409502875467 25.33409502875467 3665
233.7 0.22950819672131148 16.838061791182366 24.478061791182366 4674
249.0 0.22950819672131148 15.874921223967846 23.514921223967846 4980
292.5 0.2459016393442623 15.373453416751705 23.013453416751705 5850
303.95 0.2459016393442623 14.601255971830913 22.241255971830913 6079
340.7 0.2459016393442623 12.111895607059378 19.751895607059378 6814
481.75 0.2459016393442623 10.56877867991983 18.20877867991983 9635
