% fevals/dim | frac | F - F_opt (-20.33) | best fitness | fevals
0.05 0.0 2520617.3761358913 2520597.046135891 1
2.15 0.0 27952.795844218625 27932.465844218623 43
3.1 0.0 12933.88086730389 12913.55086730389 62
6.2 0.03278688524590164 4153.794692666382 4133.464692666382 124
11.85 0.08196721311475409 1139.0863957103595 1118.7563957103596 237
13.05 0.13114754098360656 362.2489184095799 341.91891840957993 261
17.9 0.14754098360655737 182.25157508659214 161.92157508659216 358
97.85 0.16393442622950818 153.0832061434611 132.7532061434611 1957
194.5 0.16393442622950818 152.60167694098783 132.27167694098785 3890
