% fevals/dim | frac | F - F_opt (-20.33) | best fitness | fevals
0.05 0.0 2520617.3761358913 2520597.046135891 1
2.15 0.0 27952.795844218625 27932.465844218623 43
4.9 0.0 18986.21208521538 18965.882085215377 98
7.35 0.08196721311475409 1226.2149848442848 1205.8849848442849 147
12.7 0.13114754098360656 345.676998680114 325.34699868011404 254
22.0 0.13114754098360656 305.3720706469693 285.0420706469693 440
31.45 0.14754098360655737 240.5693556927568 220.23935569275682 629
55.2 0.14754098360655737 216.51913398847574 196.18913398847576 1104
104.4 0.14754098360655737 185.09454826302982 164.76454826302984 2088
144.85 0.14754098360655737 176.39282005075205 156.06282005075207 2897
360.0 0.14754098360655737 171.3845516608235 151.0545516608235 7200
