% fevals/dim | frac | F - F_opt (-145.58) | best fitness | fevals
0.05 0.0 18319.617419137103 18174.0374191371 1
0.05 0.0 18319.617419137103 18174.0374191371 1
23.2 0.01639344262295082 6982.781942790067 6837.201942790067 464
30.7 0.03278688524590164 6164.3609415286755 6018.780941528676 614
31.3 0.03278688524590164 5364.460312606647 5218.880312606647 626
37.25 0.03278688524590164 4427.154286537792 4281.574286537792 745
43.5 0.04918032786885246 3803.9565022598085 3658.3765022598086 870
48.6 0.08196721311475409 1112.4826475758491 966.9026475758491 972
68.1 0.08196721311475409 1112.3452062411893 966.7652062411893 1362
72.55 0.11475409836065574 487.40223696190344 341.8222369619034 1451
84.25 0.13114754098360656 370.5605182839962 224.9805182839962 1685
89.25 0.2786885245901639 5.5527967432038565 -140.02720325679616 1785
119.35 0.2786885245901639 4.2029617814939115 -141.3770382185061 2387
125.2 0.29508196721311475 3.7438736133753707 -141.83612638662464 2504
148.6 0.29508196721311475 3.736427876808392 -141.84357212319162 2972
203.75 0.29508196721311475 3.6934411055524947 -141.88655889444752 4075
214.9 0.29508196721311475 3.596558707264478 -141.98344129273553 4298
269.5 0.29508196721311475 3.406299686998608 -142.1737003130014 5390
304.35 0.29508196721311475 3.348512919962161 -142.23148708003785 6087
327.75 0.29508196721311475 3.33163153680772 -142.2483684631923 6555
349.95 0.29508196721311475 3.317852474913451 -142.26214752508656 6999
358.95 0.29508196721311475 3.2396130972132084 -142.3403869027868 7179
370.65 0.29508196721311475 3.1397911659737474 -142.44020883402627 7413
