% fevals/dim | frac | F - F_opt (-34.75) | best fitness | fevals
0.05 0.09836065573770492 704.0696690671978 669.3196690671978 1
0.05 0.09836065573770492 704.0696690671978 669.3196690671978 1
7.0 0.09836065573770492 645.3095833210932 610.5595833210932 140
9.8 0.11475409836065574 624.3925826041698 589.6425826041698 196
12.35 0.11475409836065574 610.3241256502345 575.5741256502345 247
20.15 0.11475409836065574 573.6508204317736 538.9008204317736 403
25.4 0.11475409836065574 430.9114197394008 396.1614197394008 508
33.8 0.11475409836065574 430.7958902056697 396.0458902056697 676
36.6 0.11475409836065574 403.51287088662036 368.76287088662036 732
47.05 0.13114754098360656 389.21065964587433 354.46065964587433 941
61.1 0.13114754098360656 380.4353614862432 345.6853614862432 1222
66.1 0.13114754098360656 372.97091368788364 338.22091368788364 1322
69.65 0.13114754098360656 320.03454659066983 285.28454659066983 1393
73.95 0.13114754098360656 292.75694137240225 258.00694137240225 1479
85.95 0.13114754098360656 280.25819446683886 245.50819446683886 1719
103.85 0.13114754098360656 256.87843148292666 222.12843148292666 2077
107.5 0.14754098360655737 236.54135401370382 201.79135401370382 2150
112.05 0.14754098360655737 231.79131032855625 197.04131032855625 2241
133.35 0.14754098360655737 224.01229331966243 189.26229331966243 2667
199.5 0.14754098360655737 218.12611541513297 183.37611541513297 3990
251.05 0.14754098360655737 206.00903110079292 171.25903110079292 5021
272.4 0.14754098360655737 204.2473343196594 169.4973343196594 5448
282.8 0.14754098360655737 199.69269985855152 164.94269985855152 5656
304.5 0.14754098360655737 191.7190186732246 156.9690186732246 6090
312.4 0.14754098360655737 182.20324097623055 147.45324097623055 6248
