% fevals/dim | frac | F - F_opt (-145.58) | best fitness | fevals
0.05 0.0 18319.617419137103 18174.0374191371 1
0.05 0.0 18319.617419137103 18174.0374191371 1
36.85 0.0 11961.251661796372 11815.671661796372 737
80.35 0.0 10814.315176935339 10668.735176935339 1607
119.5 0.0 10647.012242253444 10501.432242253444 2390
155.6 0.0 10310.197559740414 10164.617559740414 3112
182.5 0.0 10082.339326689178 9936.759326689178 3650
199.1 0.01639344262295082 8107.199564259583 7961.619564259583 3982
200.15 0.03278688524590164 4347.0934694347225 4201.5134694347225 4003
228.5 0.04918032786885246 2605.1775042035424 2459.5975042035425 4570
241.55 0.11475409836065574 409.66215271588885 264.0821527158888 4831
389.45 0.11475409836065574 409.4901252960401 263.91012529604006 7789
432.95 0.11475409836065574 409.40299935591474 263.8229993559147 8659
