% fevals/dim | frac | F - F_opt (-189.79) | best fitness | fevals
0.05 0.0 35967.46011595278 35777.67011595278 1
0.05 0.0 35967.46011595278 35777.67011595278 1
23.85 0.0 30079.013173120766 29889.223173120765 477
32.2 0.0 26982.86754958157 26793.07754958157 644
35.95 0.0 17697.947160727163 17508.15716072716 719
39.35 0.0 17576.709077722364 17386.919077722363 787
44.55 0.0 15612.020070823171 15422.23007082317 891
51.4 0.0 10825.131949776774 10635.341949776774 1028
70.95 0.01639344262295082 8948.470819104767 8758.680819104766 1419
73.4 0.03278688524590164 5641.25126565197 5451.46126565197 1468
80.7 0.03278688524590164 5037.911155639167 4848.121155639167 1614
93.9 0.03278688524590164 4449.723478295168 4259.933478295168 1878
98.05 0.04918032786885246 3491.9212335431694 3302.1312335431694 1961
99.1 0.04918032786885246 2804.039491293569 2614.249491293569 1982
111.45 0.06557377049180328 2110.662695431169 1920.8726954311692 2229
120.3 0.06557377049180328 2109.5431963655687 1919.7531963655688 2406
125.1 0.06557377049180328 1930.5886285415693 1740.7986285415693 2502
128.95 0.06557377049180328 1796.8272510183692 1607.0372510183693 2579
135.1 0.06557377049180328 1691.7032460167688 1501.9132460167689 2702
138.5 0.08196721311475409 1227.171523123969 1037.3815231239691 2770
156.15 0.09836065573770492 903.0649217895688 713.2749217895688 3123
174.5 0.09836065573770492 898.1633757799689 708.3733757799689 3490
189.4 0.11475409836065574 503.443817283969 313.65381728396903 3788
230.2 0.11475409836065574 486.8049560615689 297.0149560615689 4604
242.95 0.11475409836065574 473.68985256076905 283.8998525607691 4859
257.4 0.11475409836065574 455.9724031623691 266.18240316236916 5148
270.15 0.11475409836065574 415.99612624716906 226.20612624716907 5403
299.1 0.13114754098360656 261.1977138951689 71.40771389516888 5982
309.3 0.14754098360655737 239.20555512396888 49.415555123968886 6186
330.8 0.14754098360655737 232.19517214476883 42.40517214476884 6616
337.0 0.14754098360655737 213.75176802316898 23.961768023168986 6740
354.45 0.14754098360655737 211.38757860876893 21.59757860876894 7089
364.65 0.14754098360655737 172.78200272396901 -17.007997276030977 7293
