% fevals/dim | frac | F - F_opt (-145.58) | best fitness | fevals
0.05 0.0 18319.617419137103 18174.0374191371 1
0.05 0.0 18319.617419137103 18174.0374191371 1
25.25 0.0 12394.25609833146 12248.67609833146 505
56.3 0.0 11161.537160471453 11015.957160471453 1126
87.45 0.0 10699.260375006896 10553.680375006896 1749
94.95 0.01639344262295082 8740.435773380756 8594.855773380756 1899
121.9 0.01639344262295082 6938.2687073247425 6792.688707324743 2438
143.45 0.03278688524590164 5405.475507183957 5259.895507183957 2869
151.7 0.03278688524590164 4725.60856751672 4580.02856751672 3034
181.4 0.03278688524590164 4339.870542387946 4194.2905423879465 3628
195.75 0.04918032786885246 3826.223738841725 3680.6437388417253 3915
226.55 0.08196721311475409 1071.9716056902655 926.3916056902655 4531
250.05 0.11475409836065574 458.5254195947273 312.94541959472724 5001
328.4 0.13114754098360656 317.10422411754087 171.52422411754085 6568
346.2 0.14754098360655737 219.40440533735986 73.82440533735985 6924
415.8 0.22950819672131148 20.969365852438358 -124.61063414756165 8316
421.8 0.2786885245901639 4.499969813539366 -141.08003018646065 8436
476.2 0.2786885245901639 4.191097625112917 -141.3889023748871 9524
