% fevals/dim | frac | F - F_opt (-39.3) | best fitness | fevals
0.05 0.09836065573770492 738.4810122101597 699.1810122101598 1
0.05 0.09836065573770492 738.4810122101597 699.1810122101598 1
35.4 0.09836065573770492 643.483197014806 604.1831970148061 708
52.5 0.11475409836065574 596.4583102253944 557.1583102253944 1050
91.8 0.11475409836065574 509.78504433806256 470.48504433806255 1836
123.75 0.11475409836065574 508.81949304726123 469.5194930472612 2475
138.05 0.11475409836065574 482.7886526267579 443.48865262675787 2761
174.8 0.13114754098360656 374.66294891420614 335.36294891420613 3496
230.8 0.13114754098360656 355.7516677279052 316.4516677279052 4616
261.75 0.13114754098360656 335.9558305981575 296.6558305981575 5235
299.8 0.13114754098360656 325.6999310926915 286.3999310926915 5996
344.6 0.13114754098360656 318.4637012325192 279.1637012325192 6892
414.2 0.13114754098360656 294.4573102736355 255.15731027363552 8284
442.0 0.13114754098360656 288.82092026343355 249.52092026343354 8840
485.5 0.13114754098360656 287.05409868157716 247.75409868157715 9710
