% fevals/dim | frac | F - F_opt (273.15) | best fitness | fevals
0.05 0.14754098360655737 217.8320510932524 490.9820510932524 1
2.85 0.18032786885245902 83.21813545395685 356.3681354539568 57
14.75 0.18032786885245902 67.83216363601986 340.98216363601983 295
22.8 0.18032786885245902 64.6576076665861 337.8076076665861 456
26.45 0.19672131147540983 55.04321318523267 328.19321318523265 529
30.15 0.22950819672131148 23.430982592989892 296.58098259298987 603
66.55 0.22950819672131148 21.658620021053878 294.80862002105385 1331
99.9 0.22950819672131148 21.312601512376773 294.46260151237675 1998
117.35 0.22950819672131148 21.304941222742002 294.454941222742 2347
128.1 0.22950819672131148 20.566687932349623 293.7166879323496 2562
141.55 0.22950819672131148 18.681583371751287 291.83158337175126 2831
144.9 0.22950819672131148 17.79003211807401 290.940032118074 2898
152.0 0.22950819672131148 16.533684784130855 289.68368478413083 3040
203.15 0.22950819672131148 16.03837934791744 289.1883793479174 4063
246.3 0.22950819672131148 15.990313021889165 289.14031302188914 4926
254.1 0.2459016393442623 13.496652601512437 286.6466526015124 5082
275.15 0.2459016393442623 12.86447174859694 286.0144717485969 5503
288.3 0.2459016393442623 11.368598009353036 284.518598009353 5766
402.45 0.2459016393442623 10.449702672225897 283.5997026722259 8049
470.9 0.2459016393442623 10.120864181834122 283.2708641818341 9418
494.4 0.26229508196721313 9.370419006390762 282.52041900639074 9888
