% fevals/dim | frac | F - F_opt (-39.3) | best fitness | fevals
0.05 0.09836065573770492 738.4810122101597 699.1810122101598 1
0.05 0.09836065573770492 738.4810122101597 699.1810122101598 1
26.5 0.09836065573770492 732.6870500728476 693.3870500728476 530
29.05 0.09836065573770492 713.4530612230975 674.1530612230976 581
41.0 0.09836065573770492 701.654055841967 662.354055841967 820
43.8 0.11475409836065574 593.0757942996795 553.7757942996795 876
61.3 0.11475409836065574 500.824512498755 461.524512498755 1226
70.0 0.11475409836065574 478.50719688507183 439.2071968850718 1400
75.8 0.11475409836065574 473.02340922476884 433.72340922476883 1516
85.35 0.11475409836065574 451.7877938858111 412.4877938858111 1707
87.7 0.13114754098360656 370.88235684268295 331.58235684268294 1754
90.6 0.13114754098360656 349.21247942609875 309.91247942609874 1812
102.2 0.13114754098360656 343.59873966629414 304.2987396662941 2044
127.2 0.13114754098360656 341.089089953335 301.789089953335 2544
128.85 0.13114754098360656 340.2964758870687 300.9964758870687 2577
131.75 0.13114754098360656 327.22344905105444 287.92344905105443 2635
137.55 0.13114754098360656 323.53713446814527 284.23713446814526 2751
140.05 0.13114754098360656 320.94671863776495 281.64671863776493 2801
155.5 0.13114754098360656 317.9010118144183 278.6010118144183 3110
162.1 0.13114754098360656 301.18382196560424 261.8838219656042 3242
169.0 0.13114754098360656 290.34981034552413 251.04981034552412 3380
183.1 0.13114754098360656 286.22391483334275 246.92391483334274 3662
195.1 0.13114754098360656 276.74577463794736 237.44577463794735 3902
200.35 0.13114754098360656 258.0831567628878 218.7831567628878 4007
206.15 0.13114754098360656 256.4509171999197 217.15091719991966 4123
209.05 0.13114754098360656 255.72653047380993 216.42653047380992 4181
219.6 0.13114754098360656 255.2861441232194 215.9861441232194 4392
228.8 0.14754098360655737 249.65882561907148 210.35882561907147 4576
240.35 0.14754098360655737 245.50937537829986 206.20937537829985 4807
244.8 0.14754098360655737 244.2945445579996 204.99454455799957 4896
253.2 0.14754098360655737 237.67590244440908 198.37590244440906 5064
259.0 0.14754098360655737 234.8538972753896 195.5538972753896 5180
261.55 0.14754098360655737 231.38761365552892 192.0876136555289 5231
265.1 0.14754098360655737 228.75508224654533 189.45508224654532 5302
270.6 0.14754098360655737 221.2498615678128 181.94986156781277 5412
276.4 0.14754098360655737 212.04183001794263 172.74183001794262 5528
285.1 0.14754098360655737 210.40959045497448 171.10959045497447 5702
309.35 0.14754098360655737 210.34647823813498 171.04647823813497 6187
322.6 0.14754098360655737 204.21869126432892 164.9186912643289 6452
329.65 0.14754098360655737 199.94632858444004 160.64632858444003 6593
336.1 0.14754098360655737 199.47980330646158 160.17980330646157 6722
359.3 0.14754098360655737 197.84756374349342 158.5475637434934 7186
