% fevals/dim | frac | F - F_opt (-25.25) | best fitness | fevals
0.05 0.18032786885245902 71.97402816 46.72402816 1
0.05 0.18032786885245902 71.97402816 46.72402816 1
7.45 0.18032786885245902 70.84282816 45.592828159999996 149
9.6 0.19672131147540983 54.43962816 29.189628159999998 192
12.05 0.19672131147540983 51.62042816 26.370428160000003 241
17.0 0.19672131147540983 46.29722816 21.047228160000003 340
19.75 0.21311475409836064 39.60442816000001 14.354428160000012 395
25.35 0.21311475409836064 30.230028160000007 4.980028160000007 507
28.75 0.22950819672131148 24.25242816 -0.9975718399999991 575
34.3 0.22950819672131148 23.722828160000006 -1.527171839999994 686
39.8 0.22950819672131148 21.362828160000007 -3.8871718399999935 796
43.85 0.22950819672131148 16.35642816 -8.89357184 877
47.1 0.2459016393442623 13.650828160000001 -11.599171839999999 942
60.35 0.2459016393442623 12.690828160000002 -12.559171839999998 1207
65.35 0.2459016393442623 12.654028160000001 -12.595971839999999 1307
66.2 0.2459016393442623 10.577228159999997 -14.672771840000003 1324
76.9 0.26229508196721313 8.42682816 -16.82317184 1538
85.55 0.26229508196721313 7.45562816 -17.79437184 1711
93.1 0.26229508196721313 7.057228160000001 -18.19277184 1862
104.15 0.26229508196721313 6.81082816 -18.43917184 2083
110.45 0.2786885245901639 5.690828160000002 -19.559171839999998 2209
112.85 0.2786885245901639 5.598028160000002 -19.651971839999998 2257
116.95 0.2786885245901639 5.48442816 -19.76557184 2339
121.1 0.29508196721311475 3.8620281600000013 -21.38797184 2422
125.2 0.29508196721311475 3.4012281600000023 -21.848771839999998 2504
143.85 0.29508196721311475 3.081228160000002 -22.168771839999998 2877
153.25 0.3114754098360656 2.503628159999998 -22.746371840000002 3065
163.35 0.3114754098360656 2.4428281600000012 -22.80717184 3267
188.65 0.3114754098360656 2.3292281599999995 -22.92077184 3773
190.7 0.3114754098360656 2.23002816 -23.01997184 3814
205.4 0.3114754098360656 2.172428159999999 -23.07757184 4108
208.95 0.3114754098360656 2.0892281599999976 -23.160771840000002 4179
210.9 0.3114754098360656 1.9100281599999995 -23.33997184 4218
217.35 0.3114754098360656 1.8604281599999979 -23.389571840000002 4347
