% fevals/dim | frac | F - F_opt (30.85) | best fitness | fevals
0.05 0.0 167362.51723559058 167393.3672355906 1
0.4 0.0 164678.28984923946 164709.13984923947 8
3.35 0.0 158149.57460250382 158180.42460250383 67
5.9 0.0 36831.047133189655 36861.897133189654 118
20.1 0.01639344262295082 6892.601026984469 6923.4510269844695 402
46.2 0.04918032786885246 2726.46500316089 2757.31500316089 924
48.95 0.09836065573770492 725.1852632408761 756.0352632408761 979
77.65 0.14754098360655737 216.66508778801116 247.51508778801116 1553
86.85 0.14754098360655737 168.6257102048739 199.4757102048739 1737
96.35 0.16393442622950818 144.09553987189878 174.94553987189877 1927
104.3 0.16393442622950818 111.32777619132472 142.1777761913247 2086
118.3 0.16393442622950818 105.78411356812984 136.63411356812983 2366
188.0 0.18032786885245902 80.20626542783273 111.05626542783273 3760
225.05 0.18032786885245902 72.51274060360242 103.36274060360242 4501
240.4 0.18032786885245902 70.1463541978357 100.9963541978357 4808
243.7 0.18032786885245902 66.25939083554087 97.10939083554086 4874
273.8 0.19672131147540983 62.45609870506794 93.30609870506794 5476
276.7 0.19672131147540983 60.806081912281165 91.65608191228117 5534
318.3 0.19672131147540983 60.44639800677344 91.29639800677344 6366
323.9 0.19672131147540983 54.476998224715224 85.32699822471523 6478
378.9 0.19672131147540983 48.85193749892955 79.70193749892955 7578
426.5 0.19672131147540983 48.34161182708939 79.19161182708939 8530
439.15 0.19672131147540983 45.732685438606886 76.58268543860689 8783
455.65 0.19672131147540983 45.26189321047206 76.11189321047206 9113
457.8 0.19672131147540983 44.965598536983826 75.81559853698383 9156
468.5 0.19672131147540983 44.256165210825735 75.10616521082574 9370
472.55 0.19672131147540983 42.97993501875853 73.82993501875853 9451
