% fevals/dim | frac | F - F_opt (-51.91) | best fitness | fevals
0.05 0.0 9934310.065323807 9934258.155323807 1
1.35 0.0 3879476.749446244 3879424.839446244 27
6.85 0.0 3367613.5269122473 3367561.616912247 137
8.65 0.0 1865471.0290619868 1865419.119061987 173
15.95 0.0 1272535.3034290771 1272483.3934290772 319
21.6 0.0 1078011.2467909772 1077959.3367909773 432
37.55 0.0 972382.4979398213 972330.5879398213 751
41.95 0.0 896879.1012317343 896827.1912317342 839
50.35 0.0 820339.8914421505 820287.9814421504 1007
54.15 0.0 793087.0893982365 793035.1793982364 1083
56.85 0.0 572377.6698976672 572325.7598976672 1137
65.45 0.0 481843.0443267864 481791.13432678644 1309
76.05 0.0 267332.1692502624 267280.2592502624 1521
228.9 0.0 256319.60855219257 256267.69855219257 4578
233.0 0.0 240293.66048990857 240241.75048990856 4660
242.25 0.0 196589.88518663662 196537.9751866366 4845
364.65 0.0 193970.0578824024 193918.1478824024 7293
451.0 0.0 156731.40127045347 156679.49127045347 9020
