% fevals/dim | frac | F - F_opt (-39.3) | best fitness | fevals
0.05 0.09836065573770492 738.4810122101597 699.1810122101598 1
0.05 0.09836065573770492 738.4810122101597 699.1810122101598 1
10.2 0.09836065573770492 699.236355359825 659.936355359825 204
15.7 0.11475409836065574 602.6520969494052 563.3520969494052 314
22.4 0.11475409836065574 512.4791831898357 473.17918318983567 448
33.4 0.11475409836065574 472.70738513352376 433.40738513352375 668
36.15 0.11475409836065574 450.0356203222418 410.7356203222418 723
52.25 0.11475409836065574 434.9856732060441 395.6856732060441 1045
61.25 0.11475409836065574 410.3063253539101 371.0063253539101 1225
66.75 0.13114754098360656 379.66713471472485 340.36713471472484 1335
80.5 0.13114754098360656 351.150950095531 311.850950095531 1610
89.95 0.13114754098360656 349.9300397767444 310.6300397767444 1799
94.35 0.13114754098360656 345.0951241697884 305.7951241697884 1887
98.2 0.13114754098360656 341.51807357546016 302.21807357546015 1964
99.85 0.13114754098360656 331.7751646378633 292.4751646378633 1997
101.8 0.13114754098360656 308.36276034965795 269.06276034965794 2036
110.05 0.13114754098360656 299.7032811276539 260.4032811276539 2201
133.95 0.13114754098360656 288.18043540847873 248.88043540847872 2679
141.0 0.13114754098360656 283.5217179269613 244.22171792696128 2820
150.3 0.13114754098360656 282.94511119678043 243.64511119678042 3006
152.55 0.13114754098360656 268.6268172123323 229.3268172123323 3051
157.65 0.13114754098360656 260.20487037973373 220.90487037973372 3153
165.15 0.13114754098360656 253.03814342041687 213.73814342041686 3303
168.05 0.14754098360655737 235.17662453647182 195.8766245364718 3361
184.6 0.14754098360655737 233.4468096585142 194.1468096585142 3692
187.15 0.14754098360655737 220.78835435071034 181.48835435071032 3743
204.45 0.14754098360655737 219.9324177472934 180.6324177472934 4089
214.35 0.14754098360655737 217.34367426703557 178.04367426703556 4287
215.4 0.14754098360655737 217.32200884210255 178.02200884210254 4308
219.75 0.14754098360655737 213.79887597900023 174.49887597900022 4395
224.05 0.14754098360655737 204.92404554740438 165.62404554740436 4481
242.1 0.14754098360655737 203.20330386529514 163.90330386529513 4842
247.85 0.14754098360655737 202.28249687243067 162.98249687243066 4957
251.3 0.14754098360655737 199.47980330646158 160.17980330646157 5026
255.85 0.14754098360655737 198.3140890214719 159.01408902147188 5117
293.95 0.14754098360655737 197.84756374349342 158.5475637434934 5879
