% fevals/dim | frac | F - F_opt (-25.25) | best fitness | fevals
0.05 0.18032786885245902 71.97402816 46.72402816 1
0.05 0.18032786885245902 71.97402816 46.72402816 1
3.7 0.18032786885245902 68.04762816 42.79762816 74
7.0 0.19672131147540983 56.99322816 31.74322816 140
14.8 0.19672131147540983 46.881228160000006 21.631228160000006 296
16.0 0.19672131147540983 42.48922816 17.239228160000003 320
19.0 0.22950819672131148 24.817228160000006 -0.4327718399999938 380
34.4 0.22950819672131148 22.66362816 -2.5863718400000018 688
44.6 0.22950819672131148 21.97882816 -3.271171840000001 892
45.75 0.2459016393442623 15.330828160000003 -9.919171839999997 915
51.25 0.2459016393442623 13.759628160000004 -11.490371839999996 1025
55.55 0.2459016393442623 13.08922816 -12.16077184 1111
61.6 0.2459016393442623 11.28122816 -13.96877184 1232
63.5 0.2459016393442623 10.308428160000002 -14.941571839999998 1270
70.6 0.2459016393442623 10.09722816 -15.15277184 1412
78.8 0.26229508196721313 8.722828159999999 -16.52717184 1576
82.6 0.26229508196721313 7.815628160000003 -17.434371839999997 1652
89.9 0.26229508196721313 6.719628159999999 -18.53037184 1798
90.8 0.2786885245901639 5.561228159999999 -19.68877184 1816
117.9 0.2786885245901639 5.0300281600000005 -20.21997184 2358
123.95 0.2786885245901639 4.380428160000001 -20.86957184 2479
129.8 0.2786885245901639 4.049228159999998 -21.20077184 2596
135.55 0.29508196721311475 3.7740281600000003 -21.47597184 2711
146.6 0.29508196721311475 3.4828281600000004 -21.76717184 2932
155.2 0.29508196721311475 3.252428160000001 -21.99757184 3104
162.55 0.29508196721311475 2.7628281600000015 -22.48717184 3251
171.4 0.29508196721311475 2.6972281600000017 -22.55277184 3428
176.2 0.3114754098360656 2.3740281600000017 -22.87597184 3524
180.55 0.3114754098360656 2.0892281599999976 -23.160771840000002 3611
194.45 0.3114754098360656 2.00122816 -23.24877184 3889
208.7 0.3114754098360656 1.8604281599999979 -23.389571840000002 4174
