% fevals/dim | frac | F - F_opt (30.85) | best fitness | fevals
0.05 0.0 167362.51723559058 167393.3672355906 1
0.4 0.0 164678.28984923946 164709.13984923947 8
4.3 0.0 117010.27427676125 117041.12427676126 86
18.55 0.0 100013.32993168883 100044.17993168884 371
22.35 0.0 48238.50525526167 48269.35525526167 447
28.6 0.0 39902.19679729637 39933.04679729637 572
33.1 0.04918032786885246 3554.3932250061544 3585.2432250061543 662
47.45 0.08196721311475409 1139.5708726184769 1170.4208726184768 949
63.95 0.14754098360655737 216.51367442468418 247.36367442468418 1279
92.65 0.14754098360655737 213.33004199374085 244.18004199374084 1853
100.85 0.14754098360655737 167.06420081985178 197.91420081985177 2017
113.55 0.16393442622950818 115.0745583929201 145.9245583929201 2271
139.55 0.16393442622950818 108.95823200789539 139.80823200789538 2791
197.9 0.16393442622950818 103.44024688504169 134.29024688504168 3958
229.6 0.18032786885245902 97.6164398805804 128.4664398805804 4592
238.3 0.18032786885245902 87.0820893107973 117.9320893107973 4766
254.7 0.18032786885245902 80.92125059679333 111.77125059679332 5094
269.15 0.18032786885245902 79.30661790514111 110.1566179051411 5383
297.15 0.18032786885245902 78.95481288781835 109.80481288781834 5943
318.95 0.18032786885245902 77.52950730623044 108.37950730623044 6379
324.4 0.18032786885245902 68.22733510771425 99.07733510771425 6488
351.8 0.18032786885245902 66.98503117588024 97.83503117588023 7036
364.55 0.18032786885245902 64.76878341356877 95.61878341356876 7291
375.65 0.19672131147540983 61.21469375384252 92.06469375384252 7513
394.9 0.19672131147540983 59.52311124650455 90.37311124650455 7898
419.95 0.19672131147540983 59.13427636151243 89.98427636151243 8399
437.7 0.19672131147540983 58.34029596718637 89.19029596718637 8754
452.35 0.19672131147540983 57.224125146230044 88.07412514623005 9047
456.15 0.19672131147540983 56.53690264726628 87.38690264726628 9123
496.2 0.19672131147540983 52.16059845243982 83.01059845243982 9924
