% fevals/dim | frac | F - F_opt (-222.98) | best fitness | fevals
0.05 0.06557377049180328 2399.821683200123 2176.841683200123 1
0.05 0.06557377049180328 2399.821683200123 2176.841683200123 1
5.85 0.06557377049180328 2230.8674367228987 2007.8874367228987 117
12.6 0.06557377049180328 2115.090370667689 1892.110370667689 252
19.95 0.08196721311475409 1582.4220452586935 1359.4420452586935 399
22.4 0.08196721311475409 1564.116833421947 1341.136833421947 448
53.2 0.08196721311475409 1489.9239653337784 1266.9439653337784 1064
56.65 0.08196721311475409 1437.1438563084428 1214.1638563084427 1133
59.0 0.08196721311475409 1334.1103896015427 1111.1303896015427 1180
61.8 0.08196721311475409 1114.5518800460757 891.5718800460756 1236
96.55 0.09836065573770492 950.9882567542173 728.0082567542173 1931
136.95 0.09836065573770492 903.2522991825139 680.2722991825138 2739
151.9 0.09836065573770492 865.8613089360082 642.8813089360082 3038
173.75 0.09836065573770492 841.8116312653689 618.8316312653689 3475
184.95 0.09836065573770492 744.2947295988585 521.3147295988584 3699
207.9 0.09836065573770492 743.5997244295796 520.6197244295796 4158
224.35 0.09836065573770492 740.9712324685677 517.9912324685677 4487
243.4 0.09836065573770492 685.3194468714069 462.33944687140684 4868
264.55 0.09836065573770492 655.4969182264668 432.5169182264668 5291
275.2 0.09836065573770492 644.4668077457117 421.48680774571164 5504
320.4 0.11475409836065574 537.525162575854 314.54516257585396 6408
345.3 0.11475409836065574 525.4185512437565 302.4385512437565 6906
426.7 0.11475409836065574 503.7597818381141 280.7797818381141 8534
