% fevals/dim | frac | F - F_opt (3.82) | best fitness | fevals
0.05 0.09836065573770492 795.9996499390825 799.8196499390825 1
0.2 0.09836065573770492 744.8265075216084 748.6465075216084 4
3.0 0.11475409836065574 499.942218361369 503.762218361369 60
11.6 0.11475409836065574 436.5661251114033 440.3861251114033 232
14.15 0.11475409836065574 418.6464157666138 422.4664157666138 283
18.6 0.11475409836065574 401.66673217956566 405.48673217956565 372
24.65 0.13114754098360656 371.8900241979409 375.71002419794087 493
27.95 0.13114754098360656 351.170307655463 354.99030765546297 559
28.9 0.13114754098360656 345.12477520591074 348.94477520591073 578
32.5 0.13114754098360656 272.0650679002742 275.8850679002742 650
34.05 0.14754098360655737 242.4537776273098 246.27377762730978 681
39.65 0.14754098360655737 228.64106475365708 232.46106475365707 793
44.05 0.14754098360655737 224.9687502233437 228.7887502233437 881
49.75 0.14754098360655737 184.17118172031266 187.99118172031265 995
60.95 0.14754098360655737 161.11061090690504 164.93061090690503 1219
83.2 0.16393442622950818 121.32994744874478 125.14994744874477 1664
98.25 0.16393442622950818 117.68153096256454 121.50153096256453 1965
107.3 0.18032786885245902 99.72614382835341 103.54614382835341 2146
114.4 0.18032786885245902 97.57978976241665 101.39978976241665 2288
120.0 0.18032786885245902 93.08709220849249 96.90709220849249 2400
125.6 0.18032786885245902 83.74086546250506 87.56086546250505 2512
153.55 0.18032786885245902 81.28615693827857 85.10615693827856 3071
157.85 0.18032786885245902 76.23669134400669 80.05669134400668 3157
173.15 0.18032786885245902 72.50471417152733 76.32471417152732 3463
181.25 0.19672131147540983 59.94498218863149 63.76498218863149 3625
232.9 0.19672131147540983 48.935688189024205 52.755688189024205 4658
259.8 0.19672131147540983 43.27511983795083 47.09511983795083 5196
350.3 0.21311475409836064 37.15976305933179 40.97976305933179 7006
465.15 0.21311475409836064 37.09102229394861 40.91102229394861 9303
469.3 0.21311475409836064 33.126232476169875 36.946232476169875 9386
474.45 0.22950819672131148 24.665935629886782 28.485935629886782 9489
