% fevals/dim | frac | F - F_opt (-147.9) | best fitness | fevals
0.05 0.2459016393442623 14.45935348943209 -133.44064651056792 1
1.3 0.2459016393442623 14.360931854580173 -133.53906814541983 26
2.65 0.2459016393442623 12.458118524379898 -135.4418814756201 53
10.1 0.26229508196721313 8.883431477082297 -139.0165685229177 202
16.2 0.26229508196721313 8.488510554995344 -139.41148944500466 324
26.6 0.26229508196721313 6.664149293979165 -141.23585070602084 532
39.5 0.2786885245901639 5.790105502796422 -142.10989449720358 790
93.7 0.2786885245901639 4.249248785159722 -143.65075121484028 1874
288.75 0.2786885245901639 4.2189339564393435 -143.68106604356066 5775
321.9 0.29508196721311475 3.553808235701041 -144.34619176429896 6438
384.15 0.29508196721311475 3.5389807009102583 -144.36101929908975 7683
446.5 0.29508196721311475 3.3942173943192415 -144.50578260568076 8930
