% fevals/dim | frac | F - F_opt (-133.59) | best fitness | fevals
0.05 0.13114754098360656 308.2410012716453 174.6510012716453 1
0.05 0.13114754098360656 308.2410012716453 174.6510012716453 1
3.45 0.13114754098360656 274.8260940474353 141.23609404743527 69
21.8 0.13114754098360656 271.77730479682083 138.18730479682083 436
24.1 0.14754098360655737 245.37603542603765 111.78603542603764 482
50.2 0.14754098360655737 217.2286330885992 83.63863308859919 1004
54.3 0.14754098360655737 210.9347732737819 77.3447732737819 1086
58.2 0.14754098360655737 208.559413535477 74.969413535477 1164
121.35 0.14754098360655737 199.85459073592034 66.26459073592034 2427
410.75 0.14754098360655737 182.70410773184656 49.11410773184656 8215
