% fevals/dim | frac | F - F_opt (-133.59) | best fitness | fevals
0.05 0.13114754098360656 308.2410012716453 174.6510012716453 1
0.05 0.13114754098360656 308.2410012716453 174.6510012716453 1
13.25 0.13114754098360656 291.4476830504485 157.85768305044851 265
21.4 0.13114754098360656 285.38653760031184 151.79653760031184 428
27.05 0.13114754098360656 272.2575246097231 138.66752460972307 541
30.9 0.13114754098360656 270.1899647369245 136.59996473692448 618
34.3 0.14754098360655737 214.27441075061773 80.68441075061773 686
68.15 0.14754098360655737 211.85828651795265 78.26828651795265 1363
91.15 0.14754098360655737 208.46335898436493 74.87335898436493 1823
100.3 0.14754098360655737 208.13416146465784 74.54416146465783 2006
112.9 0.14754098360655737 199.1888252424061 65.5988252424061 2258
134.0 0.14754098360655737 196.18221388886155 62.59221388886155 2680
154.7 0.14754098360655737 192.707571402951 59.117571402951 3094
184.8 0.14754098360655737 192.60315557402004 59.01315557402003 3696
188.1 0.14754098360655737 186.4806425905951 52.89064259059509 3762
234.75 0.14754098360655737 168.35202515201854 34.76202515201854 4695
