% fevals/dim | frac | F - F_opt (3.82) | best fitness | fevals
0.05 0.09836065573770492 795.9996499390825 799.8196499390825 1
0.2 0.09836065573770492 744.8265075216084 748.6465075216084 4
3.0 0.11475409836065574 606.256732030728 610.0767320307281 60
10.55 0.11475409836065574 601.875570713122 605.695570713122 211
12.2 0.13114754098360656 343.88186695923787 347.70186695923786 244
17.8 0.13114754098360656 261.9348895925526 265.7548895925526 356
30.65 0.14754098360655737 193.39401023372614 197.21401023372613 613
43.55 0.16393442622950818 150.6862532447242 154.5062532447242 871
51.15 0.16393442622950818 133.4533888224673 137.2733888224673 1023
64.95 0.16393442622950818 116.17523766042058 119.99523766042057 1299
75.55 0.16393442622950818 110.81279725006773 114.63279725006772 1511
76.2 0.16393442622950818 107.1352355731293 110.95523557312929 1524
89.55 0.18032786885245902 96.23502229807113 100.05502229807112 1791
97.5 0.18032786885245902 83.80601091476369 87.62601091476368 1950
116.2 0.19672131147540983 60.95797729422376 64.77797729422376 2324
149.65 0.19672131147540983 59.22456740905486 63.044567409054864 2993
152.25 0.19672131147540983 56.302208871219115 60.122208871219115 3045
160.65 0.19672131147540983 45.56727656368014 49.38727656368014 3213
193.3 0.21311475409836064 37.532959141911626 41.352959141911626 3866
230.9 0.21311475409836064 36.990039800472324 40.810039800472325 4618
237.7 0.21311475409836064 35.32389948241599 39.14389948241599 4754
250.5 0.21311475409836064 31.089893248974953 34.90989324897495 5010
321.7 0.21311475409836064 30.7024432452488 34.5224432452488 6434
343.45 0.21311475409836064 30.094666196193586 33.914666196193586 6869
356.95 0.21311475409836064 27.7384335206158 31.5584335206158 7139
361.4 0.22950819672131148 23.14058946672978 26.96058946672978 7228
396.65 0.22950819672131148 22.223309179389123 26.043309179389123 7933
400.75 0.22950819672131148 20.925972698811034 24.745972698811034 8015
416.5 0.22950819672131148 20.801821743850432 24.621821743850433 8330
440.4 0.22950819672131148 18.395914152335383 22.215914152335383 8808
494.1 0.22950819672131148 18.03261678040223 21.85261678040223 9882
