% fevals/dim | frac | F - F_opt (-39.3) | best fitness | fevals
0.05 0.09836065573770492 738.4810122101597 699.1810122101598 1
0.05 0.09836065573770492 738.4810122101597 699.1810122101598 1
32.5 0.09836065573770492 694.4298584047917 655.1298584047918 650
36.7 0.11475409836065574 551.4831263845028 512.1831263845029 734
57.25 0.11475409836065574 498.55383021980606 459.25383021980605 1145
60.2 0.11475409836065574 445.191542444918 405.891542444918 1204
70.9 0.11475409836065574 407.38297210677996 368.08297210677995 1418
80.75 0.13114754098360656 373.7749786615688 334.4749786615688 1615
84.55 0.13114754098360656 369.84395045290165 330.54395045290164 1691
88.25 0.13114754098360656 367.596532234131 328.296532234131 1765
98.2 0.13114754098360656 356.4204687219236 317.1204687219236 1964
102.4 0.13114754098360656 331.04051102249946 291.74051102249945 2048
110.55 0.13114754098360656 320.209949898381 280.909949898381 2211
116.95 0.13114754098360656 308.41840730445443 269.1184073044544 2339
126.05 0.13114754098360656 307.82987867497405 268.52987867497404 2521
130.6 0.13114754098360656 293.79496476409844 254.49496476409843 2612
146.6 0.13114754098360656 283.8812854181057 244.58128541810567 2932
156.2 0.13114754098360656 278.7057754044282 239.4057754044282 3124
161.5 0.13114754098360656 270.91647481639785 231.61647481639784 3230
170.0 0.13114754098360656 270.0895800122395 230.78958001223947 3400
174.55 0.13114754098360656 252.93182120466764 213.63182120466763 3491
179.1 0.13114754098360656 252.14455824291474 212.84455824291473 3582
191.3 0.13114754098360656 251.69918007846945 212.39918007846944 3826
196.15 0.14754098360655737 250.50979623097754 211.20979623097753 3923
201.85 0.14754098360655737 246.53215806014413 207.23215806014412 4037
207.1 0.14754098360655737 242.5781072954219 203.27810729542188 4142
217.25 0.14754098360655737 232.09896054866044 192.79896054866043 4345
244.4 0.14754098360655737 231.68255140204212 192.3825514020421 4888
247.85 0.14754098360655737 231.33738667332022 192.0373866733202 4957
254.0 0.14754098360655737 228.6455486306341 189.34554863063408 5080
255.75 0.14754098360655737 220.1800966808898 180.88009668088978 5115
267.15 0.14754098360655737 215.74234740647472 176.4423474064747 5343
286.0 0.14754098360655737 209.15436013431025 169.85436013431024 5720
299.1 0.14754098360655737 205.39057082538284 166.09057082538283 5982
300.35 0.14754098360655737 198.3140890214719 159.01408902147188 6007
411.45 0.14754098360655737 197.84756374349342 158.5475637434934 8229
