% fevals/dim | frac | F - F_opt (-51.91) | best fitness | fevals
0.05 0.0 9934310.065323807 9934258.155323807 1
1.35 0.0 3879476.749446244 3879424.839446244 27
2.95 0.0 1020557.8992458788 1020505.9892458788 59
20.75 0.0 925196.6691489844 925144.7591489843 415
36.45 0.0 920183.5387521407 920131.6287521407 729
45.4 0.0 808121.0814849989 808069.1714849989 908
53.0 0.0 414087.21379682596 414035.303796826 1060
58.6 0.0 365968.00836306013 365916.09836306015 1172
108.4 0.0 337668.57581718155 337616.6658171816 2168
183.0 0.0 326202.4716654467 326150.56166544673 3660
209.8 0.0 301516.669095894 301464.759095894 4196
210.05 0.0 213513.15470189755 213461.24470189755 4201
269.95 0.0 212044.3686273093 211992.4586273093 5399
324.9 0.0 208416.4212513511 208364.5112513511 6498
391.25 0.0 180878.89788906844 180826.98788906843 7825
430.45 0.0 174241.26765611133 174189.35765611133 8609
450.6 0.0 149789.14155561337 149737.23155561337 9012
474.8 0.0 147825.8007645101 147773.89076451008 9496
