% fevals/dim | frac | F - F_opt (3.82) | best fitness | fevals
0.05 0.09836065573770492 795.9996499390825 799.8196499390825 1
0.2 0.09836065573770492 744.8265075216084 748.6465075216084 4
4.2 0.11475409836065574 540.1536178937449 543.973617893745 84
8.9 0.13114754098360656 336.41430523639553 340.2343052363955 178
19.95 0.13114754098360656 294.9336603915915 298.7536603915915 399
24.1 0.13114754098360656 265.87807067004735 269.69807067004734 482
31.6 0.14754098360655737 173.03333508390324 176.85333508390323 632
35.6 0.14754098360655737 165.33505206278576 169.15505206278576 712
45.2 0.16393442622950818 147.0903462350543 150.9103462350543 904
52.3 0.18032786885245902 92.25794989928194 96.07794989928193 1046
150.75 0.18032786885245902 85.07193844122833 88.89193844122832 3015
162.25 0.18032786885245902 76.4483975742517 80.2683975742517 3245
172.2 0.18032786885245902 73.13221202435851 76.9522120243585 3444
173.85 0.18032786885245902 71.0077975502213 74.82779755022129 3477
201.85 0.18032786885245902 67.26698950193527 71.08698950193526 4037
230.55 0.19672131147540983 53.742761493583686 57.562761493583686 4611
300.35 0.19672131147540983 49.87544239952658 53.69544239952658 6007
324.65 0.19672131147540983 47.18503724036895 51.00503724036895 6493
340.3 0.19672131147540983 43.89031533681552 47.71031533681552 6806
346.5 0.19672131147540983 42.54852801362653 46.36852801362653 6930
371.5 0.21311475409836064 32.65151612614747 36.47151612614747 7430
404.15 0.21311475409836064 32.504558810590254 36.324558810590254 8083
433.2 0.21311475409836064 26.95293058360801 30.77293058360801 8664
468.5 0.22950819672131148 20.348202496314727 24.168202496314727 9370
