% fevals/dim | frac | F - F_opt (99.53) | best fitness | fevals
0.05 0.11475409836065574 399.2761284089512 498.80612840895117 1
1.1 0.14754098360655737 250.28590010781667 349.8159001078167 22
5.45 0.14754098360655737 233.7498129597689 333.2798129597689 109
7.95 0.14754098360655737 228.31311344057664 327.84311344057664 159
14.85 0.14754098360655737 226.62019287219815 326.15019287219815 297
17.4 0.14754098360655737 210.3184258725723 309.8484258725723 348
19.9 0.14754098360655737 197.20558074570098 296.735580745701 398
24.0 0.14754098360655737 172.10377602629907 271.6337760262991 480
26.05 0.16393442622950818 150.6263950189034 250.1563950189034 521
29.6 0.16393442622950818 149.82097365777847 249.35097365777847 592
33.3 0.16393442622950818 146.5501481162563 246.0801481162563 666
36.5 0.16393442622950818 103.6157251925018 203.1457251925018 730
48.45 0.18032786885245902 91.0164213642428 190.5464213642428 969
53.4 0.19672131147540983 50.06644093913502 149.59644093913502 1068
73.65 0.21311475409836064 33.97551453515089 133.5055145351509 1473
86.6 0.21311475409836064 33.55840818368313 133.08840818368313 1732
94.55 0.21311475409836064 33.07078648586693 132.60078648586693 1891
95.05 0.21311475409836064 28.544488743962603 128.0744887439626 1901
112.2 0.21311475409836064 27.165823510625927 126.69582351062593 2244
115.2 0.22950819672131148 19.133813206682632 118.66381320668263 2304
123.25 0.2459016393442623 15.258172729902654 114.78817272990266 2465
129.4 0.2459016393442623 10.995783472518937 110.52578347251894 2588
132.1 0.26229508196721313 6.384487745977779 105.91448774597778 2642
150.3 0.2786885245901639 5.753799553150657 105.28379955315066 3006
154.0 0.2786885245901639 4.3153496648629925 103.845349664863 3080
175.95 0.29508196721311475 2.8768997765753284 102.40689977657533 3519
197.1 0.32786885245901637 1.4384498882876642 100.96844988828767 3942
242.35 1.0 0.0 99.53 4847
