% fevals/dim | frac | F - F_opt (-51.91) | best fitness | fevals
0.05 0.0 9934310.065323807 9934258.155323807 1
1.35 0.0 3879476.749446244 3879424.839446244 27
5.15 0.0 2942466.5648792353 2942414.654879235 103
11.65 0.0 1379639.5006783665 1379587.5906783666 233
20.35 0.0 420539.1342921654 420487.2242921654 407
33.55 0.0 329503.13207535964 329451.22207535966 671
63.1 0.0 233179.22292521654 233127.31292521654 1262
68.95 0.0 228083.63922690117 228031.72922690117 1379
90.05 0.0 210171.71864016374 210119.80864016374 1801
131.45 0.0 185503.2361346885 185451.32613468848 2629
151.25 0.0 149829.34719496165 149777.43719496165 3025
179.55 0.0 79545.96335599833 79494.05335599833 3591
212.15 0.0 52752.339193590626 52700.42919359062 4243
309.15 0.0 46959.7503777068 46907.840377706794 6183
