% fevals/dim | frac | F - F_opt (-145.58) | best fitness | fevals
0.05 0.0 18319.617419137103 18174.0374191371 1
0.05 0.0 18319.617419137103 18174.0374191371 1
7.65 0.0 11142.374797807357 10996.794797807357 153
8.25 0.0 11110.7523459346 10965.1723459346 165
12.15 0.0 10072.515019264478 9926.935019264478 243
14.4 0.01639344262295082 8524.70907801286 8379.12907801286 288
17.75 0.03278688524590164 6103.848099147486 5958.268099147486 355
20.0 0.03278688524590164 4350.699424248984 4205.119424248984 400
22.75 0.06557377049180328 2423.6052577795535 2278.0252577795536 455
25.3 0.06557377049180328 2185.0655331643443 2039.4855331643444 506
30.65 0.08196721311475409 1387.5297006403412 1241.9497006403412 613
32.65 0.08196721311475409 1057.0765150396153 911.4965150396152 653
37.95 0.09836065573770492 796.5938157663389 651.0138157663389 759
40.5 0.11475409836065574 423.7120721876163 278.13207218761625 810
44.95 0.2459016393442623 12.051882149835507 -133.5281178501645 899
73.5 0.26229508196721313 6.462183193720421 -139.1178168062796 1470
78.7 0.2786885245901639 4.158166459824372 -141.42183354017564 1574
84.0 0.29508196721311475 3.861307834726375 -141.71869216527364 1680
94.4 0.29508196721311475 3.7886752717996615 -141.79132472820035 1888
104.75 0.29508196721311475 3.6077635874335385 -141.97223641256647 2095
129.4 0.29508196721311475 3.589736532190358 -141.99026346780965 2588
140.5 0.29508196721311475 3.474734226496139 -142.10526577350387 2810
143.15 0.29508196721311475 3.3495793862375365 -142.23042061376248 2863
151.1 0.29508196721311475 3.3226838954626885 -142.25731610453732 3022
155.25 0.29508196721311475 3.3079942979520354 -142.27200570204798 3105
183.6 0.29508196721311475 3.2873673394191485 -142.29263266058086 3672
187.4 0.29508196721311475 3.173338058386804 -142.4066619416132 3748
188.85 0.29508196721311475 3.1614541725718652 -142.41854582742815 3777
200.7 0.29508196721311475 3.1322386285224013 -142.4477613714776 4014
235.1 0.29508196721311475 3.093392279108457 -142.48660772089156 4702
291.15 0.29508196721311475 3.052292849244054 -142.52770715075596 5823
