% fevals/dim | frac | F - F_opt (-51.91) | best fitness | fevals
0.05 0.0 9934310.065323807 9934258.155323807 1
1.35 0.0 3879476.749446244 3879424.839446244 27
6.0 0.0 3631605.0433960943 3631553.133396094 120
7.8 0.0 2642478.9500856586 2642427.0400856584 156
11.25 0.0 2291101.7749572336 2291049.8649572334 225
15.95 0.0 1598933.9252750925 1598882.0152750926 319
20.2 0.0 1231575.6155175995 1231523.7055175996 404
26.9 0.0 1134554.34866652 1134502.4386665202 538
29.25 0.0 1075360.9600481167 1075309.0500481168 585
36.1 0.0 542897.9381224705 542846.0281224705 722
38.55 0.0 355310.93540272873 355259.02540272876 771
63.15 0.0 267282.51147446246 267230.6014744625 1263
107.75 0.0 250899.9481112732 250848.0381112732 2155
129.95 0.0 213173.3453465151 213121.4353465151 2599
176.15 0.0 150429.7720518034 150377.8620518034 3523
186.0 0.0 143293.88727273492 143241.97727273492 3720
237.45 0.0 127537.12320867387 127485.21320867387 4749
304.65 0.0 67409.14540935229 67357.23540935229 6093
