% fevals/dim | frac | F - F_opt (273.15) | best fitness | fevals
0.05 0.14754098360655737 217.8320510932524 490.9820510932524 1
2.85 0.18032786885245902 83.21813545395685 356.3681354539568 57
4.95 0.18032786885245902 73.91746403616366 347.06746403616364 99
13.1 0.19672131147540983 62.71016827317709 335.86016827317707 262
24.8 0.19672131147540983 52.96332901126368 326.11332901126366 496
30.15 0.19672131147540983 42.71742829063203 315.867428290632 603
38.65 0.21311475409836064 26.341820940715365 299.49182094071534 773
73.6 0.21311475409836064 25.915859462461015 299.065859462461 1472
77.2 0.22950819672131148 19.238686859577854 292.38868685957783 1544
92.05 0.2459016393442623 14.802952597329579 287.95295259732956 1841
123.25 0.2459016393442623 12.411922712973364 285.56192271297334 2465
160.45 0.2459016393442623 12.055342107363742 285.2053421073637 3209
163.45 0.2459016393442623 11.511303072035219 284.6613030720352 3269
167.5 0.2459016393442623 11.450050664836056 284.60005066483603 3350
185.75 0.2459016393442623 11.279306079937328 284.4293060799373 3715
203.6 0.2459016393442623 10.208971657777397 283.3589716577774 4072
243.75 0.26229508196721313 9.837223826746367 282.98722382674634 4875
355.4 0.26229508196721313 9.770527784056469 282.92052778405645 7108
383.85 0.26229508196721313 9.24631419659255 282.3963141965925 7677
445.65 0.26229508196721313 9.15936482885786 282.30936482885784 8913
469.95 0.26229508196721313 8.54265662702636 281.69265662702634 9399
477.35 0.26229508196721313 8.384802965349081 281.53480296534906 9547
