% fevals/dim | frac | F - F_opt (40.66) | best fitness | fevals
0.05 0.09836065573770492 813.9802044710219 854.6402044710219 1
0.9 0.09836065573770492 703.4831009456063 744.1431009456063 18
10.4 0.11475409836065574 442.4035928943417 483.0635928943417 208
26.0 0.13114754098360656 381.9251580489324 422.5851580489324 520
28.6 0.13114754098360656 373.1672852563912 413.8272852563912 572
41.3 0.13114754098360656 331.32073500770707 371.98073500770704 826
44.9 0.13114754098360656 308.67576278781803 349.335762787818 898
47.5 0.13114754098360656 302.1523374562868 342.81233745628674 950
57.9 0.13114754098360656 294.0947420932481 334.75474209324807 1158
72.3 0.13114754098360656 281.03917814457736 321.69917814457733 1446
77.9 0.13114754098360656 271.0966600547972 311.7566600547972 1558
83.9 0.14754098360655737 238.47710694838 279.13710694838 1678
86.5 0.14754098360655737 238.1147927759167 278.7747927759167 1730
98.7 0.14754098360655737 233.857870878355 274.517870878355 1974
100.6 0.14754098360655737 217.99227840802527 258.65227840802527 2012
113.6 0.14754098360655737 214.197119543839 254.857119543839 2272
118.4 0.14754098360655737 211.66168526390885 252.32168526390885 2368
131.15 0.14754098360655737 206.70109308356504 247.36109308356504 2623
135.4 0.14754098360655737 206.49246593829008 247.15246593829008 2708
140.1 0.14754098360655737 203.97525709933802 244.63525709933802 2802
142.2 0.14754098360655737 203.2128829824918 243.8728829824918 2844
145.8 0.14754098360655737 198.62370115050786 239.28370115050785 2916
150.8 0.14754098360655737 187.3079255816149 227.9679255816149 3016
155.15 0.14754098360655737 186.1414793719289 226.8014793719289 3103
157.65 0.14754098360655737 183.53653118216226 224.19653118216226 3153
171.2 0.14754098360655737 177.01076519076764 217.67076519076764 3424
174.35 0.14754098360655737 176.1294457345057 216.7894457345057 3487
192.9 0.14754098360655737 170.86473343146875 211.52473343146875 3858
198.6 0.14754098360655737 169.54005171016888 210.20005171016888 3972
201.5 0.14754098360655737 167.18668091140734 207.84668091140733 4030
233.2 0.14754098360655737 167.05140794521023 207.71140794521023 4664
238.55 0.14754098360655737 166.89952333754962 207.55952333754962 4771
243.15 0.14754098360655737 166.76425037135252 207.4242503713525 4863
