% fevals/dim | frac | F - F_opt (30.85) | best fitness | fevals
0.05 0.0 167362.51723559058 167393.3672355906 1
0.4 0.0 164678.28984923946 164709.13984923947 8
5.65 0.0 144590.5227912561 144621.37279125612 113
9.1 0.0 106764.07924461117 106794.92924461118 182
12.9 0.0 71573.40130729925 71604.25130729926 258
17.5 0.0 41962.38461662227 41993.23461662227 350
22.75 0.0 27141.320292649583 27172.170292649582 455
34.2 0.0 15177.803485886388 15208.653485886389 684
40.15 0.0 12931.132016158606 12961.982016158607 803
43.05 0.01639344262295082 6332.407625447965 6363.257625447965 861
59.55 0.03278688524590164 6250.064599306128 6280.914599306128 1191
65.65 0.03278688524590164 5587.173433047344 5618.023433047344 1313
69.25 0.04918032786885246 3547.34166740633 3578.19166740633 1385
79.25 0.04918032786885246 3232.298393571047 3263.148393571047 1585
83.85 0.08196721311475409 1218.0972031796232 1248.947203179623 1677
93.5 0.14754098360655737 197.9186527868305 228.7686527868305 1870
109.2 0.16393442622950818 116.4792386006987 147.3292386006987 2184
129.55 0.16393442622950818 106.86654806428464 137.71654806428464 2591
175.45 0.18032786885245902 77.97575722091895 108.82575722091894 3509
188.25 0.18032786885245902 67.52724498499407 98.37724498499406 3765
302.8 0.18032786885245902 64.49451701525936 95.34451701525936 6056
308.65 0.19672131147540983 61.7552866825336 92.6052866825336 6173
341.25 0.19672131147540983 56.781253241376525 87.63125324137653 6825
345.5 0.19672131147540983 56.31255017086263 87.16255017086263 6910
375.65 0.19672131147540983 50.095412331549134 80.94541233154914 7513
381.45 0.19672131147540983 50.0571836779494 80.9071836779494 7629
413.45 0.19672131147540983 48.34161182708939 79.19161182708939 8269
426.25 0.19672131147540983 46.805229182695875 77.65522918269588 8525
437.6 0.19672131147540983 45.31674199853665 76.16674199853665 8752
445.95 0.19672131147540983 44.256165210825735 75.10616521082574 8919
