% fevals/dim | frac | F - F_opt (-147.9) | best fitness | fevals
0.05 0.2459016393442623 14.45935348943209 -133.44064651056792 1
1.3 0.2459016393442623 14.360931854580173 -133.53906814541983 26
4.8 0.2459016393442623 10.735617978836586 -137.16438202116342 96
10.2 0.2459016393442623 10.173767729319678 -137.72623227068033 204
35.25 0.26229508196721313 9.35623507204474 -138.54376492795527 705
41.3 0.26229508196721313 9.310898261879913 -138.5891017381201 826
47.4 0.26229508196721313 8.572212908047533 -139.32778709195247 948
54.25 0.26229508196721313 8.411258216269601 -139.4887417837304 1085
65.6 0.26229508196721313 7.806949237671347 -140.09305076232866 1312
78.55 0.26229508196721313 7.548441666668822 -140.35155833333118 1571
88.25 0.26229508196721313 7.14918389402402 -140.75081610597599 1765
92.55 0.26229508196721313 6.610823696489092 -141.2891763035109 1851
97.4 0.2786885245901639 4.9035292775771495 -142.99647072242286 1948
125.8 0.2786885245901639 4.5089146693646 -143.3910853306354 2516
195.55 0.2786885245901639 4.233245422114635 -143.66675457788537 3911
262.0 0.29508196721311475 3.6737744656177256 -144.22622553438228 5240
362.4 0.29508196721311475 3.414404578977212 -144.4855954210228 7248
371.3 0.29508196721311475 3.3973158822106484 -144.50268411778936 7426
387.1 0.29508196721311475 2.982977580676959 -144.91702241932305 7742
