% fevals/dim | frac | F - F_opt (-145.58) | best fitness | fevals
0.05 0.0 18319.617419137103 18174.0374191371 1
0.05 0.0 18319.617419137103 18174.0374191371 1
15.15 0.0 15645.812075044338 15500.232075044338 303
25.45 0.0 11479.288272891063 11333.708272891063 509
25.85 0.01639344262295082 8755.81120402932 8610.23120402932 517
31.85 0.03278688524590164 6289.276379730727 6143.696379730727 637
35.55 0.04918032786885246 3755.2521724100375 3609.6721724100375 711
39.9 0.04918032786885246 3069.4450362828466 2923.8650362828466 798
44.25 0.04918032786885246 3055.463077557391 2909.883077557391 885
47.5 0.08196721311475409 1325.2701591141697 1179.6901591141698 950
60.4 0.08196721311475409 1321.204400072718 1175.6244000727181 1208
67.9 0.09836065573770492 718.3917228981632 572.8117228981631 1358
71.95 0.13114754098360656 317.66846448351333 172.08846448351332 1439
78.7 0.16393442622950818 135.66681627843016 -9.913183721569851 1574
87.3 0.16393442622950818 133.322193389847 -12.257806610153011 1746
96.15 0.22950819672131148 18.33770740295337 -127.24229259704664 1923
100.5 0.26229508196721313 6.76714895205987 -138.81285104794014 2010
117.4 0.2786885245901639 4.5011273024337015 -141.0788726975663 2348
120.45 0.2786885245901639 4.457459236137623 -141.1225407638624 2409
133.25 0.2786885245901639 4.308169554410398 -141.27183044558961 2665
140.6 0.29508196721311475 3.4988361256946803 -142.08116387430533 2812
209.8 0.29508196721311475 3.477852804487469 -142.10214719551254 4196
212.2 0.29508196721311475 3.3522835156013002 -142.2277164843987 4244
229.05 0.29508196721311475 3.272722209740749 -142.30727779025926 4581
246.8 0.29508196721311475 3.1259554293500855 -142.45404457064993 4936
261.9 0.29508196721311475 3.123660581725858 -142.45633941827415 5238
267.3 0.29508196721311475 3.010739588777767 -142.56926041122225 5346
280.65 0.29508196721311475 2.9716488970397563 -142.60835110296026 5613
296.3 0.29508196721311475 2.8725302088584215 -142.7074697911416 5926
302.7 0.29508196721311475 2.6931603536947364 -142.88683964630528 6054
324.2 0.3114754098360656 2.504050645977628 -143.07594935402238 6484
411.15 0.3114754098360656 2.4739713423037415 -143.10602865769627 8223
