% fevals/dim | frac | F - F_opt (-51.91) | best fitness | fevals
0.05 0.0 9934310.065323807 9934258.155323807 1
1.35 0.0 3879476.749446244 3879424.839446244 27
6.7 0.0 1762061.8539004815 1762009.9439004816 134
16.0 0.0 1704471.7528783162 1704419.8428783163 320
22.05 0.0 726352.41199107 726300.50199107 441
51.65 0.0 604829.5627418858 604777.6527418857 1033
54.85 0.0 528981.5580550889 528929.6480550888 1097
58.8 0.0 450035.25842368684 449983.34842368687 1176
61.7 0.0 426446.823629191 426394.91362919105 1234
67.35 0.0 309787.61899992486 309735.7089999249 1347
74.0 0.0 306513.94914502907 306462.0391450291 1480
103.35 0.0 261455.65690060993 261403.74690060993 2067
118.9 0.0 216743.65250267755 216691.74250267755 2378
165.2 0.0 215437.7353369789 215385.8253369789 3304
177.1 0.0 196353.5392420669 196301.6292420669 3542
180.6 0.0 115614.5626185004 115562.65261850039 3612
367.7 0.0 99235.49311899419 99183.58311899418 7354
486.05 0.0 90292.76604822534 90240.85604822534 9721
