% fevals/dim | frac | F - F_opt (77.89) | best fitness | fevals
0.05 0.0 340158582.2653143 340158660.15531427 1
3.15 0.0 283191022.0081343 283191099.8981343 63
8.45 0.0 233799607.6681254 233799685.55812538 169
11.8 0.0 211933030.97539657 211933108.86539656 236
15.55 0.0 108142256.03520308 108142333.92520308 311
21.05 0.0 98452999.35547997 98453077.24547997 421
26.15 0.0 86408322.1864761 86408400.0764761 523
30.85 0.0 73840240.91662456 73840318.80662456 617
37.05 0.0 55329732.31458354 55329810.20458354 741
47.65 0.0 40217769.545091 40217847.435091004 953
56.15 0.0 34707099.41553898 34707177.30553898 1123
68.8 0.0 31333943.690992717 31334021.580992717 1376
85.0 0.0 31064285.804308925 31064363.694308925 1700
95.3 0.0 28872016.058777627 28872093.948777627 1906
102.35 0.0 27841742.528960615 27841820.418960616 2047
106.65 0.0 21865546.19238433 21865624.08238433 2133
112.05 0.0 19083862.94985404 19083940.83985404 2241
123.55 0.0 17951040.669648048 17951118.559648048 2471
128.15 0.0 13702792.728366068 13702870.618366068 2563
132.45 0.0 12635154.077349525 12635231.967349526 2649
163.15 0.0 12107163.822693516 12107241.712693516 3263
172.8 0.0 7154657.543273628 7154735.433273627 3456
224.75 0.0 5804781.505168644 5804859.395168643 4495
256.95 0.0 4525943.948154941 4526021.838154941 5139
282.75 0.0 3963357.404365173 3963435.294365173 5655
314.0 0.0 3422551.500408841 3422629.390408841 6280
321.8 0.0 3248071.4123974056 3248149.3023974057 6436
341.35 0.0 3228412.6696097297 3228490.55960973 6827
349.95 0.0 3214650.341235446 3214728.231235446 6999
354.6 0.0 3092411.77127519 3092489.6612751903 7092
363.35 0.0 3056668.189319342 3056746.079319342 7267
367.1 0.0 2913208.54148491 2913286.43148491 7342
372.1 0.0 2523632.8114571376 2523710.7014571377 7442
378.95 0.0 2355967.7793204347 2356045.669320435 7579
387.45 0.0 2190517.8473765766 2190595.7373765768 7749
427.0 0.0 2148446.848194193 2148524.738194193 8540
451.05 0.0 1904653.2507347693 1904731.1407347692 9021
