% fevals/dim | frac | F - F_opt (-145.58) | best fitness | fevals
0.05 0.0 18319.617419137103 18174.0374191371 1
0.05 0.0 18319.617419137103 18174.0374191371 1
11.75 0.0 15292.021956800143 15146.441956800143 235
26.85 0.01639344262295082 6816.0993864071625 6670.5193864071625 537
35.0 0.04918032786885246 3245.714126075529 3100.134126075529 700
46.3 0.06557377049180328 2119.3444922321146 1973.7644922321147 926
60.85 0.06557377049180328 1941.6933577507143 1796.1133577507144 1217
64.25 0.08196721311475409 1549.3618554035343 1403.7818554035343 1285
72.05 0.08196721311475409 1103.6502944702497 958.0702944702497 1441
74.95 0.08196721311475409 1044.9488504286026 899.3688504286025 1499
80.9 0.09836065573770492 748.6193094076696 603.0393094076695 1618
95.75 0.11475409836065574 504.09332538702984 358.5133253870298 1915
106.15 0.2786885245901639 4.2888824640853045 -141.2911175359147 2123
168.35 0.2786885245901639 4.01298884100413 -141.56701115899588 3367
181.5 0.29508196721311475 3.7731681491199254 -141.8068318508801 3630
189.1 0.29508196721311475 3.4778088126339526 -142.10219118736606 3782
261.05 0.29508196721311475 3.431025194171127 -142.14897480582889 5221
289.95 0.29508196721311475 3.2646535478910153 -142.315346452109 5799
313.3 0.29508196721311475 3.199504466627644 -142.38049553337237 6266
321.5 0.29508196721311475 3.1880353565481983 -142.39196464345181 6430
339.65 0.29508196721311475 3.0957149897285205 -142.4842850102715 6793
372.0 0.29508196721311475 3.066505744800253 -142.51349425519976 7440
378.4 0.29508196721311475 2.937166646856781 -142.64283335314323 7568
434.5 0.29508196721311475 2.9163451345648355 -142.66365486543518 8690
437.85 0.29508196721311475 2.8089351120518415 -142.77106488794817 8757
454.1 0.29508196721311475 2.6969440385983035 -142.8830559614017 9082
