% fevals/dim | frac | F - F_opt (30.85) | best fitness | fevals
0.05 0.0 167362.51723559058 167393.3672355906 1
0.4 0.0 164678.28984923946 164709.13984923947 8
3.35 0.0 146012.02664073333 146042.87664073333 67
6.1 0.0 92770.96499767454 92801.81499767455 122
9.3 0.0 78011.2636272399 78042.1136272399 186
14.95 0.0 34736.22169576436 34767.07169576436 299
18.1 0.0 23382.354747596528 23413.204747596526 362
26.35 0.06557377049180328 1979.1943835835687 2010.0443835835686 527
49.05 0.06557377049180328 1894.0778864795802 1924.9278864795801 981
51.0 0.06557377049180328 1799.5313652894977 1830.3813652894976 1020
53.25 0.13114754098360656 274.576853900026 305.426853900026 1065
64.9 0.13114754098360656 266.05854759231596 296.908547592316 1298
69.15 0.14754098360655737 160.37855253280173 191.22855253280173 1383
92.75 0.16393442622950818 116.51110402173609 147.36110402173608 1855
120.25 0.16393442622950818 115.79973382552146 146.64973382552145 2405
139.55 0.16393442622950818 101.3070669504477 132.1570669504477 2791
180.85 0.18032786885245902 97.24678866533844 128.09678866533844 3617
185.75 0.18032786885245902 92.84364068572697 123.69364068572696 3715
191.25 0.18032786885245902 79.83964581262217 110.68964581262216 3825
216.6 0.18032786885245902 77.3685052733511 108.2185052733511 4332
224.25 0.18032786885245902 74.98275588162537 105.83275588162536 4485
241.4 0.18032786885245902 74.82084140633154 105.67084140633153 4828
242.2 0.18032786885245902 70.05312584839919 100.90312584839918 4844
266.7 0.18032786885245902 66.47016196750087 97.32016196750087 5334
277.1 0.18032786885245902 66.273574870261 97.123574870261 5542
279.8 0.19672131147540983 63.06582809843285 93.91582809843285 5596
315.45 0.19672131147540983 59.13427636151243 89.98427636151243 6309
351.9 0.19672131147540983 56.53690264726628 87.38690264726628 7038
366.5 0.19672131147540983 55.25943493089593 86.10943493089593 7330
396.5 0.19672131147540983 55.09043392959979 85.94043392959979 7930
399.7 0.19672131147540983 53.64560577055081 84.49560577055081 7994
420.5 0.19672131147540983 52.5618533103381 83.4118533103381 8410
