% fevals/dim | frac | F - F_opt (47.39) | best fitness | fevals
0.05 0.2459016393442623 14.407515094193322 61.79751509419332 1
0.05 0.2459016393442623 14.407515094193322 61.79751509419332 1
19.2 0.2459016393442623 11.97571304592826 59.36571304592826 384
21.45 0.26229508196721313 9.0344469651004 56.4244469651004 429
55.05 0.26229508196721313 6.980713242960903 54.3707132429609 1101
99.35 0.26229508196721313 6.531450126020303 53.921450126020304 1987
130.6 0.26229508196721313 6.455322043887541 53.84532204388754 2612
137.7 0.2786885245901639 6.249888135407595 53.639888135407595 2754
159.85 0.2786885245901639 5.816856437459052 53.20685643745905 3197
169.95 0.2786885245901639 5.59687076322043 52.98687076322043 3399
188.85 0.2786885245901639 5.391679438285095 52.781679438285096 3777
195.9 0.2786885245901639 5.245105889660621 52.63510588966062 3918
205.7 0.2786885245901639 5.18620908434783 52.57620908434783 4114
235.6 0.2786885245901639 4.532755539495497 51.9227555394955 4712
253.3 0.2786885245901639 4.319181517845962 51.70918151784596 5066
296.65 0.2786885245901639 4.301745123492125 51.691745123492126 5933
302.4 0.29508196721311475 3.856851415697882 51.24685141569788 6048
324.95 0.29508196721311475 3.5054974664489222 50.89549746644892 6499
342.4 0.29508196721311475 3.2081963604929484 50.59819636049295 6848
402.2 0.3114754098360656 2.3522609416316627 49.74226094163166 8044
