% fevals/dim | frac | F - F_opt (-25.25) | best fitness | fevals
0.05 0.18032786885245902 71.97402816 46.72402816 1
0.05 0.18032786885245902 71.97402816 46.72402816 1
8.0 0.19672131147540983 56.126028160000004 30.876028160000004 160
30.2 0.19672131147540983 39.86362815999999 14.61362815999999 604
41.15 0.21311475409836064 35.75962815999999 10.509628159999991 823
46.3 0.21311475409836064 29.60442816 4.354428160000001 926
49.75 0.22950819672131148 22.865228160000004 -2.3847718399999955 995
67.95 0.22950819672131148 22.00122816 -3.24877184 1359
71.8 0.2459016393442623 13.690828159999999 -11.559171840000001 1436
91.65 0.26229508196721313 8.988428159999998 -16.261571840000002 1833
111.55 0.26229508196721313 7.737228159999997 -17.512771840000003 2231
136.2 0.26229508196721313 6.930828159999997 -18.319171840000003 2724
147.55 0.2786885245901639 4.74362816 -20.50637184 2951
152.25 0.2786885245901639 4.506828160000001 -20.74317184 3045
176.6 0.29508196721311475 3.786828159999999 -21.46317184 3532
180.0 0.29508196721311475 3.727628160000002 -21.522371839999998 3600
192.9 0.29508196721311475 3.09882816 -22.15117184 3858
194.85 0.29508196721311475 3.0236281600000012 -22.22637184 3897
199.4 0.29508196721311475 2.6092281600000007 -22.64077184 3988
216.65 0.3114754098360656 2.468428160000002 -22.781571839999998 4333
226.75 0.3114754098360656 2.409228159999998 -22.840771840000002 4535
228.15 0.3114754098360656 2.3516281600000006 -22.89837184 4563
232.8 0.3114754098360656 2.122828160000001 -23.12717184 4656
262.05 0.3114754098360656 1.8604281599999979 -23.389571840000002 5241
