% fevals/dim | frac | F - F_opt (99.53) | best fitness | fevals
0.05 0.11475409836065574 399.2761284089512 498.80612840895117 1
6.0 0.14754098360655737 224.1639810614657 323.6939810614657 120
24.0 0.14754098360655737 204.78421521486953 304.31421521486953 480
30.25 0.14754098360655737 193.09944128528602 292.629441285286 605
32.25 0.14754098360655737 188.70992007566346 288.23992007566346 645
44.5 0.14754098360655737 178.62926515893773 278.1592651589377 890
55.25 0.16393442622950818 138.92633971530523 238.45633971530523 1105
74.25 0.16393442622950818 116.09555579749517 215.62555579749517 1485
76.2 0.16393442622950818 101.71052394640867 201.24052394640867 1524
83.9 0.18032786885245902 74.79510262730321 174.3251026273032 1678
88.7 0.18032786885245902 71.89321766467259 171.4232176646726 1774
104.35 0.18032786885245902 68.14910119978882 167.67910119978882 2087
118.15 0.19672131147540983 62.92084470342033 162.45084470342033 2363
138.7 0.21311475409836064 36.42962531410515 135.95962531410515 2774
151.2 0.21311475409836064 34.36048723299035 133.89048723299035 3024
180.65 0.22950819672131148 19.989200756956592 119.5192007569566 3613
189.7 0.22950819672131148 18.160832025212983 117.69083202521298 3794
200.15 0.22950819672131148 15.977158114046361 115.50715811404636 4003
217.0 0.2459016393442623 15.401621617021291 114.93162161702129 4340
228.95 0.2459016393442623 12.593007920634506 112.1230079206345 4579
235.05 0.3114754098360656 1.6237767391887274 101.15377673918873 4701
241.3 1.0 0.0 99.53 4826
