% fevals/dim | frac | F - F_opt (77.89) | best fitness | fevals
0.05 0.0 340158582.2653143 340158660.15531427 1
3.15 0.0 283191022.0081343 283191099.8981343 63
11.8 0.0 95769176.45230323 95769254.34230323 236
23.1 0.0 88177535.85960962 88177613.74960962 462
31.25 0.0 74196088.32886988 74196166.21886988 625
35.85 0.0 68440813.64321662 68440891.53321663 717
40.25 0.0 55731121.11341643 55731199.003416434 805
44.9 0.0 43507637.26952697 43507715.159526974 898
58.4 0.0 30446579.045318604 30446656.935318604 1168
70.3 0.0 25814148.228276297 25814226.118276298 1406
86.15 0.0 16636619.59854155 16636697.488541551 1723
118.65 0.0 16531332.452018816 16531410.342018817 2373
123.4 0.0 14599891.06456368 14599968.954563681 2468
131.0 0.0 13425446.54984546 13425524.439845461 2620
143.65 0.0 13356821.500266306 13356899.390266307 2873
148.3 0.0 9942692.42420089 9942770.314200891 2966
151.75 0.0 9163535.243218822 9163613.133218823 3035
171.75 0.0 7926800.228210482 7926878.1182104815 3435
176.25 0.0 7751696.697682964 7751774.587682963 3525
184.9 0.0 6141562.327929806 6141640.217929806 3698
186.6 0.0 5714538.316115569 5714616.206115569 3732
196.95 0.0 4880615.365993693 4880693.255993692 3939
228.45 0.0 3715904.816896484 3715982.706896484 4569
259.3 0.0 3395633.773683009 3395711.6636830093 5186
272.35 0.0 3027470.0151476893 3027547.9051476894 5447
273.1 0.0 2990838.2039995417 2990916.093999542 5462
291.0 0.0 2730712.925181403 2730790.815181403 5820
300.9 0.0 2516522.3605116047 2516600.250511605 6018
304.05 0.0 2403922.4022816815 2404000.2922816817 6081
