% fevals/dim | frac | F - F_opt (77.89) | best fitness | fevals
0.05 0.0 340158582.2653143 340158660.15531427 1
0.45 0.0 306933000.0566907 306933077.9466907 9
4.15 0.0 219945689.94611245 219945767.83611244 83
7.9 0.0 208553608.118644 208553686.00864398 158
10.9 0.0 128881807.93764807 128881885.82764807 218
12.8 0.0 125358507.96154605 125358585.85154605 256
14.8 0.0 98584415.07387105 98584492.96387105 296
19.7 0.0 69068398.38024305 69068476.27024305 394
25.3 0.0 59244774.116709 59244852.006709 506
32.15 0.0 56881727.029993184 56881804.919993185 643
35.8 0.0 53133026.389446124 53133104.279446125 716
42.2 0.0 50258714.89567056 50258792.78567056 844
46.45 0.0 45504597.611455806 45504675.501455806 929
47.9 0.0 37774351.58313836 37774429.47313836 958
51.3 0.0 36933203.35983105 36933281.24983105 1026
58.45 0.0 34073051.845845915 34073129.735845916 1169
60.95 0.0 31744274.87483083 31744352.76483083 1219
63.6 0.0 26772671.326460145 26772749.216460146 1272
72.8 0.0 25293446.95918013 25293524.849180132 1456
74.8 0.0 22486750.144058242 22486828.034058243 1496
86.0 0.0 21922425.274780776 21922503.164780777 1720
90.5 0.0 20714647.219718218 20714725.10971822 1810
96.7 0.0 16905653.64563704 16905731.53563704 1934
101.75 0.0 16080136.168394987 16080214.058394987 2035
108.25 0.0 14016671.261646435 14016749.151646435 2165
122.25 0.0 13413422.763107868 13413500.653107869 2445
130.65 0.0 11369782.775103431 11369860.665103432 2613
158.6 0.0 10522372.375657395 10522450.265657395 3172
162.75 0.0 9380389.78749882 9380467.677498821 3255
166.4 0.0 9305700.783004265 9305778.673004266 3328
172.1 0.0 9228140.952204864 9228218.842204865 3442
176.9 0.0 8108822.1934087565 8108900.083408756 3538
180.5 0.0 7926166.340364803 7926244.230364802 3610
192.35 0.0 7895077.408022692 7895155.298022692 3847
197.3 0.0 7562773.126632856 7562851.016632856 3946
224.15 0.0 7453565.623797331 7453643.513797331 4483
232.55 0.0 7388910.802839005 7388988.692839005 4651
