% fevals/dim | frac | F - F_opt (-34.75) | best fitness | fevals
0.05 0.09836065573770492 704.0696690671978 669.3196690671978 1
0.05 0.09836065573770492 704.0696690671978 669.3196690671978 1
5.5 0.09836065573770492 674.3283071466874 639.5783071466874 110
10.45 0.11475409836065574 615.9363406194431 581.1863406194431 209
13.85 0.11475409836065574 515.0396716890125 480.2896716890125 277
20.15 0.13114754098360656 375.002748289279 340.252748289279 403
28.2 0.13114754098360656 313.3918950025787 278.6418950025787 564
49.85 0.13114754098360656 289.917278574745 255.167278574745 997
70.15 0.13114754098360656 260.04175548399974 225.29175548399974 1403
106.2 0.13114754098360656 253.80586413752337 219.05586413752337 2124
252.15 0.14754098360655737 234.67574792642876 199.92574792642876 5043
348.85 0.14754098360655737 223.57138285323734 188.82138285323734 6977
