% fevals/dim | frac | F - F_opt (30.85) | best fitness | fevals
0.05 0.0 167362.51723559058 167393.3672355906 1
0.4 0.0 164678.28984923946 164709.13984923947 8
5.75 0.0 83735.62258535817 83766.47258535818 115
6.65 0.0 77120.75895463076 77151.60895463076 133
18.25 0.0 24618.060302145175 24648.910302145174 365
20.85 0.08196721311475409 1075.6760039253795 1106.5260039253794 417
68.15 0.08196721311475409 1028.1605735885364 1059.0105735885363 1363
71.95 0.13114754098360656 258.5164871177769 289.3664871177769 1439
111.1 0.14754098360655737 166.03370106732942 196.8837010673294 2222
119.6 0.16393442622950818 121.92398231205755 152.77398231205754 2392
125.85 0.16393442622950818 118.97790561601047 149.82790561601047 2517
128.65 0.16393442622950818 112.55293207028441 143.4029320702844 2573
142.5 0.18032786885245902 90.05353063155744 120.90353063155743 2850
155.9 0.18032786885245902 89.66631486065012 120.51631486065011 3118
168.35 0.18032786885245902 82.20679942229984 113.05679942229983 3367
180.75 0.18032786885245902 81.51006696701856 112.36006696701855 3615
300.2 0.18032786885245902 76.53073030400708 107.38073030400707 6004
304.15 0.18032786885245902 75.03141138432218 105.88141138432218 6083
318.3 0.18032786885245902 73.24291527589529 104.09291527589528 6366
327.2 0.18032786885245902 67.96025492312089 98.81025492312088 6544
352.0 0.18032786885245902 64.64187316343978 95.49187316343978 7040
367.15 0.19672131147540983 62.915451153064446 93.76545115306445 7343
422.8 0.19672131147540983 61.92599220222623 92.77599220222623 8456
429.75 0.19672131147540983 60.127948379691865 90.97794837969187 8595
456.5 0.19672131147540983 59.2154753221867 90.0654753221867 9130
491.75 0.19672131147540983 56.42289428404495 87.27289428404495 9835
