% fevals/dim | frac | F - F_opt (273.15) | best fitness | fevals
2.65 0.18032786885245902 86.63097565137667 359.78097565137665 53
15.3 0.18032786885245902 83.32942806637033 356.4794280663703 306
16.1 0.18032786885245902 70.61394867917795 343.76394867917793 322
19.25 0.19672131147540983 61.84018083051109 334.99018083051106 385
25.55 0.19672131147540983 52.544469177361066 325.69446917736104 511
63.35 0.19672131147540983 51.576496779167314 324.7264967791673 1267
77.25 0.19672131147540983 41.247906516553314 314.3979065165533 1545
99.3 0.21311475409836064 39.05496279289878 312.20496279289875 1986
137.2 0.22950819672131148 24.51749306321625 297.6674930632162 2744
214.9 0.22950819672131148 23.484293583793033 296.634293583793 4298
265.3 0.22950819672131148 23.20584466790916 296.35584466790914 5306
305.25 0.22950819672131148 22.134462836517002 295.284462836517 6105
406.5 0.22950819672131148 21.825331979810983 294.97533197981096 8130
453.3 0.2459016393442623 14.956636710272846 288.1066367102728 9066
742.2 0.2459016393442623 13.707519247668756 286.85751924766873 14844
804.1 0.2459016393442623 11.482086057829576 284.63208605782955 16082
878.8 0.2459016393442623 10.90576096364697 284.05576096364695 17576
1528.25 0.2459016393442623 10.20534531388563 283.3553453138856 30565
1652.55 0.26229508196721313 9.871858921705325 283.0218589217053 33051
1861.15 0.26229508196721313 9.382283841324863 282.53228384132484 37223
2035.05 0.26229508196721313 9.287980816377285 282.43798081637726 40701
2265.35 0.26229508196721313 8.596715106778106 281.7467151067781 45307
2995.7 0.26229508196721313 7.6730994223970015 280.823099422397 59914
3443.1 0.26229508196721313 6.460879415905595 279.6108794159056 68862
4819.15 0.26229508196721313 6.4277519051995 279.5777519051995 96383
5102.65 0.2786885245901639 4.841169876675394 277.9911698766754 102053
