% fevals/dim | frac | F - F_opt (-147.9) | best fitness | fevals
6.55 0.2459016393442623 11.376094476983809 -136.5239055230162 131
406.1 0.2459016393442623 10.652450477709408 -137.2475495222906 8122
417.3 0.2459016393442623 10.643961819742458 -137.25603818025755 8346
521.4 0.26229508196721313 9.869338773486419 -138.0306612265136 10428
652.2 0.26229508196721313 8.866644188634126 -139.03335581136588 13044
1230.15 0.26229508196721313 7.354962815563454 -140.54503718443655 24603
2222.95 0.26229508196721313 7.129536046034275 -140.77046395396573 44459
2233.2 0.26229508196721313 6.5057566945702945 -141.3942433054297 44664
2754.65 0.26229508196721313 6.504481988331662 -141.39551801166834 55093
4100.95 0.26229508196721313 6.406677970965717 -141.4933220290343 82019
4281.2 0.2786885245901639 5.356149265627778 -142.54385073437223 85624
5529.65 0.2786885245901639 5.274882660154361 -142.62511733984564 110593
5980.05 0.2786885245901639 4.862220390688492 -143.0377796093115 119601
7423.05 0.2786885245901639 4.457405564503773 -143.44259443549623 148461
8653.4 0.2786885245901639 4.428476031570369 -143.47152396842964 173068
9006.05 0.2786885245901639 4.177129677468855 -143.72287032253115 180121
