7.95 0.19672131147540983 45.8432107034096 6.413210703409604 159
14.7 0.21311475409836064 27.142426587390876 -12.287573412609124 294
19.25 0.22950819672131148 22.60326897093056 -16.82673102906944 385
27.6 0.22950819672131148 21.54713882544942 -17.88286117455058 552
34.55 0.22950819672131148 18.81458246999345 -20.61541753000655 691
39.65 0.22950819672131148 16.439772040613157 -22.990227959386843 793
49.4 0.2459016393442623 14.949929961079611 -24.48007003892039 988
54.5 0.2459016393442623 14.083298006831953 -25.346701993168047 1090
62.9 0.2459016393442623 11.080600422081872 -28.349399577918128 1258
81.7 0.2459016393442623 10.244679030189953 -29.185320969810046 1634
92.85 0.2459016393442623 10.112015519224528 -29.317984480775472 1857
107.9 0.26229508196721313 8.870998933410306 -30.559001066589694 2158
116.25 0.26229508196721313 8.646631469049503 -30.783368530950497 2325
121.35 0.26229508196721313 8.07826932893001 -31.35173067106999 2427
136.15 0.26229508196721313 7.914480651093825 -31.515519348906174 2723
147.8 0.2786885245901639 5.668055418854934 -33.761944581145066 2956
168.2 0.2786885245901639 4.87019531495968 -34.55980468504032 3364
203.9 0.2786885245901639 4.6211585343929045 -34.808841465607095 4078
224.35 0.29508196721311475 3.785024609362601 -35.6449753906374 4487
249.15 0.29508196721311475 3.356474477357537 -36.07352552264246 4983
279.9 0.29508196721311475 3.208968930842353 -36.22103106915765 5598
307.6 0.29508196721311475 3.0880355263393113 -36.34196447366069 6152
330.95 0.29508196721311475 2.7663538299229913 -36.66364617007701 6619
356.45 0.3114754098360656 2.444654102150018 -36.98534589784998 7129
389.9 0.3114754098360656 2.188476687429876 -37.24152331257012 7798
405.2 0.3114754098360656 2.1809451470187895 -37.24905485298121 8104
420.75 0.3114754098360656 1.952354874646005 -37.477645125353995 8415
461.55 0.3114754098360656 1.8131479721815325 -37.61685202781847 9231
513.35 0.32786885245901637 1.4905915091850162 -37.939408490814984 10267
523.55 0.32786885245901637 1.4775020221292792 -37.95249797787072 10471
529.4 0.32786885245901637 1.3962438088948659 -38.033756191105134 10588
560.0 0.32786885245901637 1.3156524604038395 -38.11434753959616 11200
657.2 0.32786885245901637 1.2171680994010146 -38.212831900598985 13144
677.35 0.32786885245901637 1.091522036721166 -38.338477963278834 13547
