% fevals/dim | frac | F - F_opt (-16.94) | best fitness | fevals
3.1 0.21311475409836064 38.49341591679739 21.553415916797388 62
82.9 0.21311475409836064 38.32796638574291 21.38796638574291 1658
244.35 0.21311475409836064 27.588077211286887 10.648077211286886 4887
551.45 0.21311475409836064 26.860728033405774 9.920728033405773 11029
809.85 0.22950819672131148 22.5716969483068 5.6316969483068 16197
1144.55 0.22950819672131148 20.29591396339635 3.3559139633963504 22891
1187.35 0.22950819672131148 18.590424791375245 1.6504247913752437 23747
1707.8 0.22950819672131148 16.6097281105893 -0.3302718894106995 34156
1903.45 0.2459016393442623 15.07231800588906 -1.8676819941109422 38069
2108.65 0.2459016393442623 14.239475612067713 -2.7005243879322887 42173
2202.4 0.2459016393442623 13.115144604985636 -3.8248553950143656 44048
2609.2 0.2459016393442623 12.996007866511505 -3.9439921334884964 52184
2870.45 0.2459016393442623 11.593791289883457 -5.346208710116544 57409
4249.85 0.2459016393442623 10.018125931381151 -6.92187406861885 84997
5280.2 0.26229508196721313 9.63074583544966 -7.309254164550341 105604
5854.8 0.26229508196721313 8.375872098475469 -8.564127901524532 117096
7069.5 0.26229508196721313 7.240674172852959 -9.699325827147042 141390
7859.2 0.26229508196721313 6.826807616989356 -10.113192383010645 157184
9255.3 0.26229508196721313 6.818124072779465 -10.121875927220536 185106
