% fevals/dim | frac | F - F_opt (99.8) | best fitness | fevals
2.55 0.18032786885245902 77.53156832192333 177.33156832192333 51
61.15 0.18032786885245902 74.75376835680096 174.55376835680096 1223
201.7 0.18032786885245902 72.21562517370712 172.01562517370712 4034
277.6 0.18032786885245902 69.97662781246926 169.77662781246926 5552
307.7 0.18032786885245902 69.17597894885076 168.97597894885075 6154
391.0 0.18032786885245902 68.54179205659257 168.34179205659257 7820
442.9 0.18032786885245902 66.79760632778776 166.59760632778776 8858
466.65 0.18032786885245902 64.80222715665285 164.60222715665284 9333
556.9 0.19672131147540983 59.340793915131385 159.14079391513138 11138
572.8 0.19672131147540983 57.79803775112016 157.59803775112016 11456
710.9 0.19672131147540983 52.35884529272978 152.15884529272978 14218
765.4 0.19672131147540983 42.873395399035374 142.67339539903537 15308
1054.85 0.22950819672131148 24.65824784048141 124.4582478404814 21097
1813.1 0.22950819672131148 23.49529618720048 123.29529618720048 36262
1901.7 0.22950819672131148 21.262403741009777 121.06240374100977 38034
2154.4 0.22950819672131148 19.13013274730976 118.93013274730976 43088
2340.0 0.22950819672131148 16.888274387511373 116.68827438751137 46800
2927.2 0.2459016393442623 14.54238017662594 114.34238017662594 58544
2947.1 0.2459016393442623 14.508038801504554 114.30803880150455 58942
3184.1 0.2459016393442623 11.84316406136648 111.64316406136648 63682
3659.55 0.2459016393442623 11.004112318674913 110.80411231867491 73191
3909.8 0.2459016393442623 10.658720992185891 110.45872099218589 78196
3952.6 0.2459016393442623 10.35905955686593 110.15905955686593 79052
4012.6 0.26229508196721313 9.997906560808445 109.79790656080844 80252
4023.95 0.26229508196721313 9.457576671480268 109.25757667148027 80479
4064.9 0.26229508196721313 9.146776780345888 108.94677678034589 81298
4404.6 0.26229508196721313 8.965765372250317 108.76576537225031 88092
4584.4 0.26229508196721313 8.823879272543792 108.62387927254379 91688
4658.3 0.26229508196721313 8.586689269272611 108.38668926927261 93166
4732.5 0.26229508196721313 8.438605222368835 108.23860522236883 94650
4898.8 0.26229508196721313 8.42343187127129 108.22343187127129 97976
