% fevals/dim | frac | F - F_opt (-147.9) | best fitness | fevals
3.65 0.2459016393442623 12.398141891796143 -135.50185810820386 73
7.7 0.2459016393442623 12.07884025416027 -135.82115974583974 154
21.95 0.2459016393442623 10.848123414878017 -137.051876585122 439
28.0 0.2459016393442623 10.490093878098605 -137.4099061219014 560
34.15 0.26229508196721313 9.126880452036943 -138.77311954796306 683
123.85 0.26229508196721313 8.334968014256503 -139.5650319857435 2477
143.85 0.26229508196721313 7.937215970565688 -139.96278402943432 2877
210.5 0.26229508196721313 7.9118184445501925 -139.9881815554498 4210
219.9 0.26229508196721313 7.879265341336179 -140.02073465866383 4398
229.25 0.26229508196721313 7.670727028418213 -140.2292729715818 4585
300.8 0.26229508196721313 7.478332045142395 -140.4216679548576 6016
311.4 0.2786885245901639 5.7754053217555565 -142.12459467824445 6228
378.5 0.2786885245901639 5.773030817618093 -142.1269691823819 7570
396.8 0.2786885245901639 4.203677023561198 -143.6963229764388 7936
756.7 0.29508196721311475 3.5197259213613563 -144.38027407863865 15134
1244.7 0.29508196721311475 3.0412539157632636 -144.85874608423674 24894
2024.9 0.29508196721311475 3.0369879027018953 -144.8630120972981 40498
2730.2 0.29508196721311475 3.0311306007701546 -144.86886939922985 54604
2900.5 0.29508196721311475 2.89620109080289 -145.00379890919712 58010
2992.5 0.29508196721311475 2.7117732629087357 -145.18822673709127 59850
3194.5 0.3114754098360656 1.6058209995025834 -146.29417900049742 63890
4585.3 0.32786885245901637 1.5187333273864567 -146.38126667261355 91706
9684.9 0.32786885245901637 1.387161780007375 -146.51283821999263 193698
9813.0 0.32786885245901637 1.2317463212454811 -146.66825367875452 196260
