6.85 0.19672131147540983 41.6551809922574 2.2251809922573997 137
14.25 0.21311475409836064 33.831859498037915 -5.598140501962085 285
28.1 0.21311475409836064 31.033014221249577 -8.396985778750423 562
36.7 0.22950819672131148 17.257204082799248 -22.17279591720075 734
91.6 0.22950819672131148 16.433436476313116 -22.996563523686884 1832
128.2 0.2459016393442623 15.148206684756502 -24.281793315243497 2564
134.3 0.2459016393442623 14.012898022677042 -25.417101977322957 2686
151.65 0.2459016393442623 12.802593927389829 -26.62740607261017 3033
182.15 0.2459016393442623 10.702036167100196 -28.727963832899803 3643
207.35 0.26229508196721313 7.555810304901232 -31.874189695098767 4147
274.45 0.26229508196721313 7.2815167471050515 -32.14848325289495 5489
298.85 0.2786885245901639 5.087555481095791 -34.34244451890421 5977
329.35 0.2786885245901639 4.457179617042868 -34.97282038295713 6587
433.05 0.2786885245901639 4.184825666982071 -35.24517433301793 8661
463.55 0.2786885245901639 4.164292881229223 -35.26570711877078 9271
481.85 0.2786885245901639 4.115616732061767 -35.31438326793823 9637
536.75 0.29508196721311475 3.979606584798063 -35.45039341520194 10735
561.15 0.29508196721311475 3.756258277126733 -35.67374172287327 11223
591.65 0.29508196721311475 3.75577175059086 -35.67422824940914 11833
603.85 0.29508196721311475 3.6292018624752203 -35.80079813752478 12077
611.5 0.29508196721311475 3.527974080702748 -35.90202591929725 12230
623.7 0.29508196721311475 3.2220326161799235 -36.207967383820076 12474
651.0 0.3114754098360656 2.3888128247833933 -37.041187175216606 13020
693.7 0.3114754098360656 2.0848289685251657 -37.345171031474834 13874
699.8 0.3114754098360656 1.9479099707159762 -37.482090029284024 13996
705.9 0.3114754098360656 1.589013166016052 -37.84098683398395 14118
864.5 0.32786885245901637 1.3553557084920627 -38.07464429150794 17290
870.6 0.32786885245901637 1.2955582122958802 -38.13444178770412 17412
931.6 0.32786885245901637 1.1035719283576313 -38.32642807164237 18632
949.9 0.3442622950819672 0.9050085938247818 -38.52499140617522 18998
965.8 0.3442622950819672 0.891028998915516 -38.538971001084484 19316
984.1 0.3442622950819672 0.8004737314352255 -38.629526268564774 19682
1029.95 0.36065573770491804 0.5922598050138106 -38.83774019498619 20599
1086.0 0.36065573770491804 0.5293336115617961 -38.900666388438204 21720
