% fevals/dim | frac | F - F_opt (-147.9) | best fitness | fevals
6.55 0.2459016393442623 11.376094476983809 -136.5239055230162 131
19.65 0.26229508196721313 9.5944718168235 -138.3055281831765 393
39.3 0.26229508196721313 9.282688260102162 -138.61731173989784 786
75.2 0.26229508196721313 6.767247506660311 -141.1327524933397 1504
207.65 0.26229508196721313 6.675819353873976 -141.22418064612603 4153
214.5 0.2786885245901639 6.053930858336514 -141.8460691416635 4290
234.25 0.2786885245901639 5.549348639238872 -142.35065136076113 4685
305.5 0.2786885245901639 5.3570984225503935 -142.5429015774496 6110
357.05 0.2786885245901639 5.301279146137574 -142.59872085386243 7141
408.5 0.2786885245901639 4.746904741205896 -143.1530952587941 8170
504.1 0.2786885245901639 4.5153953045249295 -143.38460469547508 10082
538.05 0.2786885245901639 4.477146790546328 -143.42285320945368 10761
623.25 0.2786885245901639 4.377356908074461 -143.52264309192554 12465
738.35 0.2786885245901639 4.2475420928938945 -143.6524579071061 14767
784.2 0.2786885245901639 4.066705612890246 -143.83329438710976 15684
935.65 0.29508196721311475 3.9158146771454767 -143.98418532285453 18713
950.95 0.29508196721311475 3.858627397173535 -144.04137260282647 19019
1090.65 0.29508196721311475 3.666228115551064 -144.23377188444894 21813
1247.85 0.29508196721311475 2.8469908385597478 -145.05300916144026 24957
1649.25 0.29508196721311475 2.8219369654103446 -145.07806303458966 32985
2113.35 0.29508196721311475 2.692906197317228 -145.20709380268278 42267
2700.15 0.3114754098360656 2.496356171625763 -145.40364382837424 54003
2799.1 0.3114754098360656 2.4004063845997337 -145.49959361540027 55982
4153.25 0.3114754098360656 2.3187079332436156 -145.5812920667564 83065
4536.6 0.3114754098360656 2.227172141554661 -145.67282785844534 90732
6003.05 0.3114754098360656 2.2233397701891704 -145.67666022981084 120061
6656.1 0.3114754098360656 1.9037825732109752 -145.99621742678903 133122
