5.45 0.18032786885245902 78.49610144065102 61.55610144065102 109
7.85 0.19672131147540983 39.924229751052785 22.984229751052784 157
16.55 0.21311475409836064 35.99869610580302 19.05869610580302 331
17.75 0.21311475409836064 34.997498561004555 18.057498561004554 355
36.85 0.21311475409836064 30.282320572519144 13.342320572519142 737
83.35 0.22950819672131148 24.706188286028077 7.7661882860280755 1667
104.0 0.22950819672131148 24.422981427111072 7.482981427111071 2080
106.55 0.22950819672131148 23.614565623350003 6.674565623350002 2131
113.5 0.22950819672131148 23.115834410125558 6.175834410125557 2270
118.5 0.22950819672131148 22.190049719751112 5.250049719751111 2370
121.05 0.22950819672131148 22.186724510796196 5.246724510796195 2421
129.1 0.22950819672131148 20.709306220990282 3.7693062209902806 2582
152.65 0.22950819672131148 20.673436812739737 3.733436812739736 3053
168.0 0.22950819672131148 18.52269459313466 1.5826945931346579 3360
173.95 0.22950819672131148 17.505934709758503 0.5659347097585012 3479
178.4 0.22950819672131148 17.32493838959111 0.3849383895911096 3568
195.65 0.22950819672131148 16.93241072531126 -0.007589274688740488 3913
204.7 0.22950819672131148 16.045244821799244 -0.8947551782007572 4094
245.45 0.2459016393442623 13.777055270708347 -3.162944729291654 4909
266.8 0.2459016393442623 13.681252486906848 -3.2587475130931534 5336
324.1 0.2459016393442623 10.456541484600011 -6.48345851539999 6482
586.4 0.26229508196721313 9.301535828412078 -7.638464171587923 11728
684.8 0.26229508196721313 8.35430311801642 -8.585696881983582 13696
954.8 0.26229508196721313 8.197788037384944 -8.742211962615057 19096
1018.3 0.26229508196721313 8.060908180458416 -8.879091819541586 20366
1021.5 0.26229508196721313 6.9545291993805165 -9.985470800619485 20430
1136.9 0.26229508196721313 6.691480071678889 -10.248519928321112 22738
1253.5 0.26229508196721313 6.6396844584347186 -10.300315541565283 25070
1266.6 0.2786885245901639 5.702822155997961 -11.23717784400204 25332
1629.1 0.2786885245901639 5.695837637571357 -11.244162362428645 32582
1900.5 0.2786885245901639 5.6471183131456755 -11.292881686854326 38010
2395.65 0.2786885245901639 5.243474081099748 -11.696525918900253 47913
2514.05 0.2786885245901639 4.820779425735701 -12.1192205742643 50281
2836.0 0.2786885245901639 4.712337974782113 -12.227662025217889 56720
2957.0 0.2786885245901639 4.536712362356274 -12.403287637643727 59140
4049.35 0.29508196721311475 3.5296781962880104 -13.410321803711991 80987
9041.95 0.29508196721311475 3.4358860725650526 -13.504113927434949 180839
