% fevals/dim | frac | F - F_opt (99.8) | best fitness | fevals
2.55 0.18032786885245902 77.53156832192333 177.33156832192333 51
7.15 0.18032786885245902 73.80237611331872 173.6023761133187 143
17.9 0.18032786885245902 73.64049779518685 173.44049779518684 358
26.6 0.18032786885245902 70.29719009178815 170.09719009178815 532
44.0 0.18032786885245902 68.5263840890167 168.3263840890167 880
46.9 0.19672131147540983 62.690104388394005 162.490104388394 938
112.7 0.19672131147540983 60.67972414076091 160.4797241407609 2254
118.1 0.19672131147540983 59.32559724313906 159.12559724313905 2362
120.95 0.19672131147540983 54.990106529227674 154.79010652922767 2419
134.4 0.19672131147540983 54.27392354217075 154.07392354217075 2688
139.4 0.19672131147540983 53.34170965853464 153.14170965853464 2788
148.75 0.19672131147540983 49.75421570613453 149.55421570613453 2975
160.4 0.21311475409836064 33.01503045141071 132.8150304514107 3208
181.2 0.21311475409836064 30.855073464606633 130.65507346460663 3624
196.15 0.22950819672131148 21.94955319094869 121.74955319094869 3923
297.65 0.22950819672131148 21.03332328915714 120.83332328915714 5953
322.35 0.22950819672131148 20.610844136258308 120.4108441362583 6447
368.7 0.22950819672131148 19.491733766458907 119.2917337664589 7374
380.05 0.22950819672131148 18.740167057096826 118.54016705709682 7601
455.45 0.22950819672131148 17.643892505814065 117.44389250581406 9109
579.85 0.22950819672131148 17.171074846023032 116.97107484602303 11597
606.0 0.22950819672131148 16.201042742897044 116.00104274289704 12120
608.9 0.22950819672131148 16.003024029509945 115.80302402950994 12178
618.4 0.2459016393442623 15.132094345869476 114.93209434586947 12368
645.2 0.2459016393442623 14.894009115959449 114.69400911595945 12904
663.05 0.2459016393442623 12.377037800659082 112.17703780065908 13261
752.95 0.2459016393442623 11.858967815905132 111.65896781590513 15059
779.05 0.2459016393442623 10.421187465908119 110.22118746590812 15581
883.3 0.26229508196721313 9.929694891387939 109.72969489138794 17666
1184.9 0.26229508196721313 9.604409315824071 109.40440931582407 23698
1204.15 0.26229508196721313 9.245205038131232 109.04520503813123 24083
1231.3 0.26229508196721313 8.695307045870436 108.49530704587043 24626
1486.5 0.26229508196721313 8.615936689241508 108.4159366892415 29730
1628.6 0.26229508196721313 8.586689269272611 108.38668926927261 32572
1828.1 0.26229508196721313 8.42343187127129 108.22343187127129 36562
