8.45 0.21311475409836064 32.04065805890584 -7.389341941094159 169
17.45 0.22950819672131148 24.92871451521351 -14.50128548478649 349
20.8 0.22950819672131148 21.831388510741814 -17.598611489258186 416
37.3 0.22950819672131148 18.07522803565457 -21.35477196434543 746
47.4 0.2459016393442623 14.833581087190652 -24.596418912809348 948
65.3 0.2459016393442623 14.073485786082685 -25.356514213917315 1306
105.9 0.2459016393442623 13.843420002808301 -25.5865799971917 2118
114.8 0.2459016393442623 11.49422389101354 -27.93577610898646 2296
119.3 0.2459016393442623 11.100015223573024 -28.329984776426976 2386
124.1 0.2459016393442623 10.035178609560557 -29.394821390439443 2482
128.3 0.26229508196721313 9.57080741375674 -29.85919258624326 2566
142.7 0.26229508196721313 6.982770458937459 -32.44722954106254 2854
206.35 0.26229508196721313 6.559143977516733 -32.87085602248327 4127
215.35 0.2786885245901639 5.833259567897976 -33.596740432102024 4307
233.35 0.2786885245901639 5.448756874768534 -33.981243125231465 4667
237.85 0.2786885245901639 5.362109342751623 -34.06789065724838 4757
264.0 0.29508196721311475 2.7848959733016017 -36.6451040266984 5280
313.5 0.29508196721311475 2.7365695262562397 -36.69343047374376 6270
380.45 0.29508196721311475 2.6662252019547665 -36.76377479804523 7609
394.05 0.3114754098360656 2.502230496558532 -36.92776950344147 7881
408.0 0.3114754098360656 2.463726171695086 -36.966273828304914 8160
421.05 0.3114754098360656 2.097516345246831 -37.33248365475317 8421
447.45 0.3114754098360656 2.0701003452804656 -37.359899654719534 8949
469.95 0.3114754098360656 1.782396315846377 -37.64760368415362 9399
486.35 0.3114754098360656 1.7326253049899023 -37.6973746950101 9727
490.85 0.3114754098360656 1.6022597793878006 -37.8277402206122 9817
499.85 0.32786885245901637 1.3273498611623253 -38.102650138837674 9997
523.2 0.32786885245901637 1.2149328922598315 -38.21506710774017 10464
554.7 0.32786885245901637 1.0286622690912637 -38.401337730908736 11094
583.5 0.3442622950819672 0.9678370529143479 -38.46216294708565 11670
611.35 0.36065573770491804 0.5922598050138106 -38.83774019498619 12227
708.8 0.36065573770491804 0.5879495680103233 -38.842050431989676 14176
737.55 0.36065573770491804 0.5854479631177085 -38.84455203688229 14751
744.8 0.36065573770491804 0.5293336115617961 -38.900666388438204 14896
