2.65 0.19672131147540983 43.46739844954343 4.037398449543431 53
6.95 0.21311475409836064 39.0085228227255 -0.42147717727449674 139
15.1 0.21311475409836064 28.36671499815369 -11.06328500184631 302
38.05 0.21311475409836064 27.546574086501842 -11.883425913498158 761
40.4 0.21311475409836064 25.65574933173095 -13.774250668269051 808
46.3 0.22950819672131148 22.715789276725104 -16.714210723274896 926
61.9 0.22950819672131148 17.917157252475228 -21.512842747524772 1238
74.1 0.22950819672131148 16.479142519114088 -22.95085748088591 1482
105.3 0.2459016393442623 15.538942145034468 -23.89105785496553 2106
118.3 0.2459016393442623 14.810335920236113 -24.619664079763886 2366
139.9 0.2459016393442623 14.700552585433293 -24.729447414566707 2798
150.85 0.2459016393442623 14.499126568234722 -24.930873431765278 3017
156.55 0.2459016393442623 14.004144658827805 -25.425855341172195 3131
158.65 0.2459016393442623 12.7051668353675 -26.7248331646325 3173
169.55 0.2459016393442623 10.595490463645113 -28.834509536354886 3391
215.9 0.2459016393442623 10.520857801612433 -28.909142198387567 4318
221.55 0.26229508196721313 9.820872447426105 -29.609127552573895 4431
229.9 0.26229508196721313 9.768222741579955 -29.661777258420045 4598
245.45 0.26229508196721313 9.058441409880057 -30.371558590119943 4909
259.15 0.26229508196721313 7.898799595652207 -31.531200404347793 5183
271.45 0.26229508196721313 7.400134253006911 -32.02986574699309 5429
302.65 0.26229508196721313 7.087817369694108 -32.34218263030589 6053
335.5 0.26229508196721313 6.567796096787482 -32.86220390321252 6710
350.25 0.2786885245901639 5.433423955716314 -33.996576044283685 7005
378.0 0.2786885245901639 5.303359315729665 -34.126640684270335 7560
391.05 0.2786885245901639 5.279374230691651 -34.15062576930835 7821
440.15 0.2786885245901639 5.134133778711188 -34.29586622128881 8803
448.25 0.2786885245901639 4.867847255067559 -34.56215274493244 8965
454.15 0.2786885245901639 4.741874815966199 -34.6881251840338 9083
458.65 0.2786885245901639 4.590784656601308 -34.83921534339869 9173
477.3 0.2786885245901639 4.025251850890548 -35.40474814910945 9546
481.05 0.29508196721311475 3.0313006581151782 -36.39869934188482 9621
506.15 0.29508196721311475 2.5783982999847836 -36.851601700015216 10123
513.95 0.3114754098360656 2.099563774190578 -37.33043622580942 10279
537.35 0.3114754098360656 1.856300612149532 -37.57369938785047 10747
573.0 0.3114754098360656 1.815293036842121 -37.61470696315788 11460
585.3 0.3114754098360656 1.790681830109989 -37.63931816989001 11706
602.85 0.3114754098360656 1.6931061184365888 -37.73689388156341 12057
612.75 0.3114754098360656 1.6523868342863821 -37.77761316571362 12255
619.5 0.3114754098360656 1.642733086250061 -37.78726691374994 12390
631.65 0.32786885245901637 1.4818877563274668 -37.94811224367253 12633
648.95 0.32786885245901637 1.4748378123141634 -37.955162187685836 12979
657.15 0.32786885245901637 1.3541330709246182 -38.07586692907538 13143
659.0 0.32786885245901637 1.2267195625259575 -38.20328043747404 13180
662.45 0.3442622950819672 0.9483324171521517 -38.48166758284785 13249
700.5 0.3442622950819672 0.719311615441292 -38.71068838455871 14010
713.1 0.36065573770491804 0.5769928639186759 -38.853007136081324 14262
744.9 0.36065573770491804 0.5341639381780396 -38.89583606182196 14898
780.7 0.36065573770491804 0.5293336115617961 -38.900666388438204 15614
