% fevals/dim | frac | F - F_opt (92.94) | best fitness | fevals
3.05 0.09836065573770492 846.1806904044204 939.1206904044204 61
6.1 0.09836065573770492 766.2872539356154 859.2272539356154 122
10.95 0.09836065573770492 665.6731628714281 758.6131628714281 219
19.2 0.11475409836065574 592.3737006951258 685.3137006951258 384
29.15 0.11475409836065574 550.06294012541 643.0029401254101 583
58.35 0.11475409836065574 465.705394456257 558.645394456257 1167
74.65 0.11475409836065574 463.87588819500394 556.8158881950039 1493
125.05 0.11475409836065574 420.8315369215075 513.7715369215075 2501
144.85 0.11475409836065574 413.53419808454584 506.47419808454583 2897
157.25 0.13114754098360656 364.149326890167 457.089326890167 3145
224.15 0.13114754098360656 316.82568664251266 409.76568664251266 4483
260.55 0.13114754098360656 270.05747904452255 362.99747904452255 5211
287.25 0.13114754098360656 257.9613504630538 350.9013504630538 5745
413.8 0.14754098360655737 221.5988547493181 314.5388547493181 8276
456.35 0.14754098360655737 188.54515145406873 281.4851514540687 9127
643.6 0.16393442622950818 155.12146191245924 248.06146191245924 12872
786.0 0.16393442622950818 149.27352941684163 242.21352941684162 15720
928.4 0.16393442622950818 132.92334215254522 225.86334215254521 18568
1347.0 0.16393442622950818 113.4712365285115 206.4112365285115 26940
1447.85 0.18032786885245902 95.89457100541449 188.8345710054145 28957
2223.9 0.18032786885245902 93.91821602822591 186.8582160282259 44478
2308.6 0.18032786885245902 93.53933352595669 186.4793335259567 46172
2397.45 0.18032786885245902 76.92775753226829 169.86775753226829 47949
2604.85 0.19672131147540983 59.04551085630604 151.98551085630604 52097
2994.8 0.19672131147540983 56.86454363864323 149.80454363864322 59896
3682.4 0.19672131147540983 55.55435049420953 148.49435049420953 73648
4279.0 0.19672131147540983 46.88536614107093 139.82536614107093 85580
4759.6 0.21311475409836064 27.4826221876595 120.4226221876595 95192
9796.5 0.22950819672131148 24.09318855340571 117.03318855340571 195930
