% fevals/dim | frac | F - F_opt (273.15) | best fitness | fevals
2.65 0.18032786885245902 86.63097565137667 359.78097565137665 53
17.9 0.18032786885245902 78.46825344150807 351.61825344150805 358
32.7 0.18032786885245902 71.6860908685178 344.8360908685178 654
36.6 0.18032786885245902 65.32483405106154 338.4748340510615 732
53.3 0.18032786885245902 63.96047166602955 337.1104716660295 1066
55.05 0.19672131147540983 54.6057053064639 327.7557053064639 1101
64.2 0.19672131147540983 51.20133011007022 324.3513301100702 1284
70.3 0.19672131147540983 41.78777301423048 314.93777301423046 1406
108.75 0.21311475409836064 38.76377662137713 311.9137766213771 2175
152.5 0.21311475409836064 36.45470947342932 309.6047094734293 3050
168.1 0.21311475409836064 36.421740239725466 309.57174023972544 3362
175.85 0.21311475409836064 35.55147196807212 308.7014719680721 3517
187.15 0.21311475409836064 33.940172681266404 307.0901726812664 3743
197.8 0.21311475409836064 31.671898208329935 304.8218982083299 3956
218.95 0.21311475409836064 30.573288555608826 303.7232885556088 4379
234.4 0.22950819672131148 22.698775900436715 295.8487759004367 4688
332.0 0.22950819672131148 22.63969186014924 295.7896918601492 6640
431.1 0.22950819672131148 20.187812298200356 293.33781229820033 8622
463.15 0.22950819672131148 17.5752464307908 290.7252464307908 9263
521.1 0.22950819672131148 16.95436310538321 290.1043631053832 10422
561.95 0.2459016393442623 14.560197823308613 287.7101978233086 11239
716.2 0.2459016393442623 14.165307043728205 287.3153070437282 14324
756.65 0.2459016393442623 14.011717027905547 287.1617170279055 15133
770.25 0.2459016393442623 11.467133970002578 284.61713397000256 15405
1186.2 0.26229508196721313 9.01521248747025 282.1652124874702 23724
1254.0 0.26229508196721313 8.097087907279501 281.2470879072795 25080
2022.6 0.26229508196721313 7.972140979818562 281.12214097981854 40452
2143.7 0.26229508196721313 7.5676978642812855 280.71769786428126 42874
2856.15 0.26229508196721313 7.530390360877618 280.6803903608776 57123
2892.75 0.26229508196721313 7.3654687485156956 280.5154687485157 57855
2969.7 0.26229508196721313 7.242027339623746 280.3920273396237 59394
3039.8 0.26229508196721313 6.725836562849906 279.8758365628499 60796
3052.45 0.2786885245901639 6.012621750166261 279.16262175016624 61049
3116.5 0.2786885245901639 5.751093651336703 278.9010936513367 62330
3349.55 0.2786885245901639 5.670300174245824 278.8203001742458 66991
3926.0 0.2786885245901639 5.542427593225852 278.69242759322583 78520
4621.1 0.2786885245901639 4.6150094291341475 277.7650094291341 92422
6865.3 0.29508196721311475 3.4746337986571803 276.62463379865716 137306
7374.65 0.29508196721311475 3.0716810039311895 276.22168100393117 147493
