% fevals/dim | frac | F - F_opt (-147.9) | best fitness | fevals
1.75 0.2459016393442623 13.526045764389693 -134.3739542356103 35
4.05 0.26229508196721313 9.074922201876348 -138.82507779812366 81
57.9 0.26229508196721313 7.387543563267684 -140.51245643673232 1158
147.5 0.26229508196721313 7.347527577565387 -140.55247242243462 2950
199.5 0.26229508196721313 7.272128274529422 -140.62787172547058 3990
221.3 0.26229508196721313 6.315992444213492 -141.5840075557865 4426
261.9 0.2786885245901639 6.064850385910006 -141.83514961409 5238
324.15 0.2786885245901639 4.977864576738142 -142.92213542326186 6483
432.0 0.2786885245901639 4.792534529249991 -143.10746547075001 8640
467.75 0.2786885245901639 4.4199383638120935 -143.4800616361879 9355
587.75 0.29508196721311475 3.83353908176025 -144.06646091823976 11755
716.8 0.29508196721311475 3.791474709203726 -144.10852529079628 14336
830.25 0.29508196721311475 3.4516299031757853 -144.44837009682422 16605
882.15 0.29508196721311475 2.9378685345752444 -144.96213146542476 17643
1098.25 0.29508196721311475 2.9208502702410613 -144.97914972975894 21965
1399.3 0.29508196721311475 2.9016166638033383 -144.99838333619667 27986
1587.2 0.29508196721311475 2.538955285095909 -145.3610447149041 31744
1715.5 0.3114754098360656 2.128378389938746 -145.77162161006126 34310
2282.05 0.3114754098360656 1.7777029232837265 -146.12229707671628 45641
2975.25 0.3114754098360656 1.7122300209277626 -146.18776997907224 59505
3104.05 0.3114754098360656 1.6525006312767516 -146.24749936872325 62081
3484.85 0.3114754098360656 1.600264127037775 -146.29973587296223 69697
3574.15 0.32786885245901637 1.5344484924524693 -146.36555150754754 71483
3767.3 0.32786885245901637 1.5026904053724763 -146.39730959462753 75346
3877.65 0.32786885245901637 1.3548909906785411 -146.54510900932146 77553
4342.6 0.32786885245901637 1.333113129980859 -146.56688687001915 86852
4531.95 0.32786885245901637 1.2425906913496192 -146.6574093086504 90639
4601.2 0.32786885245901637 1.2370032872286458 -146.66299671277136 92024
4959.0 0.32786885245901637 1.1350357119099215 -146.76496428809008 99180
5000.6 0.32786885245901637 1.0314349958453022 -146.8685650041547 100012
5138.4 0.3442622950819672 0.9945676769445981 -146.9054323230554 102768
6183.95 0.3442622950819672 0.9856296447168518 -146.91437035528315 123679
