% fevals/dim | frac | F - F_opt (99.53) | best fitness | fevals
3.15 0.13114754098360656 257.10355597022453 356.6335559702245 63
7.55 0.14754098360655737 217.34989320873476 316.87989320873476 151
14.2 0.14754098360655737 207.1702057038086 306.7002057038086 284
19.15 0.16393442622950818 152.33662124104544 251.86662124104544 383
27.0 0.16393442622950818 149.48710722667278 249.01710722667278 540
29.85 0.16393442622950818 137.69292581200355 237.22292581200355 597
30.9 0.16393442622950818 105.50854071423603 205.03854071423604 618
41.1 0.16393442622950818 100.8370977760558 200.3670977760558 822
46.05 0.18032786885245902 90.73730174049473 190.26730174049473 921
48.2 0.19672131147540983 44.88608583500758 144.41608583500758 964
55.0 0.19672131147540983 42.249434936277225 141.77943493627723 1100
60.15 0.22950819672131148 18.68577175272098 118.21577175272098 1203
