8.8 0.14754098360655737 235.59078808424334 169.20078808424336 176
14.7 0.14754098360655737 202.2252280829125 135.83522808291252 294
16.55 0.14754098360655737 190.5915007482108 124.20150074821079 331
20.55 0.14754098360655737 175.37145464422173 108.98145464422173 411
21.0 0.14754098360655737 164.16197186303307 97.77197186303307 420
24.2 0.16393442622950818 142.54811126344853 76.15811126344853 484
28.3 0.16393442622950818 112.91708347181893 46.527083471818926 566
29.65 0.16393442622950818 112.43048396910983 46.04048396910983 593
34.85 0.18032786885245902 93.27331954913384 26.883319549133844 697
44.15 0.19672131147540983 56.093299057498655 -10.296700942501346 883
54.25 0.19672131147540983 53.94061751207324 -12.449382487926762 1085
56.8 0.19672131147540983 41.67255802173343 -24.71744197826657 1136
59.3 0.21311475409836064 32.969297813796274 -33.42070218620373 1186
65.65 0.21311475409836064 25.411580853509733 -40.97841914649027 1313
74.75 0.22950819672131148 17.037403607724137 -49.35259639227586 1495
78.55 0.2459016393442623 12.686298943178414 -53.703701056821586 1571
87.25 0.26229508196721313 7.0 -59.39 1745
