% fevals/dim | frac | F - F_opt (40.66) | best fitness | fevals
2.6 0.09836065573770492 691.4632500146217 732.1232500146217 52
11.65 0.09836065573770492 653.5021380453024 694.1621380453024 233
15.25 0.11475409836065574 570.4305646339899 611.0905646339899 305
30.25 0.11475409836065574 483.1373206863576 523.7973206863576 605
65.0 0.11475409836065574 425.05967155384155 465.7196715538415 1300
79.15 0.11475409836065574 422.6595894396809 463.31958943968084 1583
95.1 0.13114754098360656 361.8712594243557 402.53125942435565 1902
102.85 0.13114754098360656 353.8532924543813 394.51329245438126 2057
120.3 0.13114754098360656 332.4039378205795 373.06393782057944 2406
141.6 0.13114754098360656 310.6505768591352 351.31057685913515 2832
156.6 0.13114754098360656 309.9827815388743 350.64278153887426 3132
165.3 0.13114754098360656 303.8611719596537 344.52117195965366 3306
181.3 0.13114754098360656 282.55940438713355 323.2194043871335 3626
195.3 0.13114754098360656 277.5862860189661 318.2462860189661 3906
206.85 0.13114754098360656 274.8635091082257 315.52350910822565 4137
232.3 0.14754098360655737 241.58114564076666 282.24114564076666 4646
314.8 0.14754098360655737 226.61145709641752 267.2714570964175 6296
344.6 0.14754098360655737 221.61959855162192 262.2795985516219 6892
373.9 0.14754098360655737 204.2236642972794 244.8836642972794 7478
399.15 0.14754098360655737 203.28988490827857 243.94988490827856 7983
411.4 0.14754098360655737 198.07763253798055 238.73763253798055 8228
471.65 0.14754098360655737 195.5649491781552 236.22494917815519 9433
488.3 0.14754098360655737 189.60348712270087 230.26348712270087 9766
546.65 0.14754098360655737 187.24029770100688 227.90029770100688 10933
554.6 0.14754098360655737 186.7111699046775 227.3711699046775 11092
575.7 0.14754098360655737 184.79904292939477 225.45904292939477 11514
580.3 0.14754098360655737 182.0850937596634 222.7450937596634 11606
585.8 0.14754098360655737 180.57052581012928 221.23052581012928 11716
616.7 0.14754098360655737 175.1306571425784 215.7906571425784 12334
672.05 0.14754098360655737 173.34943584227648 214.00943584227647 13441
694.15 0.14754098360655737 166.76425037135252 207.4242503713525 13883
732.2 0.14754098360655737 165.4423322836873 206.1023322836873 14644
765.2 0.14754098360655737 165.08001811122392 205.74001811122392 15304
794.5 0.14754098360655737 164.5311155521764 205.1911155521764 15890
804.95 0.14754098360655737 164.38041428685 205.04041428685 16099
870.1 0.14754098360655737 164.2451413206529 204.9051413206529 17402
