% fevals/dim | frac | F - F_opt (92.94) | best fitness | fevals
1.5 0.09836065573770492 862.2278577742923 955.1678577742923 30
4.15 0.09836065573770492 648.1924739745496 741.1324739745496 83
8.5 0.11475409836065574 479.8235558708421 572.7635558708421 170
14.5 0.11475409836065574 466.5228560107316 559.4628560107316 290
16.95 0.11475409836065574 447.8960574745865 540.8360574745865 339
20.75 0.13114754098360656 351.76665564615627 444.70665564615626 415
25.9 0.13114754098360656 267.25763915791026 360.19763915791026 518
29.75 0.13114754098360656 251.94318886536428 344.8831888653643 595
38.5 0.14754098360655737 204.34341047669835 297.28341047669835 770
62.0 0.16393442622950818 128.96563272309464 221.90563272309464 1240
105.55 0.18032786885245902 99.81573780073111 192.7557378007311 2111
129.55 0.18032786885245902 94.96316291640039 187.9031629164004 2591
155.8 0.18032786885245902 79.30357791491548 172.24357791491548 3116
158.8 0.18032786885245902 68.0609166722544 161.0009166722544 3176
233.8 0.19672131147540983 56.094299486866305 149.0342994868663 4676
251.8 0.19672131147540983 50.47120169408572 143.41120169408572 5036
263.8 0.19672131147540983 47.003444293821445 139.94344429382144 5276
323.8 0.19672131147540983 45.357997576228854 138.29799757622885 6476
404.55 0.19672131147540983 45.12659003622923 138.06659003622923 8091
421.75 0.21311475409836064 33.70252196676665 126.64252196676665 8435
481.75 0.21311475409836064 33.55008969696755 126.49008969696754 9635
641.85 0.21311475409836064 33.1439188628307 126.0839188628307 12837
667.75 0.21311475409836064 30.926174213343344 123.86617421334334 13355
699.45 0.21311475409836064 28.777906476911085 121.71790647691108 13989
720.0 0.21311475409836064 26.71987321257744 119.65987321257744 14400
744.4 0.22950819672131148 24.355892646511464 117.29589264651146 14888
759.0 0.22950819672131148 22.9696812667906 115.9096812667906 15180
768.45 0.22950819672131148 22.2898609546763 115.2298609546763 15369
778.5 0.22950819672131148 21.456376039577407 114.3963760395774 15570
782.5 0.22950819672131148 21.431536424509233 114.37153642450923 15650
879.4 0.22950819672131148 21.33530740828172 114.27530740828172 17588
894.4 0.22950819672131148 19.721999050156313 112.66199905015631 17888
983.35 0.22950819672131148 19.358505160532445 112.29850516053244 19667
992.35 0.22950819672131148 17.943513731675182 110.88351373167518 19847
1185.55 0.2459016393442623 14.845982532135594 107.78598253213559 23711
1359.45 0.2459016393442623 12.021402159175949 104.96140215917595 27189
1374.45 0.2459016393442623 11.55200451287756 104.49200451287756 27489
1566.75 0.2459016393442623 10.701367815482698 103.6413678154827 31335
1769.5 0.26229508196721313 8.795611538585689 101.73561153858569 35390
1806.4 0.26229508196721313 8.143190776919639 101.08319077691964 36128
4747.45 0.2786885245901639 6.031696738556803 98.9716967385568 94949
