% fevals/dim | frac | F - F_opt (-147.9) | best fitness | fevals
6.55 0.2459016393442623 11.376094476983809 -136.5239055230162 131
7.7 0.2459016393442623 11.104338422318449 -136.79566157768156 154
15.4 0.2459016393442623 10.337777195577985 -137.56222280442202 308
32.45 0.26229508196721313 9.506233269076148 -138.39376673092386 649
42.9 0.26229508196721313 8.42376447025751 -139.4762355297425 858
68.8 0.26229508196721313 8.262988361954626 -139.63701163804538 1376
106.45 0.26229508196721313 8.047489751954629 -139.85251024804538 2129
117.45 0.26229508196721313 7.84554147140085 -140.05445852859916 2349
134.45 0.26229508196721313 7.097911222626379 -140.80208877737363 2689
150.8 0.26229508196721313 6.4632477753008 -141.4367522246992 3016
211.2 0.2786885245901639 5.510888798843979 -142.38911120115603 4224
229.0 0.2786885245901639 4.927350071442561 -142.97264992855744 4580
404.7 0.2786885245901639 4.583373790299731 -143.31662620970027 8094
447.3 0.2786885245901639 4.037402252275399 -143.8625977477246 8946
450.6 0.29508196721311475 3.2910665872022093 -144.6089334127978 9012
648.0 0.29508196721311475 3.186377111417471 -144.71362288858253 12960
662.5 0.29508196721311475 3.0463697013998114 -144.8536302986002 13250
833.8 0.29508196721311475 2.9809365195270914 -144.91906348047291 16676
1209.75 0.29508196721311475 2.87050920236112 -145.02949079763889 24195
1220.0 0.29508196721311475 2.7510378799946977 -145.1489621200053 24400
1262.9 0.3114754098360656 2.271274203469062 -145.62872579653094 25258
1279.1 0.3114754098360656 2.2605710739532867 -145.63942892604672 25582
1395.2 0.32786885245901637 1.5602132935985082 -146.3397867064015 27904
3290.2 0.32786885245901637 1.4588292304729578 -146.44117076952705 65804
3452.45 0.32786885245901637 1.4582562723033732 -146.44174372769663 69049
3511.2 0.32786885245901637 1.437776000255326 -146.46222399974468 70224
3544.1 0.32786885245901637 1.3059829913702572 -146.59401700862975 70882
3821.55 0.3442622950819672 0.9846096261239552 -146.91539037387605 76431
