% fevals/dim | frac | F - F_opt (273.15) | best fitness | fevals
2.65 0.18032786885245902 86.63097565137667 359.78097565137665 53
11.6 0.19672131147540983 55.47862073328156 328.62862073328154 232
29.95 0.19672131147540983 51.11513070888992 324.2651307088899 599
47.35 0.19672131147540983 46.904714317868354 320.05471431786833 947
50.3 0.19672131147540983 43.469671989214305 316.6196719892143 1006
65.85 0.19672131147540983 42.20562295193156 315.35562295193154 1317
74.2 0.21311475409836064 31.145200318533796 304.2952003185338 1484
103.55 0.22950819672131148 20.97983412454795 294.1298341245479 2071
223.45 0.22950819672131148 18.04041728356617 291.19041728356615 4469
275.9 0.22950819672131148 17.73982260929779 290.88982260929777 5518
285.85 0.22950819672131148 16.72939315946752 289.8793931594675 5717
291.15 0.2459016393442623 14.837379449209664 287.98737944920964 5823
308.5 0.2459016393442623 14.359813233762566 287.50981323376254 6170
376.15 0.2459016393442623 11.14459536219772 284.2945953621977 7523
597.3 0.26229508196721313 9.829157686925157 282.97915768692513 11946
677.25 0.26229508196721313 9.707130705577242 282.8571307055772 13545
720.3 0.26229508196721313 9.274438320586285 282.42443832058626 14406
742.75 0.26229508196721313 8.779640932458562 281.92964093245854 14855
837.8 0.26229508196721313 7.965072082599761 281.11507208259974 16756
1098.7 0.26229508196721313 7.899456746628118 281.0494567466281 21974
1113.05 0.26229508196721313 7.237300694956502 280.3873006949565 22261
1591.45 0.26229508196721313 6.763789231027658 279.91378923102764 31829
1883.9 0.26229508196721313 6.542073580725628 279.6920735807256 37678
1947.2 0.2786885245901639 5.690245037438331 278.8402450374383 38944
2522.8 0.2786885245901639 5.55887893415985 278.7088789341598 50456
3018.7 0.2786885245901639 4.549643440758302 277.6996434407583 60374
5064.6 0.2786885245901639 4.322605344681222 277.4726053446812 101292
5390.55 0.2786885245901639 4.247736610021093 277.39773661002107 107811
6160.0 0.29508196721311475 3.4746337986571803 276.62463379865716 123200
7537.6 0.29508196721311475 3.0716810039311895 276.22168100393117 150752
