% fevals/dim | frac | F - F_opt (-147.9) | best fitness | fevals
3.65 0.2459016393442623 12.398141891796143 -135.50185810820386 73
14.35 0.2459016393442623 10.614033754229922 -137.28596624577008 287
18.2 0.2459016393442623 10.5846187896924 -137.3153812103076 364
25.3 0.26229508196721313 9.029447687902632 -138.87055231209737 506
40.9 0.26229508196721313 8.374116343958207 -139.5258836560418 818
58.2 0.26229508196721313 8.212037642510495 -139.6879623574895 1164
69.6 0.26229508196721313 7.889088931849017 -140.010911068151 1392
76.0 0.26229508196721313 7.708152442037772 -140.19184755796223 1520
89.45 0.26229508196721313 7.319693520368389 -140.58030647963162 1789
110.1 0.26229508196721313 6.927753639499969 -140.97224636050004 2202
117.25 0.26229508196721313 6.617947695633035 -141.28205230436697 2345
122.25 0.2786885245901639 5.5665010624062745 -142.33349893759373 2445
178.3 0.2786885245901639 5.1449529613602465 -142.75504703863976 3566
219.4 0.2786885245901639 4.727501483803962 -143.17249851619604 4388
255.8 0.2786885245901639 4.365856195079402 -143.5341438049206 5116
335.25 0.29508196721311475 3.9653664117454355 -143.93463358825457 6705
416.65 0.29508196721311475 3.4643284463098496 -144.43567155369016 8333
420.95 0.29508196721311475 3.2079126524531034 -144.6920873475469 8419
568.55 0.29508196721311475 3.010862266126395 -144.8891377338736 11371
706.95 0.29508196721311475 2.9624752873604905 -144.93752471263952 14139
719.45 0.29508196721311475 2.791341678180572 -145.10865832181943 14389
1402.6 0.29508196721311475 2.7706629260918874 -145.12933707390812 28052
1409.6 0.29508196721311475 2.638130363410653 -145.26186963658935 28192
1441.15 0.29508196721311475 2.5461191682381354 -145.35388083176187 28823
1466.15 0.3114754098360656 2.161476563749659 -145.73852343625035 29323
2245.5 0.3114754098360656 2.1151136311226253 -145.78488636887738 44910
2740.2 0.3114754098360656 2.0515227077662814 -145.84847729223372 54804
3046.3 0.3114754098360656 1.937090242236991 -145.96290975776301 60926
3160.35 0.3114754098360656 1.8859498544069027 -146.0140501455931 63207
3275.35 0.3114754098360656 1.872058320616219 -146.0279416793838 65507
3490.35 0.3114754098360656 1.6942414504042347 -146.20575854959577 69807
3630.35 0.3114754098360656 1.6801334350454908 -146.21986656495451 72607
4035.35 0.3114754098360656 1.6317250732462867 -146.26827492675372 80707
4055.35 0.32786885245901637 1.4243071276783041 -146.4756928723217 81107
4425.4 0.32786885245901637 1.2406020572883278 -146.65939794271168 88508
