% fevals/dim | frac | F - F_opt (92.94) | best fitness | fevals
4.55 0.09836065573770492 836.1169780582529 929.056978058253 91
11.7 0.11475409836065574 537.3460914741465 630.2860914741466 234
20.95 0.11475409836065574 452.8456628823281 545.7856628823281 419
52.4 0.11475409836065574 415.13082424443155 508.07082424443155 1048
61.75 0.13114754098360656 392.0954791864657 485.0354791864657 1235
67.7 0.13114754098360656 342.2909703144566 435.2309703144566 1354
75.5 0.13114754098360656 291.9739462424349 384.9139462424349 1510
88.25 0.14754098360655737 236.63542305958907 329.57542305958907 1765
116.15 0.14754098360655737 169.70207502107849 262.6420750210785 2323
126.35 0.16393442622950818 140.43680852000762 233.37680852000761 2527
151.85 0.16393442622950818 114.16247428406805 207.10247428406805 3037
172.25 0.18032786885245902 67.42710203670038 160.36710203670037 3445
299.75 0.18032786885245902 66.75053094909754 159.69053094909754 5995
518.8 0.18032786885245902 66.45225058277691 159.3922505827769 10376
539.45 0.19672131147540983 60.20815327967341 153.1481532796734 10789
758.5 0.19672131147540983 56.907824190606505 149.8478241906065 15170
763.6 0.19672131147540983 42.52017610947553 135.46017610947553 15272
864.4 0.21311475409836064 36.45236279947176 129.39236279947175 17288
997.0 0.21311475409836064 32.954587087788966 125.89458708778896 19940
1625.65 0.21311475409836064 32.225615116091774 125.16561511609177 32513
1758.7 0.21311475409836064 27.03467179915009 119.97467179915009 35174
1799.05 0.22950819672131148 20.660795589351466 113.60079558935146 35981
2136.1 0.22950819672131148 17.511424534074806 110.4514245340748 42722
2161.15 0.22950819672131148 17.042952212781017 109.98295221278102 43223
2288.65 0.2459016393442623 14.921619130722604 107.8616191307226 45773
2314.15 0.26229508196721313 9.926575908395947 102.86657590839594 46283
3023.05 0.26229508196721313 9.292610228078473 102.23261022807847 60461
