% fevals/dim | frac | F - F_opt (-147.9) | best fitness | fevals
3.65 0.2459016393442623 12.398141891796143 -135.50185810820386 73
7.75 0.26229508196721313 9.835190897751858 -138.06480910224815 155
11.7 0.26229508196721313 9.832815169594511 -138.0671848304055 234
25.0 0.26229508196721313 9.3964023379271 -138.5035976620729 500
59.5 0.26229508196721313 8.318142723663016 -139.581857276337 1190
65.6 0.26229508196721313 7.332070759934851 -140.56792924006515 1312
78.75 0.26229508196721313 6.996658673148403 -140.9033413268516 1575
79.6 0.26229508196721313 6.870843162605098 -141.0291568373949 1592
105.25 0.2786885245901639 5.879399739302244 -142.02060026069776 2105
120.8 0.2786885245901639 5.800240717893843 -142.09975928210616 2416
138.3 0.2786885245901639 5.693988203602061 -142.20601179639795 2766
170.85 0.2786885245901639 5.540336862288626 -142.35966313771138 3417
177.7 0.2786885245901639 5.324091545988608 -142.5759084540114 3554
182.35 0.2786885245901639 4.300904844067389 -143.59909515593262 3647
219.55 0.2786885245901639 4.102055427242107 -143.7979445727579 4391
321.9 0.29508196721311475 3.8781558025678464 -144.02184419743216 6438
349.1 0.29508196721311475 3.7484190053959026 -144.1515809946041 6982
427.7 0.29508196721311475 3.6566156884893815 -144.24338431151062 8554
433.5 0.29508196721311475 3.4866851751900185 -144.41331482481 8670
458.3 0.29508196721311475 3.3311560446210535 -144.56884395537895 9166
464.9 0.29508196721311475 3.108588656317096 -144.7914113436829 9298
478.45 0.29508196721311475 3.0273097363313752 -144.87269026366863 9569
515.5 0.29508196721311475 2.536346199383246 -145.36365380061676 10310
656.65 0.29508196721311475 2.517553707651359 -145.38244629234865 13133
665.25 0.3114754098360656 2.255737114864644 -145.64426288513536 13305
997.3 0.3114754098360656 2.0470932533537223 -145.85290674664628 19946
1095.2 0.3114754098360656 1.989003542275043 -145.91099645772496 21904
1140.4 0.3114754098360656 1.9241228751530457 -145.97587712484696 22808
1191.35 0.32786885245901637 1.543702733223114 -146.3562972667769 23827
1341.4 0.32786885245901637 1.3506122363751558 -146.54938776362485 26828
1611.1 0.32786885245901637 1.2643759868410598 -146.63562401315895 32222
1985.2 0.32786885245901637 1.1055030269228325 -146.79449697307717 39704
2347.9 0.32786885245901637 1.094786342270453 -146.80521365772955 46958
2472.0 0.32786885245901637 1.0620094560775044 -146.8379905439225 49440
2586.45 0.3442622950819672 0.9982554820764733 -146.90174451792353 51729
3019.7 0.3442622950819672 0.9846096261239552 -146.91539037387605 60394
