13.15 0.18032786885245902 70.45382748496098 21.85382748496098 263
19.9 0.18032786885245902 63.23006976597131 14.630069765971307 398
28.4 0.19672131147540983 53.63743484448111 5.037434844481112 568
32.65 0.19672131147540983 47.88958099747897 -0.7104190025210286 653
49.65 0.19672131147540983 42.86089763030021 -5.739102369699793 993
58.15 0.21311475409836064 39.539717895304406 -9.060282104695595 1163
88.55 0.21311475409836064 38.728300065356855 -9.871699934643146 1771
101.8 0.21311475409836064 38.5136274743235 -10.086372525676502 2036
104.9 0.21311475409836064 37.602934495558195 -10.997065504441807 2098
109.15 0.21311475409836064 36.23615265232008 -12.363847347679922 2183
123.3 0.21311475409836064 33.96163141424471 -14.638368585755295 2466
128.4 0.21311475409836064 28.754174456331416 -19.845825543668585 2568
132.35 0.21311475409836064 27.293447626226865 -21.306552373773137 2647
136.05 0.22950819672131148 22.874768963095253 -25.72523103690475 2721
153.9 0.22950819672131148 21.422267358723904 -27.177732641276098 3078
166.65 0.22950819672131148 20.45460458909889 -28.145395410901113 3333
196.4 0.22950819672131148 18.639421234541103 -29.960578765458898 3928
209.15 0.22950819672131148 18.603119178633943 -29.99688082136606 4183
226.15 0.22950819672131148 17.04643145068143 -31.553568549318573 4523
269.45 0.22950819672131148 16.816569329652136 -31.783430670347865 5389
302.65 0.2459016393442623 13.567914043012017 -35.032085956987984 6053
434.4 0.2459016393442623 13.447424613635839 -35.15257538636416 8688
447.15 0.2459016393442623 12.993086812537918 -35.606913187462084 8943
515.15 0.2459016393442623 12.77416504298418 -35.82583495701582 10303
529.65 0.2459016393442623 12.661093075754003 -35.938906924246 10593
532.15 0.2459016393442623 12.416552034933929 -36.18344796506607 10643
581.45 0.2459016393442623 11.477213754307506 -37.122786245692495 11629
832.2 0.26229508196721313 9.621200912297283 -38.97879908770272 16644
1002.2 0.26229508196721313 9.408657530157114 -39.19134246984289 20044
1469.7 0.26229508196721313 9.067000400501925 -39.532999599498076 29394
1537.7 0.26229508196721313 8.839971387761508 -39.76002861223849 30754
1750.2 0.26229508196721313 8.143819060924066 -40.456180939075935 35004
2094.45 0.26229508196721313 7.904226870176316 -40.695773129823685 41889
2549.2 0.26229508196721313 7.724404746079145 -40.87559525392086 50984
6382.7 0.26229508196721313 7.691077545796219 -40.90892245420378 127654
7287.95 0.26229508196721313 7.384896698665173 -41.21510330133483 145759
8703.2 0.26229508196721313 6.677345350947533 -41.92265464905247 174064
9366.2 0.29508196721311475 3.2336882314365525 -45.36631176856345 187324
9442.7 0.3114754098360656 2.088736107278727 -46.511263892721274 188854
9557.45 0.32786885245901637 1.0953507778207907 -47.50464922217921 191149
