% fevals/dim | frac | F - F_opt (-51.91) | best fitness | fevals
2.7 0.0 3465970.09025753 3465918.18025753 54
10.6 0.0 1323016.8020217225 1322964.8920217226 212
16.7 0.0 1091110.237183757 1091058.327183757 334
23.95 0.0 872037.4521039339 871985.5421039339 479
42.1 0.0 852935.0657086959 852883.1557086959 842
49.35 0.0 547076.5938081456 547024.6838081456 987
66.95 0.0 440489.11451865983 440437.20451865986 1339
90.75 0.0 282248.58742889424 282196.67742889427 1815
97.05 0.0 173101.03087738992 173049.1208773899 1941
157.45 0.0 165138.55903219988 165086.64903219987 3149
216.1 0.0 155224.05060079193 155172.14060079193 4322
240.5 0.0 153651.70607666302 153599.796076663 4810
264.35 0.0 144957.34711704246 144905.43711704246 5287
276.15 0.0 142744.53605679818 142692.62605679818 5523
389.45 0.0 96973.55170712322 96921.64170712321 7789
869.2 0.0 94311.91869904651 94260.0086990465 17384
1121.3 0.0 93090.56584047142 93038.65584047142 22426
1424.3 0.0 76562.80639754544 76510.89639754544 28486
1579.4 0.0 62420.594453891004 62368.684453891 31588
1765.05 0.0 57391.0816322727 57339.17163227269 35301
2662.65 0.0 49640.97413211608 49589.06413211608 53253
3956.3 0.0 48625.81062415419 48573.90062415419 79126
4735.6 0.0 46729.55476532289 46677.64476532289 94712
5627.95 0.0 44484.99695745582 44433.08695745582 112559
5878.05 0.0 41790.99114540163 41739.08114540163 117561
7159.65 0.0 41294.70075849387 41242.790758493866 143193
7426.65 0.0 35444.999544054284 35393.08954405428 148533
