% fevals/dim | frac | F - F_opt (273.15) | best fitness | fevals
2.65 0.18032786885245902 86.63097565137667 359.78097565137665 53
11.9 0.18032786885245902 82.86024174917151 356.0102417491715 238
33.1 0.18032786885245902 67.54943159656932 340.6994315965693 662
40.25 0.19672131147540983 62.968757054221385 336.11875705422136 805
48.65 0.19672131147540983 58.28469174819173 331.4346917481917 973
53.85 0.19672131147540983 44.505510609076396 317.6555106090764 1077
90.6 0.19672131147540983 42.241490003131275 315.39149000313125 1812
126.6 0.21311475409836064 37.723702340093325 310.8737023400933 2532
178.35 0.21311475409836064 36.48628535554013 309.6362853555401 3567
184.1 0.21311475409836064 30.743721801019717 303.8937218010197 3682
212.85 0.21311475409836064 28.760060900412327 301.9100609004123 4257
248.7 0.22950819672131148 21.841754317478603 294.9917543174786 4974
292.75 0.22950819672131148 19.53263323441587 292.68263323441585 5855
405.35 0.22950819672131148 17.46822099265728 290.61822099265726 8107
485.85 0.22950819672131148 17.20492221175209 290.35492221175207 9717
509.4 0.22950819672131148 16.899242077534325 290.0492420775343 10188
661.2 0.2459016393442623 14.265919730143082 287.41591973014306 13224
710.1 0.2459016393442623 14.206635333610507 287.3566353336105 14202
717.35 0.2459016393442623 12.548041135916776 285.69804113591675 14347
862.9 0.2459016393442623 11.283447185302464 284.43344718530244 17258
1006.65 0.2459016393442623 10.612383381886275 283.76238338188625 20133
1274.75 0.2459016393442623 10.041037702487301 283.1910377024873 25495
1361.1 0.26229508196721313 9.73773146639769 282.88773146639767 27222
1580.2 0.26229508196721313 9.171651884383152 282.32165188438313 31604
1871.4 0.26229508196721313 8.718424497011199 281.8684244970112 37428
1962.15 0.26229508196721313 8.641436087389991 281.79143608738997 39243
1999.35 0.26229508196721313 7.542129157243551 280.6921291572435 39987
2311.9 0.26229508196721313 7.510036846535684 280.66003684653566 46238
2927.75 0.26229508196721313 6.6344910611619525 279.78449106116193 58555
3141.1 0.2786885245901639 6.076372188831783 279.22637218883176 62822
3370.7 0.2786885245901639 6.010438945073304 279.1604389450733 67414
4427.1 0.2786885245901639 5.365340209721921 278.5153402097219 88542
5839.75 0.2786885245901639 4.923633558689517 278.0736335586895 116795
7059.75 0.2786885245901639 4.73342360923499 277.88342360923497 141195
9970.1 0.29508196721311475 3.836996184791417 276.9869961847914 199402
