% fevals/dim | frac | F - F_opt (40.66) | best fitness | fevals
2.6 0.09836065573770492 691.4632500146217 732.1232500146217 52
10.85 0.11475409836065574 585.8918034598987 626.5518034598987 217
14.8 0.11475409836065574 508.0175386062564 548.6775386062563 296
35.2 0.11475409836065574 491.44050745386164 532.1005074538616 704
38.0 0.11475409836065574 443.13867769929004 483.79867769929 760
43.0 0.11475409836065574 440.2108792936292 480.8708792936292 860
49.0 0.11475409836065574 407.5692092639438 448.22920926394374 980
57.25 0.13114754098360656 373.7578464645153 414.41784646451526 1145
71.0 0.13114754098360656 334.29384010321087 374.95384010321084 1420
96.2 0.13114754098360656 322.1984328931102 362.85843289311015 1924
99.15 0.13114754098360656 313.16520189951416 353.8252018995141 1983
111.35 0.13114754098360656 298.9279029272087 339.5879029272087 2227
114.1 0.13114754098360656 291.50178427259027 332.16178427259024 2282
118.0 0.13114754098360656 262.821408587026 303.48140858702595 2360
126.65 0.13114754098360656 258.4271588132715 299.08715881327146 2533
142.75 0.13114754098360656 255.22905389209504 295.88905389209503 2855
145.5 0.13114754098360656 254.31386045989743 294.9738604598974 2910
151.0 0.14754098360655737 251.03782933683644 291.69782933683643 3020
151.4 0.14754098360655737 241.03362281844076 281.69362281844076 3028
162.4 0.14754098360655737 238.54088350432173 279.2008835043217 3248
181.75 0.14754098360655737 229.3260328188447 269.9860328188447 3635
192.65 0.14754098360655737 228.90416162707012 269.5641616270701 3853
196.45 0.14754098360655737 224.53781369394844 265.19781369394843 3929
204.0 0.14754098360655737 221.25368473602518 261.9136847360252 4080
208.95 0.14754098360655737 204.55761610095504 245.21761610095504 4179
225.7 0.14754098360655737 203.1421574006677 243.8021574006677 4514
233.7 0.14754098360655737 198.61447490685705 239.27447490685705 4674
255.7 0.14754098360655737 195.9746571695915 236.6346571695915 5114
256.25 0.14754098360655737 192.5160802615894 233.1760802615894 5125
267.25 0.14754098360655737 191.46009136575424 232.12009136575423 5345
270.3 0.14754098360655737 190.71148878582162 231.3714887858216 5406
274.2 0.14754098360655737 187.8143297683061 228.4743297683061 5484
275.8 0.14754098360655737 184.55659926959513 225.21659926959512 5516
292.3 0.14754098360655737 182.00657420437375 222.66657420437375 5846
297.8 0.14754098360655737 177.3554099686956 218.0154099686956 5956
305.5 0.14754098360655737 173.9378844781211 214.5978844781211 6110
314.8 0.14754098360655737 171.35626873089944 212.01626873089944 6296
333.4 0.14754098360655737 167.9555122333848 208.6155122333848 6668
341.2 0.14754098360655737 166.88566969327212 207.54566969327212 6824
344.15 0.14754098360655737 164.53229889451057 205.19229889451057 6883
390.5 0.14754098360655737 164.38041428685 205.04041428685 7810
399.35 0.14754098360655737 164.2451413206529 204.9051413206529 7987
