5.6 0.19672131147540983 47.09652064726345 7.666520647263454 112
10.95 0.21311475409836064 34.80834673209794 -4.621653267902062 219
14.55 0.21311475409836064 33.1907205144458 -6.239279485554199 291
21.85 0.21311475409836064 29.31611594361043 -10.113884056389569 437
25.6 0.21311475409836064 27.299081612802993 -12.130918387197006 512
32.9 0.21311475409836064 27.27575296439269 -12.154247035607309 658
43.75 0.22950819672131148 22.377441286498723 -17.052558713501277 875
47.5 0.22950819672131148 20.20994176152906 -19.22005823847094 950
88.35 0.2459016393442623 15.666376450915045 -23.763623549084954 1767
161.6 0.2459016393442623 13.171401652550948 -26.258598347449052 3232
205.4 0.2459016393442623 12.680737401331726 -26.749262598668274 4108
218.2 0.2459016393442623 11.525625003871138 -27.904374996128862 4364
298.5 0.26229508196721313 9.243314441575258 -30.18668555842474 5970
357.7 0.26229508196721313 9.238500094102164 -30.191499905897835 7154
360.55 0.26229508196721313 8.122035962346132 -31.307964037653868 7211
377.15 0.26229508196721313 7.9986997535087845 -31.431300246491215 7543
392.65 0.26229508196721313 6.749175675329717 -32.68082432467028 7853
466.9 0.26229508196721313 6.625653045347839 -32.80434695465216 9338
468.7 0.2786885245901639 5.3791949014064 -34.0508050985936 9374
474.6 0.2786885245901639 4.113144830160294 -35.316855169839705 9492
543.55 0.29508196721311475 3.8512155350015504 -35.57878446499845 10871
565.95 0.29508196721311475 2.8742173000028615 -36.55578269999714 11319
674.7 0.29508196721311475 2.5217259968304617 -36.90827400316954 13494
712.95 0.3114754098360656 2.299466199760758 -37.13053380023924 14259
738.15 0.3114754098360656 2.0892373612689212 -37.34076263873108 14763
784.2 0.3114754098360656 2.0174410089566024 -37.4125589910434 15684
800.35 0.3114754098360656 1.9840239563021598 -37.44597604369784 16007
804.65 0.3114754098360656 1.6059081027570912 -37.82409189724291 16093
808.3 0.32786885245901637 1.3631981901237253 -38.066801809876274 16166
811.95 0.32786885245901637 1.0109626217524266 -38.41903737824757 16239
868.95 0.3442622950819672 0.8361306303115228 -38.59386936968848 17379
925.2 0.3442622950819672 0.6985501380243022 -38.7314498619757 18504
998.65 0.3442622950819672 0.6962510925944656 -38.733748907405534 19973
1002.65 0.36065573770491804 0.5879495680103233 -38.842050431989676 20053
1004.35 0.36065573770491804 0.5341639381780396 -38.89583606182196 20087
1019.4 0.36065573770491804 0.5293336115617961 -38.900666388438204 20388
