% fevals/dim | frac | F - F_opt (-16.94) | best fitness | fevals
3.1 0.21311475409836064 38.49341591679739 21.553415916797388 62
25.0 0.21311475409836064 38.12795457756995 21.18795457756995 500
36.0 0.21311475409836064 34.593989312165824 17.653989312165823 720
62.3 0.21311475409836064 30.28067805232887 13.340678052328869 1246
81.1 0.21311475409836064 26.691122566530332 9.75112256653033 1622
143.0 0.22950819672131148 20.31035930087616 3.37035930087616 2860
369.25 0.22950819672131148 18.983109883307616 2.043109883307615 7385
401.05 0.22950819672131148 16.49515766504112 -0.4448423349588815 8021
573.7 0.2459016393442623 13.881138416972451 -3.05886158302755 11474
759.85 0.2459016393442623 12.715043753873942 -4.224956246126059 15197
936.8 0.2459016393442623 11.625672015877049 -5.3143279841229525 18736
1296.3 0.2459016393442623 10.932894703009044 -6.007105296990957 25926
1562.75 0.26229508196721313 9.609648139957256 -7.330351860042745 31255
1654.2 0.26229508196721313 8.794695455804591 -8.14530454419541 33084
2078.75 0.26229508196721313 7.8538640724124775 -9.086135927587524 41575
2154.5 0.26229508196721313 6.942498795795373 -9.997501204204628 43090
3069.25 0.2786885245901639 5.994004321157949 -10.945995678842053 61385
5787.95 0.2786885245901639 5.652580932385408 -11.287419067614593 115759
6168.25 0.2786885245901639 5.293318418857121 -11.64668158114288 123365
8519.75 0.2786885245901639 5.181282515802263 -11.758717484197739 170395
9443.1 0.2786885245901639 4.492486090441265 -12.447513909558737 188862
