% fevals/dim | frac | F - F_opt (-147.9) | best fitness | fevals
1.75 0.2459016393442623 13.526045764389693 -134.3739542356103 35
3.8 0.2459016393442623 11.579871910571057 -136.32012808942895 76
17.8 0.26229508196721313 9.824625433530457 -138.07537456646955 356
47.1 0.26229508196721313 9.595409256901064 -138.30459074309894 942
51.55 0.26229508196721313 8.69600892316015 -139.20399107683986 1031
61.35 0.26229508196721313 8.607714615640873 -139.29228538435913 1227
64.45 0.26229508196721313 8.076478732917792 -139.8235212670822 1289
81.65 0.26229508196721313 7.9152287481993255 -139.98477125180068 1633
92.85 0.26229508196721313 6.858027282875099 -141.0419727171249 1857
97.35 0.26229508196721313 6.712578114504993 -141.187421885495 1947
124.35 0.2786885245901639 5.691982086540264 -142.20801791345974 2487
163.15 0.2786885245901639 5.079064762183691 -142.82093523781631 3263
222.65 0.2786885245901639 4.95842462629119 -142.94157537370882 4453
364.2 0.2786885245901639 4.781275559827691 -143.11872444017231 7284
383.65 0.2786885245901639 4.530809535863796 -143.3691904641362 7673
428.55 0.2786885245901639 4.44249596164596 -143.45750403835405 8571
460.05 0.2786885245901639 4.4366017995783125 -143.4633982004217 9201
478.15 0.2786885245901639 4.066340950765294 -143.8336590492347 9563
583.5 0.29508196721311475 3.3438439296529907 -144.55615607034701 11670
730.85 0.29508196721311475 2.9110844187054 -144.9889155812946 14617
1159.2 0.29508196721311475 2.812504856516142 -145.08749514348386 23184
1440.8 0.3114754098360656 2.278355119659494 -145.6216448803405 28816
1940.65 0.3114754098360656 1.9346266611603369 -145.96537333883967 38813
2228.1 0.3114754098360656 1.8765647299520651 -146.02343527004794 44562
2392.6 0.3114754098360656 1.8063158798885581 -146.09368412011145 47852
2560.6 0.3114754098360656 1.7976622557844166 -146.1023377442156 51212
2588.6 0.3114754098360656 1.762202625202832 -146.13779737479717 51772
2602.6 0.3114754098360656 1.7419454456446033 -146.1580545543554 52052
3125.95 0.3114754098360656 1.707172826256226 -146.19282717374378 62519
3254.15 0.3114754098360656 1.5962051680292575 -146.30379483197075 65083
3314.95 0.32786885245901637 1.4614997650037935 -146.4385002349962 66299
5033.6 0.32786885245901637 1.3341763112669014 -146.5658236887331 100672
5716.15 0.32786885245901637 1.3117050767671117 -146.5882949232329 114323
5849.1 0.32786885245901637 1.1107897030786091 -146.7892102969214 116982
5950.6 0.32786885245901637 1.0267867724411417 -146.87321322755886 119012
7793.45 0.32786885245901637 1.014871824691653 -146.88512817530835 155869
7991.35 0.32786885245901637 1.0147243609674206 -146.88527563903259 159827
9279.75 0.3442622950819672 0.9856296447168518 -146.91437035528315 185595
