% fevals/dim | frac | F - F_opt (40.66) | best fitness | fevals
2.6 0.09836065573770492 691.4632500146217 732.1232500146217 52
5.9 0.09836065573770492 663.6160104900846 704.2760104900846 118
9.55 0.09836065573770492 661.3097200882613 701.9697200882613 191
15.8 0.11475409836065574 616.4522320764072 657.1122320764072 316
20.9 0.11475409836065574 570.8770918829741 611.5370918829741 418
24.2 0.11475409836065574 547.5440177656262 588.2040177656262 484
29.0 0.11475409836065574 546.0890860117266 586.7490860117266 580
32.3 0.11475409836065574 536.2431062966557 576.9031062966557 646
35.35 0.11475409836065574 520.1320798566907 560.7920798566906 707
38.45 0.11475409836065574 411.99994980346025 452.6599498034602 769
71.65 0.13114754098360656 388.88857004982094 429.5485700498209 1433
86.45 0.13114754098360656 357.49343462219963 398.1534346221996 1729
91.7 0.13114754098360656 354.0018547707957 394.6618547707957 1834
96.35 0.13114754098360656 336.91805806866296 377.5780580686629 1927
109.55 0.13114754098360656 325.09785839551864 365.7578583955186 2191
125.1 0.13114754098360656 299.3992558752303 340.0592558752303 2502
145.05 0.13114754098360656 281.1603745024869 321.82037450248686 2901
151.65 0.13114754098360656 271.40165752322594 312.0616575232259 3033
160.5 0.13114754098360656 265.55893640775787 306.21893640775784 3210
174.75 0.14754098360655737 242.9231023853209 283.5831023853209 3495
201.6 0.14754098360655737 239.5022027097709 280.1622027097709 4032
207.6 0.14754098360655737 236.47901884795053 277.1390188479505 4152
211.5 0.14754098360655737 228.02669825958972 268.6866982595897 4230
228.0 0.14754098360655737 226.74877316152524 267.40877316152523 4560
234.0 0.14754098360655737 222.56397996473535 263.22397996473535 4680
243.9 0.14754098360655737 202.71849358212117 243.37849358212117 4878
247.2 0.14754098360655737 199.97827242615745 240.63827242615744 4944
255.6 0.14754098360655737 198.95817908532246 239.61817908532245 5112
278.7 0.14754098360655737 189.9959915482721 230.65599154827208 5574
320.0 0.14754098360655737 184.8107327763633 225.4707327763633 6400
336.5 0.14754098360655737 182.0514659833712 222.7114659833712 6730
363.05 0.14754098360655737 174.06446797702029 214.72446797702028 7261
379.55 0.14754098360655737 173.62660913783617 214.28660913783617 7591
384.45 0.14754098360655737 170.24285101349386 210.90285101349386 7689
431.35 0.14754098360655737 167.82453510242274 208.48453510242274 8627
436.65 0.14754098360655737 164.66757186070768 205.32757186070768 8733
471.3 0.14754098360655737 164.5311155521764 205.1911155521764 9426
486.15 0.14754098360655737 164.38041428685 205.04041428685 9723
517.6 0.14754098360655737 164.2451413206529 204.9051413206529 10352
