5.7 0.0 14567.483503709449 14421.903503709449 114
32.4 0.03278688524590164 5564.716248689993 5419.136248689993 648
37.4 0.04918032786885246 2645.7435348527647 2500.1635348527648 748
92.4 0.08196721311475409 1165.112212970259 1019.5322129702589 1848
113.05 0.09836065573770492 849.4654045368815 703.8854045368814 2261
117.05 0.09836065573770492 702.5984173475193 557.0184173475193 2341
129.0 0.09836065573770492 643.9589914301259 498.3789914301259 2580
134.05 0.13114754098360656 376.2876560843807 230.70765608438072 2681
139.05 0.13114754098360656 268.8769139423797 123.29691394237969 2781
144.05 0.22950819672131148 22.843172909153225 -122.73682709084679 2881
174.05 0.22950819672131148 22.33412348890866 -123.24587651109135 3481
181.85 0.2459016393442623 11.993965732171034 -133.58603426782898 3637
200.7 0.26229508196721313 6.773165947141422 -138.8068340528586 4014
221.75 0.2786885245901639 3.9925718396922036 -141.5874281603078 4435
237.7 0.29508196721311475 3.887835869426823 -141.6921641305732 4754
246.0 0.29508196721311475 3.834027411040381 -141.74597258895963 4920
277.7 0.29508196721311475 3.7399075784247486 -141.84009242157526 5554
299.05 0.29508196721311475 3.509461890006179 -142.07053810999383 5981
326.85 0.29508196721311475 3.225643441774622 -142.3543565582254 6537
384.05 0.29508196721311475 3.1711711746686433 -142.40882882533137 7681
404.05 0.29508196721311475 3.091798242984396 -142.48820175701562 8081
483.1 0.29508196721311475 2.9083770802415643 -142.67162291975845 9662
510.4 0.29508196721311475 2.847247335754247 -142.73275266424577 10208
523.1 0.29508196721311475 2.710698015287477 -142.86930198471254 10462
563.95 0.29508196721311475 2.6018192989815816 -142.97818070101843 11279
583.1 0.29508196721311475 2.5891328497173447 -142.99086715028267 11662
616.1 0.29508196721311475 2.5846980873656378 -142.99530191263437 12322
642.25 0.29508196721311475 2.5794347704671168 -143.0005652295329 12845
691.8 0.29508196721311475 2.561948130858383 -143.01805186914163 13836
701.45 0.3114754098360656 2.4999668920885654 -143.08003310791145 14029
718.1 0.3114754098360656 2.4160109335514335 -143.16398906644858 14362
783.15 0.3114754098360656 2.2951933783681966 -143.28480662163182 15663
900.4 0.3114754098360656 2.1952952255091702 -143.38470477449084 18008
941.8 0.3114754098360656 2.1350637516945596 -143.44493624830545 18836
