% fevals/dim | frac | F - F_opt (273.15) | best fitness | fevals
2.65 0.18032786885245902 86.63097565137667 359.78097565137665 53
20.95 0.18032786885245902 67.38570106683221 340.5357010668322 419
40.0 0.19672131147540983 45.35976934398184 318.5097693439818 800
66.2 0.19672131147540983 42.19599070640493 315.3459907064049 1324
78.2 0.21311475409836064 38.60150426532374 311.7515042653237 1564
88.1 0.21311475409836064 29.873139020574 303.023139020574 1762
106.2 0.21311475409836064 29.585559352142923 302.7355593521429 2124
130.05 0.21311475409836064 29.26291302445344 302.4129130244534 2601
165.55 0.22950819672131148 23.788997055040454 296.93899705504043 3311
228.9 0.22950819672131148 18.81546614679911 291.9654661467991 4578
260.45 0.22950819672131148 17.768575003959256 290.91857500395923 5209
374.1 0.22950819672131148 17.72374484467491 290.8737448446749 7482
385.0 0.22950819672131148 16.511588201835593 289.66158820183557 7700
420.0 0.22950819672131148 16.46461527644874 289.6146152764487 8400
512.7 0.22950819672131148 16.390801837447043 289.540801837447 10254
526.8 0.2459016393442623 15.830685629044694 288.9806856290447 10536
575.0 0.2459016393442623 11.918915881314376 285.06891588131435 11500
798.7 0.2459016393442623 10.817980653901941 283.9679806539019 15974
962.7 0.2459016393442623 10.671620297858396 283.8216202978584 19254
1042.25 0.2459016393442623 10.631438098892204 283.7814380988922 20845
1145.9 0.2459016393442623 10.4555048457907 283.6055048457907 22918
1155.9 0.2459016393442623 10.165659071672223 283.3156590716722 23118
1195.8 0.26229508196721313 8.154027128357143 281.3040271283571 23916
1325.9 0.26229508196721313 6.957258492494759 280.10725849249474 26518
2212.25 0.26229508196721313 6.845178887448753 279.99517888744873 44245
2269.45 0.26229508196721313 6.668659209263865 279.81865920926384 45389
2478.6 0.26229508196721313 6.5771307705826985 279.7271307705827 49572
2573.6 0.2786885245901639 5.833802747539551 278.9838027475395 51472
3582.85 0.2786885245901639 5.588949785951513 278.7389497859515 71657
4040.85 0.2786885245901639 5.552737353643465 278.70273735364344 80817
4566.4 0.2786885245901639 4.600042426166681 277.75004242616666 91328
4654.45 0.2786885245901639 4.583837789021629 277.7338377890216 93089
4792.05 0.2786885245901639 4.304538319664118 277.4545383196641 95841
6988.45 0.29508196721311475 3.0716810039311895 276.22168100393117 139769
