% fevals/dim | frac | F - F_opt (99.53) | best fitness | fevals
4.25 0.14754098360655737 248.17911685582325 347.70911685582325 85
37.95 0.14754098360655737 205.20796477341887 304.73796477341887 759
42.3 0.14754098360655737 200.37503453484712 299.9050345348471 846
64.05 0.14754098360655737 198.8215015706255 298.3515015706255 1281
68.45 0.14754098360655737 177.98675608737912 277.5167560873791 1369
72.8 0.14754098360655737 176.77987250997367 276.3098725099737 1456
85.85 0.14754098360655737 168.1200570374589 267.6500570374589 1717
94.55 0.14754098360655737 165.67207076046245 265.20207076046245 1891
97.3 0.14754098360655737 159.70286197771915 259.23286197771915 1946
104.0 0.16393442622950818 152.83314248960386 252.36314248960386 2080
111.3 0.16393442622950818 151.66386022078711 251.19386022078712 2226
121.05 0.16393442622950818 146.27665689267687 245.80665689267687 2421
123.4 0.16393442622950818 137.33621963250968 236.86621963250968 2468
128.7 0.16393442622950818 128.08899314672723 227.61899314672723 2574
133.05 0.16393442622950818 126.8147181610241 226.3447181610241 2661
137.55 0.16393442622950818 126.26971187811725 225.79971187811725 2751
145.15 0.16393442622950818 123.93622257410735 223.46622257410735 2903
158.2 0.16393442622950818 116.35084219264286 215.88084219264286 3164
178.3 0.16393442622950818 110.15517699621043 209.68517699621043 3566
198.7 0.16393442622950818 104.08192311531636 203.61192311531636 3974
206.45 0.16393442622950818 100.72035807913642 200.25035807913642 4129
227.75 0.18032786885245902 95.64134190701046 195.17134190701046 4555
244.5 0.18032786885245902 94.39138471312887 193.92138471312887 4890
250.2 0.18032786885245902 87.0177786609344 186.5477786609344 5004
263.15 0.18032786885245902 86.78511984985772 186.31511984985772 5263
267.35 0.18032786885245902 81.10188653140804 180.63188653140804 5347
269.75 0.18032786885245902 79.04021589820124 178.57021589820124 5395
274.95 0.18032786885245902 76.55107642924222 176.08107642924222 5499
279.3 0.18032786885245902 71.75627711589263 171.28627711589263 5586
301.05 0.18032786885245902 69.68713903477786 169.21713903477786 6021
305.4 0.18032786885245902 65.8944488440456 165.4244488440456 6108
337.0 0.19672131147540983 61.53229953414561 161.0622995341456 6740
354.4 0.19672131147540983 58.55594809251431 158.08594809251431 7088
367.45 0.19672131147540983 57.55594809251431 157.08594809251431 7349
374.85 0.19672131147540983 57.399065056488325 156.92906505648833 7497
388.75 0.19672131147540983 56.60085979397789 156.1308597939779 7775
396.75 0.19672131147540983 53.55928894374469 153.0892889437447 7935
423.55 0.19672131147540983 52.31952739525849 151.8495273952585 8471
442.4 0.19672131147540983 49.844743891195975 149.37474389119598 8848
451.9 0.19672131147540983 48.79187946265202 148.32187946265202 9038
464.95 0.19672131147540983 47.66304157096735 147.19304157096735 9299
471.4 0.19672131147540983 46.73625244779092 146.26625244779092 9428
478.0 0.19672131147540983 40.24810693836611 139.7781069383661 9560
508.45 0.21311475409836064 33.52847036579854 133.05847036579854 10169
532.25 0.21311475409836064 30.795560664751207 130.3255606647512 10645
551.95 0.21311475409836064 29.969815112929922 129.49981511292992 11039
584.45 0.21311475409836064 29.19543248393117 128.72543248393117 11689
603.25 0.21311475409836064 28.61724041048734 128.14724041048734 12065
607.95 0.21311475409836064 28.470137716466894 128.0001377164669 12159
612.85 0.21311475409836064 26.257090238939128 125.78709023893913 12257
622.15 0.21311475409836064 25.881267741345425 125.41126774134543 12443
639.35 0.22950819672131148 24.400633170581614 123.93063317058161 12787
656.9 0.22950819672131148 22.962549747064443 122.49254974706444 13138
678.5 0.22950819672131148 22.776856431392886 122.30685643139289 13570
679.85 0.22950819672131148 22.335562156522187 121.86556215652219 13597
690.7 0.22950819672131148 21.704873963695064 121.23487396369507 13814
696.25 0.22950819672131148 21.0457602136065 120.5757602136065 13925
710.6 0.22950819672131148 20.711785417333473 120.24178541733347 14212
717.65 0.22950819672131148 19.7077183502781 119.2377183502781 14353
731.5 0.22950819672131148 19.502581445689756 119.03258144568976 14630
739.75 0.22950819672131148 18.916922321921817 118.44692232192182 14795
750.2 0.22950819672131148 18.49721024220024 118.02721024220024 15004
760.45 0.22950819672131148 18.43344336457497 117.96344336457497 15209
782.2 0.22950819672131148 17.43344336457497 116.96344336457497 15644
785.95 0.22950819672131148 16.290072633776077 115.82007263377608 15719
816.4 0.2459016393442623 14.457091922943647 113.98709192294365 16328
876.35 0.2459016393442623 13.687878089736486 113.21787808973649 17527
878.9 0.2459016393442623 12.83331518375492 112.36331518375492 17578
898.1 0.2459016393442623 11.55904019805179 111.08904019805179 17962
