% fevals/dim | frac | F - F_opt (92.94) | best fitness | fevals
3.05 0.09836065573770492 846.1806904044204 939.1206904044204 61
5.0 0.11475409836065574 627.3961116514706 720.3361116514707 100
8.6 0.11475409836065574 415.9149099329806 508.8549099329806 172
20.15 0.13114754098360656 301.79020307715587 394.73020307715586 403
21.7 0.14754098360655737 171.06636762570605 264.00636762570605 434
48.95 0.14754098360655737 160.48044234807958 253.42044234807958 979
51.6 0.16393442622950818 149.16238348265685 242.10238348265685 1032
77.4 0.18032786885245902 96.47382559119274 189.41382559119273 1548
129.1 0.18032786885245902 91.22925911910608 184.16925911910607 2582
130.15 0.18032786885245902 88.44647773325113 181.38647773325113 2603
139.55 0.18032786885245902 80.77872541873293 173.71872541873293 2791
153.95 0.19672131147540983 57.83273092809904 150.77273092809904 3079
202.9 0.19672131147540983 53.88925182628742 146.82925182628742 4058
216.05 0.19672131147540983 53.58726666421455 146.52726666421455 4321
221.95 0.19672131147540983 50.78190464390889 143.72190464390889 4439
224.5 0.19672131147540983 44.84880392053714 137.78880392053713 4490
232.2 0.19672131147540983 40.39835147269537 133.33835147269536 4644
274.05 0.21311475409836064 39.10852839100008 132.04852839100008 5481
336.1 0.21311475409836064 37.27279522030756 130.21279522030756 6722
344.5 0.21311475409836064 35.356363030520015 128.29636303052 6890
351.25 0.21311475409836064 33.70873709230385 126.64873709230385 7025
389.15 0.21311475409836064 28.019903060792004 120.959903060792 7783
394.45 0.21311475409836064 25.168650505046998 118.108650505047 7889
414.35 0.22950819672131148 23.946580253319425 116.88658025331942 8287
482.4 0.22950819672131148 23.731631252340975 116.67163125234097 9648
510.35 0.22950819672131148 22.675285101783743 115.61528510178374 10207
525.6 0.22950819672131148 21.904756290084947 114.84475629008494 10512
542.75 0.22950819672131148 21.399214326808618 114.33921432680862 10855
581.0 0.22950819672131148 19.75952978105157 112.69952978105157 11620
663.8 0.22950819672131148 16.45429164625935 109.39429164625935 13276
679.55 0.22950819672131148 16.268498607704146 109.20849860770414 13591
740.65 0.2459016393442623 14.454782677990309 107.3947826779903 14813
853.45 0.2459016393442623 12.629469062996264 105.56946906299626 17069
1058.65 0.2459016393442623 11.21596751650793 104.15596751650793 21173
1080.25 0.2459016393442623 11.142958357481518 104.08295835748152 21605
1896.6 0.2459016393442623 10.843148525715918 103.78314852571592 37932
2586.9 0.2459016393442623 10.63781708573461 103.57781708573461 51738
2675.65 0.2459016393442623 10.345269247167323 103.28526924716732 53513
2766.9 0.26229508196721313 7.768405661605044 100.70840566160504 55338
3230.05 0.2786885245901639 5.784206456534534 98.72420645653453 64601
