24.5 0.0 16259.450808043413 16113.870808043413 490
37.9 0.0 15503.044442025195 15357.464442025195 758
41.6 0.0 14388.39894570985 14242.81894570985 832
59.6 0.03278688524590164 6299.098514873984 6153.518514873984 1192
100.55 0.04918032786885246 2755.876178880018 2610.296178880018 2011
115.45 0.06557377049180328 2502.0511006164884 2356.4711006164885 2309
135.1 0.11475409836065574 408.5878362102287 263.0078362102287 2702
152.6 0.18032786885245902 85.74156725396116 -59.83843274603885 3052
175.2 0.18032786885245902 85.38788427459184 -60.19211572540817 3504
251.25 0.19672131147540983 53.369780813213396 -92.21021918678662 5025
256.9 0.2786885245901639 4.954629963954517 -140.6253700360455 5138
281.3 0.2786885245901639 4.192436813057327 -141.38756318694269 5626
311.1 0.29508196721311475 3.9627651971192677 -141.61723480288074 6222
320.85 0.29508196721311475 3.4558228454956748 -142.12417715450434 6417
354.15 0.29508196721311475 3.049108625403676 -142.53089137459634 7083
539.95 0.29508196721311475 2.975942658925163 -142.60405734107485 10799
573.95 0.29508196721311475 2.965969769610979 -142.61403023038903 11479
581.6 0.29508196721311475 2.8790764442219654 -142.70092355577805 11632
601.95 0.29508196721311475 2.719112947435889 -142.86088705256412 12039
618.9 0.29508196721311475 2.7076971493767132 -142.8723028506233 12378
692.35 0.29508196721311475 2.5546353112926 -143.0253646887074 13847
808.5 0.29508196721311475 2.5363629363990015 -143.043637063601 16170
850.45 0.3114754098360656 2.447097023356804 -143.1329029766432 17009
975.0 0.3114754098360656 2.4127285438334525 -143.16727145616656 19500
986.2 0.3114754098360656 2.3866747140145605 -143.19332528598545 19724
1031.4 0.3114754098360656 2.3445129105321314 -143.23548708946788 20628
1035.2 0.3114754098360656 2.2728324675645695 -143.30716753243544 20704
1083.4 0.3114754098360656 2.2671126540653574 -143.31288734593466 21668
1128.55 0.3114754098360656 2.1651430553684463 -143.41485694463157 22571
1267.8 0.3114754098360656 2.1350637516945596 -143.44493624830545 25356
