% fevals/dim | frac | F - F_opt (40.66) | best fitness | fevals
2.6 0.09836065573770492 691.4632500146217 732.1232500146217 52
6.0 0.11475409836065574 591.8359637072545 632.4959637072544 120
20.7 0.11475409836065574 585.1142824507778 625.7742824507777 414
26.4 0.11475409836065574 534.348715018516 575.008715018516 528
30.9 0.11475409836065574 511.6380902606554 552.2980902606554 618
44.5 0.11475409836065574 505.04508013287796 545.7050801328779 890
51.3 0.11475409836065574 450.7699285104817 491.42992851048166 1026
70.8 0.11475409836065574 429.99324965805533 470.6532496580553 1416
71.7 0.11475409836065574 423.7314794485087 464.3914794485087 1434
87.8 0.11475409836065574 409.6404352680257 450.3004352680257 1756
94.6 0.13114754098360656 368.37428702965394 409.0342870296539 1892
109.1 0.13114754098360656 332.2195831470707 372.87958314707066 2182
115.9 0.13114754098360656 302.31036723757495 342.9703672375749 2318
143.8 0.13114754098360656 290.08317228032445 330.7431722803244 2876
163.5 0.13114754098360656 265.4650231433742 306.12502314337416 3270
168.45 0.13114754098360656 260.105511348268 300.765511348268 3369
199.05 0.13114754098360656 255.7274231585162 296.3874231585162 3981
200.9 0.13114754098360656 252.26765932713815 292.92765932713814 4018
222.8 0.14754098360655737 249.73974550857335 290.39974550857335 4456
234.9 0.14754098360655737 243.34679161938524 284.00679161938524 4698
243.55 0.14754098360655737 237.15255426965487 277.81255426965487 4871
245.1 0.14754098360655737 236.48077030002852 277.1407703000285 4902
256.0 0.14754098360655737 227.88303675971073 268.54303675971073 5120
268.3 0.14754098360655737 225.57299210972778 266.2329921097278 5366
268.7 0.14754098360655737 221.9880657419773 262.6480657419773 5374
278.9 0.14754098360655737 215.3365360599706 255.9965360599706 5578
297.4 0.14754098360655737 204.1298040395726 244.7898040395726 5948
325.2 0.14754098360655737 196.81591244209255 237.47591244209255 6504
326.5 0.14754098360655737 192.84430911737658 233.50430911737658 6530
338.75 0.14754098360655737 190.54418939809054 231.20418939809053 6775
345.6 0.14754098360655737 187.15985194610607 227.81985194610607 6912
362.6 0.14754098360655737 183.1588571158679 223.8188571158679 7252
376.2 0.14754098360655737 183.02358414967082 223.68358414967082 7524
382.15 0.14754098360655737 178.38511145902874 219.04511145902873 7643
397.65 0.14754098360655737 177.29940992499743 217.95940992499743 7953
411.25 0.14754098360655737 177.01225235113975 217.67225235113975 8225
416.15 0.14754098360655737 176.19829797408184 216.85829797408184 8323
420.35 0.14754098360655737 168.6935573642922 209.3535573642922 8407
450.95 0.14754098360655737 167.1750633561017 207.8350633561017 9019
471.35 0.14754098360655737 165.36599234274746 206.02599234274746 9427
484.95 0.14754098360655737 165.21529107742106 205.87529107742105 9699
497.9 0.14754098360655737 164.2451413206529 204.9051413206529 9958
