% fevals/dim | frac | F - F_opt (-223.12) | best fitness | fevals
2.1 0.2786885245901639 5.768503703812456 -217.35149629618755 42
11.15 0.2786885245901639 4.467035081629433 -218.65296491837057 223
98.1 0.2786885245901639 4.398595515639613 -218.7214044843604 1962
144.95 0.29508196721311475 3.5873184407919325 -219.53268155920807 2899
293.55 0.29508196721311475 3.0587814661330697 -220.06121853386693 5871
339.8 0.29508196721311475 3.0584558113057483 -220.06154418869426 6796
811.7 0.29508196721311475 2.7838111438356066 -220.3361888561644 16234
1099.35 0.3114754098360656 2.1398819550115036 -220.9801180449885 21987
2221.7 0.3114754098360656 2.0382520270919144 -221.0817479729081 44434
