% fevals/dim | frac | F - F_opt (99.8) | best fitness | fevals
2.55 0.18032786885245902 77.53156832192333 177.33156832192333 51
14.95 0.18032786885245902 76.34010335044333 176.14010335044333 299
20.55 0.18032786885245902 75.16031129789401 174.960311297894 411
25.45 0.18032786885245902 71.35648244232583 171.15648244232582 509
56.45 0.18032786885245902 70.39693399517866 170.19693399517865 1129
68.2 0.18032786885245902 69.39653741562744 169.19653741562743 1364
78.7 0.18032786885245902 65.44632310563675 165.24632310563675 1574
96.35 0.18032786885245902 65.03710217742197 164.83710217742197 1927
100.95 0.18032786885245902 64.46374526987283 164.26374526987283 2019
106.2 0.19672131147540983 61.60088575867282 161.4008857586728 2124
117.35 0.19672131147540983 58.5411862194474 158.3411862194474 2347
128.8 0.19672131147540983 51.618737851686305 151.4187378516863 2576
155.5 0.21311475409836064 29.807533540035948 129.60753354003594 3110
187.0 0.22950819672131148 24.34770039911605 124.14770039911605 3740
192.25 0.22950819672131148 23.401130551892322 123.20113055189232 3845
252.2 0.22950819672131148 20.060335478307863 119.86033547830786 5044
273.2 0.22950819672131148 18.60240427220866 118.40240427220866 5464
285.15 0.22950819672131148 18.02781967952984 117.82781967952984 5703
348.15 0.22950819672131148 17.17875067174741 116.9787506717474 6963
362.5 0.22950819672131148 16.809231732033382 116.60923173203338 7250
425.5 0.2459016393442623 15.520186243926787 115.32018624392678 8510
433.65 0.2459016393442623 13.318847804827726 113.11884780482772 8673
524.1 0.2459016393442623 12.501063732532302 112.3010637325323 10482
527.5 0.2459016393442623 12.052294985257305 111.8522949852573 10550
615.95 0.2459016393442623 11.30822671776852 111.10822671776852 12319
686.5 0.2459016393442623 10.477817099536779 110.27781709953678 13730
710.25 0.26229508196721313 9.272104412346593 109.07210441234659 14205
898.1 0.26229508196721313 9.20445769296407 109.00445769296407 17962
926.5 0.26229508196721313 8.700960561022796 108.5009605610228 18530
989.5 0.26229508196721313 8.505799576798282 108.30579957679828 19790
1492.05 0.26229508196721313 8.485222006437183 108.28522200643718 29841
1611.2 0.26229508196721313 8.438605222368835 108.23860522236883 32224
1631.25 0.26229508196721313 8.42343187127129 108.22343187127129 32625
