% fevals/dim | frac | F - F_opt (-51.91) | best fitness | fevals
2.7 0.0 3465970.09025753 3465918.18025753 54
6.65 0.0 3184233.2498163646 3184181.3398163645 133
19.15 0.0 2973410.480573089 2973358.5705730887 383
21.45 0.0 1860394.5562661677 1860342.6462661678 429
25.1 0.0 1493192.6998958518 1493140.7898958519 502
28.45 0.0 1192445.0905308276 1192393.1805308277 569
34.2 0.0 832755.125822821 832703.215822821 684
41.7 0.0 538464.1966273747 538412.2866273747 834
72.85 0.0 433010.7977511388 432958.8877511388 1457
145.5 0.0 359467.0483789302 359415.1383789302 2910
220.05 0.0 305229.8828288814 305177.9728288814 4401
401.05 0.0 261503.5762958779 261451.6662958779 8021
420.8 0.0 257152.48888472206 257100.57888472205 8416
486.65 0.0 174572.3101498064 174520.4001498064 9733
677.4 0.0 140345.41467792884 140293.50467792884 13548
727.0 0.0 133686.70150242434 133634.79150242434 14540
1407.6 0.0 132545.87290065 132493.96290065 28152
1444.25 0.0 114840.32184470918 114788.41184470918 28885
2748.2 0.0 76691.09511143315 76639.18511143315 54964
3396.1 0.0 75116.62980329456 75064.71980329456 67922
4250.7 0.0 62217.865127626195 62165.95512762619 85014
8442.8 0.0 51267.31647533151 51215.4064753315 168856
