% fevals/dim | frac | F - F_opt (32.7) | best fitness | fevals
5.2 0.21311475409836064 37.875690088925936 70.57569008892594 104
8.45 0.21311475409836064 31.92727716233223 64.62727716233223 169
25.85 0.21311475409836064 28.57050668442382 61.27050668442382 517
42.65 0.21311475409836064 27.00833583053035 59.70833583053035 853
82.75 0.22950819672131148 21.15993594509318 53.859935945093184 1655
95.35 0.22950819672131148 17.472686897851496 50.1726868978515 1907
109.45 0.22950819672131148 16.81471056944511 49.514710569445114 2189
135.6 0.2459016393442623 15.59375121038267 48.29375121038267 2712
165.85 0.2459016393442623 15.0756824837935 47.7756824837935 3317
186.45 0.2459016393442623 12.179527041095355 44.87952704109536 3729
194.7 0.26229508196721313 9.169057329952757 41.86905732995276 3894
227.9 0.26229508196721313 8.919550397586285 41.61955039758629 4558
354.7 0.26229508196721313 8.641275230825599 41.3412752308256 7094
373.05 0.26229508196721313 8.392977320167873 41.092977320167876 7461
404.15 0.26229508196721313 8.180876074060535 40.88087607406054 8083
432.25 0.26229508196721313 6.8971750148971935 39.597175014897196 8645
468.45 0.2786885245901639 5.507677214280292 38.207677214280295 9369
681.8 0.2786885245901639 4.660241716357113 37.360241716357116 13636
688.85 0.2786885245901639 4.624917107189262 37.324917107189265 13777
737.55 0.29508196721311475 3.791610770254266 36.49161077025427 14751
801.0 0.29508196721311475 3.7886736854945795 36.48867368549458 16020
809.05 0.29508196721311475 3.3126314518475795 36.01263145184758 16181
876.9 0.29508196721311475 3.214031524354482 35.914031524354485 17538
892.3 0.29508196721311475 2.6335783191665882 35.33357831916659 17846
970.2 0.29508196721311475 2.5553202716534287 35.25532027165343 19404
1014.3 0.3114754098360656 1.9026076747574052 34.60260767475741 20286
1045.5 0.32786885245901637 1.5235476768129246 34.22354767681293 20910
1137.7 0.32786885245901637 1.19859910581944 33.89859910581944 22754
1145.95 0.3442622950819672 0.9115687269547905 33.61156872695479 22919
1302.0 0.3442622950819672 0.7033757375879404 33.40337573758794 26040
1338.25 0.36065573770491804 0.5609142817784587 33.26091428177846 26765
