% fevals/dim | frac | F - F_opt (99.53) | best fitness | fevals
4.25 0.14754098360655737 248.17911685582325 347.70911685582325 85
12.65 0.14754098360655737 240.07804100395376 339.60804100395376 253
14.6 0.14754098360655737 215.8540879505724 315.3840879505724 292
18.45 0.14754098360655737 188.87117574640897 288.40117574640897 369
24.6 0.14754098360655737 165.86141336558828 265.3914133655883 492
31.6 0.16393442622950818 126.5860715328609 226.1160715328609 632
40.1 0.16393442622950818 118.37569286622889 217.9056928662289 802
44.3 0.18032786885245902 84.58965736735686 184.11965736735687 886
52.8 0.18032786885245902 77.90601270834739 177.4360127083474 1056
58.4 0.18032786885245902 73.42441667541127 172.95441667541127 1168
61.45 0.19672131147540983 57.842157871867215 157.37215787186722 1229
71.95 0.19672131147540983 49.00807953548923 148.53807953548923 1439
80.4 0.2459016393442623 14.31976450844924 113.84976450844924 1608
93.15 0.2459016393442623 13.651687351778989 113.18168735177899 1863
101.65 0.2786885245901639 6.045489522746109 105.57548952274611 2033
123.25 0.29508196721311475 3.359818286283783 102.88981828628378 2465
