% fevals/dim | frac | F - F_opt (-223.12) | best fitness | fevals
2.1 0.2786885245901639 5.768503703812456 -217.35149629618755 42
7.7 0.2786885245901639 4.9444736094023085 -218.1755263905977 154
13.2 0.2786885245901639 4.1067196551605605 -219.01328034483944 264
39.95 0.29508196721311475 3.1065004721567675 -220.01349952784324 799
170.05 0.29508196721311475 2.890129456878242 -220.22987054312176 3401
608.65 0.29508196721311475 2.8540736316157904 -220.2659263683842 12173
675.55 0.29508196721311475 2.8266085532547436 -220.29339144674526 13511
720.6 0.29508196721311475 2.7372382011267007 -220.3827617988733 14412
1027.05 0.29508196721311475 2.672770213130036 -220.44722978686997 20541
1546.6 0.3114754098360656 2.2861344235286936 -220.8338655764713 30932
3658.3 0.3114754098360656 1.844670273023894 -221.2753297269761 73166
