10.2 0.13114754098360656 383.40681954074284 387.22681954074284 204
16.75 0.14754098360655737 225.57627293074657 229.39627293074656 335
41.05 0.14754098360655737 221.09168211720655 224.91168211720654 821
47.6 0.14754098360655737 207.53890280352363 211.35890280352362 952
67.35 0.14754098360655737 193.11308624493262 196.9330862449326 1347
84.55 0.14754098360655737 160.95820790245034 164.77820790245033 1691
106.65 0.16393442622950818 151.88431199939942 155.7043119993994 2133
113.85 0.16393442622950818 127.31469353512611 131.1346935351261 2277
129.35 0.16393442622950818 117.63333772395104 121.45333772395104 2587
145.15 0.16393442622950818 116.83715762567363 120.65715762567362 2903
172.45 0.19672131147540983 59.21435453987496 63.03435453987496 3449
251.05 0.19672131147540983 54.02586648452124 57.84586648452124 5021
313.2 0.19672131147540983 51.517214734632205 55.337214734632205 6264
337.85 0.19672131147540983 51.43653050663457 55.25653050663457 6757
343.35 0.19672131147540983 48.2615308620106 52.0815308620106 6867
354.4 0.21311475409836064 38.7186236230472 42.5386236230472 7088
418.0 0.21311475409836064 31.35443497301101 35.17443497301101 8360
435.25 0.21311475409836064 28.934779832927788 32.75477983292779 8705
490.05 0.21311475409836064 26.391161214973437 30.211161214973437 9801
647.35 0.21311475409836064 26.17574631540777 29.99574631540777 12947
671.05 0.22950819672131148 23.965311541515767 27.785311541515767 13421
841.35 0.22950819672131148 23.71805832439561 27.53805832439561 16827
872.85 0.22950819672131148 23.383932815192804 27.203932815192804 17457
897.85 0.22950819672131148 21.019810706330123 24.839810706330123 17957
1026.8 0.22950819672131148 19.54508037851678 23.36508037851678 20536
1132.2 0.22950819672131148 17.020786877281036 20.840786877281037 22644
1178.05 0.2459016393442623 12.759931885336243 16.579931885336244 23561
2765.1 0.2459016393442623 12.388672599891443 16.208672599891443 55302
3809.95 0.2459016393442623 11.56465502244304 15.38465502244304 76199
4187.95 0.26229508196721313 9.20116781529711 13.02116781529711 83759
