% fevals/dim | frac | F - F_opt (-222.98) | best fitness | fevals
6.9 0.08196721311475409 1382.0772212949732 1159.0972212949732 138
165.8 0.08196721311475409 1280.9681779951193 1057.9881779951193 3316
173.0 0.08196721311475409 1244.8626000376871 1021.8826000376871 3460
188.1 0.08196721311475409 1140.0427537708429 917.0627537708428 3762
234.6 0.08196721311475409 1011.5937865829245 788.6137865829245 4692
295.0 0.09836065573770492 944.3403926598592 721.3603926598591 5900
310.1 0.09836065573770492 913.9707091058596 690.9907091058595 6202
340.3 0.09836065573770492 802.8906186708615 579.9106186708615 6806
417.35 0.09836065573770492 702.1308352691606 479.15083526916055 8347
