% fevals/dim | frac | F - F_opt (-222.98) | best fitness | fevals
2.85 0.06557377049180328 2380.773389371376 2157.793389371376 57
5.8 0.06557377049180328 2192.3113758268723 1969.3313758268723 116
19.6 0.06557377049180328 2080.901247043694 1857.9212470436942 392
35.75 0.08196721311475409 1461.266211389627 1238.286211389627 715
161.7 0.08196721311475409 1428.0577358942328 1205.0777358942328 3234
215.65 0.08196721311475409 1406.5558540678126 1183.5758540678125 4313
265.85 0.08196721311475409 1286.6548201429703 1063.6748201429702 5317
331.6 0.08196721311475409 1261.2275974583988 1038.2475974583988 6632
386.15 0.08196721311475409 1022.916900550222 799.9369005502219 7723
