% fevals/dim | frac | F - F_opt (30.85) | best fitness | fevals
3.3 0.0 125626.90265938539 125657.7526593854 66
11.1 0.0 64522.8628189388 64553.712818938795 222
22.6 0.0 36108.84444142701 36139.69444142701 452
51.75 0.0 22309.71006220535 22340.56006220535 1035
63.45 0.0 17150.656505548184 17181.506505548183 1269
79.7 0.0 14885.228486009535 14916.078486009535 1594
89.65 0.0 14358.515892832589 14389.36589283259 1793
89.9 0.01639344262295082 6528.8871380823975 6559.737138082398 1798
129.75 0.08196721311475409 1356.5875508404165 1387.4375508404164 2595
133.65 0.13114754098360656 395.8817239142167 426.73172391421673 2673
154.25 0.13114754098360656 393.58121541043585 424.43121541043587 3085
156.15 0.13114754098360656 264.79895881638726 295.6489588163873 3123
179.45 0.14754098360655737 202.05169350505574 232.90169350505573 3589
222.35 0.16393442622950818 141.4851372970019 172.3351372970019 4447
257.45 0.16393442622950818 121.12340510397695 151.97340510397694 5149
327.65 0.16393442622950818 115.6675117396797 146.5175117396797 6553
378.35 0.16393442622950818 113.0153867935789 143.8653867935789 7567
462.6 0.16393442622950818 110.77647669380858 141.62647669380857 9252
