% fevals/dim | frac | F - F_opt (-222.98) | best fitness | fevals
2.85 0.06557377049180328 2380.773389371376 2157.793389371376 57
8.6 0.06557377049180328 1888.4792608361045 1665.4992608361044 172
12.6 0.06557377049180328 1743.764944413832 1520.784944413832 252
19.3 0.06557377049180328 1698.6911592880406 1475.7111592880406 386
32.5 0.06557377049180328 1629.4847324345646 1406.5047324345646 650
36.5 0.08196721311475409 1521.8347791459564 1298.8547791459564 730
40.5 0.08196721311475409 1438.4428982295356 1215.4628982295355 810
49.4 0.08196721311475409 1245.929320850041 1022.949320850041 988
59.65 0.08196721311475409 1207.9702298239301 984.9902298239301 1193
74.45 0.08196721311475409 1136.3545861586592 913.3745861586592 1489
75.65 0.08196721311475409 1135.103268373157 912.1232683731571 1513
89.8 0.08196721311475409 1109.9015328917003 886.9215328917003 1796
102.15 0.08196721311475409 1098.6530548797787 875.6730548797786 2043
109.0 0.08196721311475409 1008.3714674046363 785.3914674046363 2180
112.1 0.09836065573770492 960.1635238563164 737.1835238563164 2242
118.65 0.09836065573770492 835.3162277517145 612.3362277517144 2373
120.35 0.09836065573770492 802.1899833310341 579.2099833310341 2407
138.5 0.09836065573770492 738.8038763696786 515.8238763696786 2770
191.15 0.09836065573770492 733.4970569076363 510.5170569076363 3823
194.35 0.09836065573770492 682.4041080225097 459.4241080225097 3887
214.85 0.09836065573770492 636.2680948118166 413.28809481181656 4297
227.45 0.11475409836065574 594.7646800193401 371.78468001934004 4549
269.0 0.11475409836065574 557.7629673427131 334.78296734271305 5380
288.45 0.11475409836065574 522.4253390849832 299.4453390849832 5769
331.6 0.11475409836065574 510.18040691702015 287.20040691702013 6632
358.35 0.11475409836065574 508.3574610261297 285.3774610261297 7167
382.55 0.11475409836065574 504.48509418768924 281.5050941876892 7651
385.3 0.11475409836065574 490.99157460890524 268.0115746089052 7706
390.0 0.11475409836065574 475.6450374256028 252.66503742560283 7800
392.65 0.11475409836065574 406.2832080068844 183.30320800688443 7853
465.45 0.11475409836065574 403.62344182827326 180.64344182827327 9309
