8.25 0.0 157169.5298830514 157200.3798830514 165
11.55 0.0 127272.56360295737 127303.41360295737 231
14.45 0.0 89775.7223036456 89806.5723036456 289
19.95 0.0 65498.64481027488 65529.494810274875 399
20.75 0.0 46090.41690335844 46121.26690335844 415
30.15 0.0 19961.308189811814 19992.158189811813 603
34.15 0.0 17243.18411505969 17274.034115059687 683
44.65 0.08196721311475409 1127.7116590487265 1158.5616590487264 893
58.2 0.08196721311475409 1063.528024533755 1094.3780245337548 1164
77.8 0.08196721311475409 1036.7182324706894 1067.5682324706893 1556
79.05 0.14754098360655737 205.63081095521096 236.48081095521096 1581
102.1 0.14754098360655737 197.57092420604678 228.42092420604678 2042
112.3 0.16393442622950818 153.19686521273402 184.04686521273402 2246
118.9 0.16393442622950818 121.15611812842235 152.00611812842234 2378
138.45 0.16393442622950818 116.32405798576147 147.17405798576146 2769
161.9 0.16393442622950818 109.94323761610823 140.79323761610823 3238
173.5 0.16393442622950818 109.6479813844519 140.4979813844519 3470
182.2 0.16393442622950818 108.7279787499456 139.5779787499456 3644
198.5 0.16393442622950818 107.84186328678561 138.6918632867856 3970
234.65 0.16393442622950818 106.9407123035005 137.7907123035005 4693
241.6 0.18032786885245902 99.64811578105787 130.49811578105786 4832
253.65 0.18032786885245902 99.61534524589487 130.46534524589487 5073
275.75 0.18032786885245902 87.10513462262728 117.95513462262727 5515
305.4 0.18032786885245902 86.5176459717832 117.36764597178319 6108
311.6 0.18032786885245902 84.72256406198701 115.57256406198701 6232
327.5 0.18032786885245902 77.90473536415732 108.75473536415731 6550
333.3 0.18032786885245902 77.11201433383471 107.9620143338347 6666
339.1 0.18032786885245902 71.50135668409249 102.35135668409248 6782
396.7 0.18032786885245902 65.98385173584725 96.83385173584725 7934
404.75 0.18032786885245902 63.976249832830995 94.826249832831 8095
407.65 0.19672131147540983 54.25409582778837 85.10409582778837 8153
485.95 0.19672131147540983 52.353715017457226 83.20371501745723 9719
