% fevals/dim | frac | F - F_opt (273.15) | best fitness | fevals
2.35 0.18032786885245902 71.77980285308587 344.92980285308585 47
41.35 0.21311475409836064 38.972494554889465 312.12249455488944 827
109.3 0.21311475409836064 37.4839336314343 310.6339336314343 2186
112.6 0.21311475409836064 35.02157718387713 308.1715771838771 2252
113.95 0.21311475409836064 32.292214313272325 305.4422143132723 2279
128.5 0.21311475409836064 30.392883824988928 303.5428838249889 2570
167.35 0.21311475409836064 28.287490877195523 301.4374908771955 3347
169.6 0.21311475409836064 25.99561343160542 299.1456134316054 3392
183.95 0.21311475409836064 25.618901270644642 298.7689012706446 3679
195.75 0.22950819672131148 20.958897610511997 294.108897610512 3915
228.1 0.22950819672131148 19.642835088417655 292.79283508841763 4562
262.5 0.22950819672131148 17.664349150993814 290.8143491509938 5250
283.9 0.2459016393442623 13.857435707351044 287.007435707351 5678
335.15 0.2459016393442623 13.499224929609852 286.64922492960983 6703
363.25 0.2459016393442623 13.354174512390216 286.5041745123902 7265
395.7 0.2459016393442623 13.300593619458482 286.45059361945846 7914
398.6 0.2459016393442623 13.103452486867297 286.2534524868673 7972
419.4 0.2459016393442623 10.69638679217229 283.84638679217227 8388
459.85 0.2459016393442623 10.358344308092796 283.5083443080928 9197
