% fevals/dim | frac | F - F_opt (77.89) | best fitness | fevals
3.0 0.0 183884736.1733244 183884814.0633244 60
10.1 0.0 170084089.84949672 170084167.7394967 202
15.2 0.0 104176548.97522664 104176626.86522664 304
20.45 0.0 70927991.60006954 70928069.49006954 409
30.8 0.0 59844643.15532801 59844721.04532801 616
36.4 0.0 50990146.94739221 50990224.83739221 728
38.2 0.0 40982864.78038667 40982942.67038667 764
45.0 0.0 23707609.485058147 23707687.375058148 900
82.5 0.0 22502169.764590397 22502247.654590398 1650
90.1 0.0 17860176.5545461 17860254.4445461 1802
108.6 0.0 16888954.59105752 16889032.48105752 2172
113.8 0.0 13913881.760735659 13913959.65073566 2276
115.25 0.0 11629711.109391399 11629788.9993914 2305
120.4 0.0 10715196.104310442 10715273.994310442 2408
134.9 0.0 9322159.004158247 9322236.894158248 2698
146.3 0.0 8933975.64521305 8934053.535213051 2926
156.15 0.0 8233440.279084903 8233518.169084903 3123
159.35 0.0 5334100.436740461 5334178.3267404605 3187
230.1 0.0 4118870.3363611624 4118948.2263611625 4602
253.95 0.0 4058686.6755890823 4058764.5655890824 5079
268.75 0.0 3996256.205112616 3996334.095112616 5375
272.45 0.0 3391711.737304788 3391789.627304788 5449
278.4 0.0 3074011.314581161 3074089.204581161 5568
305.5 0.0 2986430.2889026613 2986508.1789026614 6110
354.45 0.0 2862934.266643299 2863012.156643299 7089
382.05 0.0 2712603.976753338 2712681.866753338 7641
448.3 0.0 2578299.64850091 2578377.53850091 8966
