18.85 0.0 11561.893764740214 11416.313764740215 377
26.2 0.0 11003.76374607253 10858.18374607253 524
31.2 0.0 10974.70317434575 10829.12317434575 624
34.35 0.01639344262295082 9797.579479423715 9651.999479423715 687
40.65 0.01639344262295082 8828.009747170005 8682.429747170005 813
42.9 0.03278688524590164 4515.808185942666 4370.228185942666 858
50.35 0.03278688524590164 4235.739032788265 4090.159032788265 1007
56.65 0.03278688524590164 4228.364985942865 4082.784985942865 1133
62.15 0.06557377049180328 2188.109905660551 2042.5299056605509 1243
65.85 0.06557377049180328 1796.510702930024 1650.9307029300242 1317
87.65 0.06557377049180328 1605.803315999587 1460.2233159995872 1753
88.6 0.08196721311475409 1310.1946155958076 1164.6146155958077 1772
96.3 0.16393442622950818 135.10450971391236 -10.475490286087648 1926
129.35 0.16393442622950818 103.35400512707693 -42.22599487292308 2587
141.25 0.19672131147540983 62.02308685217454 -83.55691314782547 2825
143.55 0.29508196721311475 3.919971409388353 -141.66002859061166 2871
197.95 0.29508196721311475 3.7912978345720205 -141.788702165428 3959
235.1 0.29508196721311475 3.6362604387468878 -141.94373956125312 4702
289.6 0.29508196721311475 3.4828396958266126 -142.0971603041734 5792
297.15 0.29508196721311475 3.4261333326729186 -142.1538666673271 5943
311.6 0.29508196721311475 3.379289336705483 -142.20071066329453 6232
334.65 0.29508196721311475 3.2567673661936 -142.3232326338064 6693
339.25 0.29508196721311475 3.202725206220066 -142.37727479377995 6785
346.25 0.29508196721311475 3.1789161929280567 -142.40108380707196 6925
371.45 0.29508196721311475 2.99837413699359 -142.58162586300642 7429
387.6 0.29508196721311475 2.9214622290571697 -142.65853777094284 7752
475.2 0.29508196721311475 2.863349719342523 -142.7166502806575 9504
485.55 0.29508196721311475 2.800958125247263 -142.77904187475275 9711
