13.85 0.0 16538.071753265052 16392.49175326505 277
15.5 0.0 14114.223674104505 13968.643674104505 310
30.95 0.04918032786885246 2860.578699357887 2714.9986993578873 619
54.15 0.06557377049180328 2038.0462794206355 1892.4662794206356 1083
57.6 0.08196721311475409 1046.2237345741473 900.6437345741473 1152
70.2 0.09836065573770492 787.8882505426087 642.3082505426087 1404
80.5 0.09836065573770492 787.692188099519 642.1121880995189 1610
83.15 0.16393442622950818 130.52711767223136 -15.052882327768657 1663
90.05 0.19672131147540983 45.447919683773904 -100.13208031622611 1801
118.25 0.2786885245901639 4.185610426579871 -141.39438957342014 2365
149.5 0.29508196721311475 3.6219631801719174 -141.9580368198281 2990
171.9 0.29508196721311475 3.266339191843798 -142.31366080815621 3438
206.15 0.29508196721311475 3.120049975301413 -142.4599500246986 4123
327.3 0.29508196721311475 3.097326267055678 -142.48267373294433 6546
332.45 0.29508196721311475 3.090118652709748 -142.48988134729026 6649
342.35 0.29508196721311475 3.006155169871988 -142.57384483012802 6847
356.6 0.29508196721311475 2.7467426500697627 -142.83325734993025 7132
381.3 0.29508196721311475 2.730841646769562 -142.84915835323045 7626
443.05 0.29508196721311475 2.637446449970014 -142.94255355003 8861
453.35 0.3114754098360656 2.4620750194557672 -143.11792498054425 9067
