% fevals/dim | frac | F - F_opt (-222.98) | best fitness | fevals
2.85 0.06557377049180328 2380.773389371376 2157.793389371376 57
10.3 0.06557377049180328 1902.948132317948 1679.968132317948 206
13.15 0.06557377049180328 1828.9992410735847 1606.0192410735847 263
33.4 0.08196721311475409 1568.5134569712297 1345.5334569712297 668
42.65 0.08196721311475409 1409.9912653859894 1187.0112653859894 853
76.6 0.08196721311475409 1360.4505527948456 1137.4705527948456 1532
87.5 0.08196721311475409 1324.4102254921181 1101.430225492118 1750
92.65 0.08196721311475409 1212.501693740087 989.5216937400869 1853
102.35 0.08196721311475409 1088.0356482262057 865.0556482262057 2047
106.0 0.08196721311475409 1022.9613962756138 799.9813962756137 2120
166.9 0.09836065573770492 827.2367775708619 604.2567775708619 3338
216.9 0.09836065573770492 794.7989335430693 571.8189335430693 4338
253.0 0.11475409836065574 600.103110803684 377.12311080368397 5060
314.8 0.11475409836065574 592.918381257961 369.93838125796094 6296
340.5 0.11475409836065574 578.0920826789254 355.1120826789254 6810
383.7 0.11475409836065574 514.8866852957491 291.90668529574907 7674
399.15 0.11475409836065574 511.04367218635105 288.063672186351 7983
448.7 0.11475409836065574 453.73299603504455 230.75299603504456 8974
476.4 0.13114754098360656 370.8930404915822 147.91304049158222 9528
