% fevals/dim | frac | F - F_opt (99.8) | best fitness | fevals
1.65 0.18032786885245902 79.83923816350138 179.63923816350137 33
3.55 0.18032786885245902 79.23128239460782 179.0312823946078 71
6.25 0.18032786885245902 76.77962958270403 176.57962958270403 125
12.35 0.18032786885245902 76.11142338462453 175.91142338462453 247
16.05 0.18032786885245902 72.93419869516028 172.73419869516027 321
20.6 0.18032786885245902 71.14988655785005 170.94988655785005 412
23.65 0.18032786885245902 69.17013862025188 168.97013862025187 473
29.05 0.18032786885245902 67.98918536829775 167.78918536829775 581
31.0 0.18032786885245902 67.05123021470125 166.85123021470125 620
37.8 0.18032786885245902 65.65446860189907 165.45446860189907 756
41.35 0.18032786885245902 64.5285417720372 164.3285417720372 827
47.8 0.19672131147540983 54.45091202033042 154.25091202033042 956
50.5 0.19672131147540983 53.85699663160655 153.65699663160655 1010
66.2 0.19672131147540983 49.34434812709681 149.1443481270968 1324
79.35 0.19672131147540983 45.97039510484662 145.7703951048466 1587
85.6 0.19672131147540983 43.23361191103528 143.03361191103528 1712
93.65 0.19672131147540983 40.02026423454588 139.82026423454587 1873
96.55 0.21311475409836064 37.93230455481917 137.73230455481917 1931
103.15 0.21311475409836064 27.085365936635313 126.88536593663531 2063
124.75 0.21311475409836064 26.967339525669388 126.76733952566939 2495
129.15 0.22950819672131148 22.67593106477544 122.47593106477544 2583
146.3 0.22950819672131148 22.14445532109157 121.94445532109157 2926
167.4 0.22950819672131148 21.48917405014339 121.28917405014339 3348
185.8 0.22950819672131148 21.062291152191605 120.8622911521916 3716
191.35 0.22950819672131148 19.867516740343646 119.66751674034364 3827
199.35 0.22950819672131148 17.074722043897495 116.87472204389749 3987
218.25 0.2459016393442623 15.699093110798529 115.49909311079853 4365
258.35 0.2459016393442623 15.649728577971885 115.44972857797188 5167
261.9 0.2459016393442623 14.665436521198131 114.46543652119813 5238
286.65 0.2459016393442623 13.891609821916276 113.69160982191627 5733
297.5 0.2459016393442623 13.447678580631901 113.2476785806319 5950
305.65 0.2459016393442623 13.21675012354062 113.01675012354062 6113
