% fevals/dim | frac | F - F_opt (-222.98) | best fitness | fevals
2.85 0.06557377049180328 2380.773389371376 2157.793389371376 57
4.6 0.06557377049180328 2120.9624024489553 1897.9824024489553 92
19.85 0.06557377049180328 2041.2848580358473 1818.3048580358472 397
22.0 0.06557377049180328 1835.5481071362308 1612.5681071362308 440
24.85 0.06557377049180328 1603.652867616209 1380.672867616209 497
36.25 0.08196721311475409 1435.6070428915725 1212.6270428915725 725
38.4 0.08196721311475409 1390.2267838864423 1167.2467838864422 768
42.8 0.08196721311475409 1301.6478767122924 1078.6678767122924 856
46.85 0.08196721311475409 1244.0119353863843 1021.0319353863842 937
55.4 0.08196721311475409 1102.7133598855503 879.7333598855503 1108
59.8 0.08196721311475409 1078.1236111160224 855.1436111160224 1196
61.45 0.08196721311475409 1052.5867723309036 829.6067723309036 1229
76.55 0.08196721311475409 1020.6382670056885 797.6582670056885 1531
82.95 0.09836065573770492 897.9707931641291 674.9907931641291 1659
101.4 0.09836065573770492 860.6247087363762 637.6447087363762 2028
107.05 0.09836065573770492 789.1106990730123 566.1306990730122 2141
113.6 0.09836065573770492 740.4579524008825 517.4779524008825 2272
116.45 0.09836065573770492 678.02682192002 455.04682192001997 2329
134.3 0.09836065573770492 670.4444056891872 447.4644056891872 2686
144.8 0.09836065573770492 659.599924174102 436.6199241741019 2896
145.7 0.11475409836065574 620.7970098220513 397.8170098220513 2914
166.65 0.11475409836065574 611.8177895078344 388.8377895078344 3333
180.9 0.11475409836065574 537.6289449235614 314.64894492356143 3618
209.65 0.11475409836065574 531.9603144309381 308.98031443093805 4193
214.2 0.11475409836065574 511.96764128685754 288.9876412868575 4284
217.95 0.13114754098360656 386.5305722165323 163.5505722165323 4359
300.6 0.13114754098360656 352.6034526247466 129.6234526247466 6012
378.2 0.13114754098360656 333.82217725878894 110.84217725878895 7564
402.4 0.13114754098360656 333.0229181288481 110.04291812884813 8048
408.0 0.13114754098360656 325.1231700608967 102.14317006089672 8160
429.6 0.13114754098360656 315.7722559442376 92.79225594423761 8592
454.15 0.13114754098360656 310.512883360493 87.532883360493 9083
470.8 0.13114754098360656 277.9584197174834 54.97841971748343 9416
