20.35 0.0 18005.88414966797 17816.09414966797 407
33.35 0.0 15514.91110043277 15325.121100432769 667
36.15 0.0 14874.10300743117 14684.313007431168 723
38.75 0.0 14648.919423104771 14459.12942310477 775
39.75 0.0 14207.555748871175 14017.765748871174 795
42.7 0.03278688524590164 4837.693395069569 4647.903395069569 854
48.6 0.03278688524590164 4262.1170326375695 4072.3270326375696 972
52.75 0.03278688524590164 4122.541910544769 3932.751910544769 1055
61.45 0.04918032786885246 3539.638497571969 3349.848497571969 1229
63.3 0.04918032786885246 3271.701058739969 3081.911058739969 1266
73.95 0.04918032786885246 2554.2397598727694 2364.4497598727694 1479
85.95 0.04918032786885246 2548.81301450637 2359.02301450637 1719
88.25 0.06557377049180328 1962.1347095495687 1772.3447095495687 1765
91.55 0.06557377049180328 1914.217174087169 1724.427174087169 1831
96.35 0.08196721311475409 1310.2281166471685 1120.4381166471685 1927
111.15 0.08196721311475409 1037.868013584769 848.078013584769 2223
125.65 0.08196721311475409 1032.6734743367692 842.8834743367693 2513
150.75 0.09836065573770492 932.9484242727691 743.1584242727691 3015
164.75 0.11475409836065574 527.9643168711692 338.17431687116925 3295
167.55 0.11475409836065574 506.215844099969 316.425844099969 3351
198.35 0.11475409836065574 411.89392017356903 222.10392017356904 3967
200.55 0.13114754098360656 373.38003991116886 183.59003991116887 4011
226.55 0.13114754098360656 335.5195370375691 145.7295370375691 4531
256.05 0.13114754098360656 295.255730698369 105.46573069836901 5121
272.35 0.13114754098360656 283.753759037569 93.96375903756902 5447
278.8 0.14754098360655737 213.75176802316898 23.961768023168986 5576
281.6 0.14754098360655737 172.78200272396901 -17.007997276030977 5632
346.9 0.16393442622950818 156.14314150156895 -33.646858498431044 6938
