30.45 0.0 18219.86401931471 18074.28401931471 609
34.25 0.0 14995.625531869953 14850.045531869953 685
50.1 0.0 13262.157584212511 13116.577584212511 1002
61.2 0.0 10004.025116796845 9858.445116796845 1224
74.0 0.04918032786885246 3602.193557919155 3456.613557919155 1480
139.5 0.06557377049180328 2505.1146654869212 2359.5346654869213 2790
151.0 0.09836065573770492 884.24708627532 738.66708627532 3020
198.1 0.11475409836065574 591.1787265879958 445.59872658799577 3962
216.8 0.13114754098360656 262.9927044743739 117.4127044743739 4336
256.8 0.18032786885245902 66.97256657778179 -78.60743342221822 5136
286.2 0.18032786885245902 63.11269205728797 -82.46730794271204 5724
329.85 0.26229508196721313 8.004235657195721 -137.5757643428043 6597
358.2 0.2786885245901639 5.140846731409425 -140.4391532685906 7164
372.45 0.2786885245901639 4.5873925872725465 -140.99260741272747 7449
379.35 0.2786885245901639 4.284183042972927 -141.29581695702709 7587
403.05 0.2786885245901639 4.1413514804911244 -141.4386485195089 8061
421.65 0.29508196721311475 3.682236478799183 -141.89776352120083 8433
456.75 0.29508196721311475 3.6640375201747872 -141.91596247982523 9135
472.65 0.29508196721311475 3.242795914671916 -142.3372040853281 9453
