% fevals/dim | frac | F - F_opt (99.8) | best fitness | fevals
1.65 0.18032786885245902 79.83923816350138 179.63923816350137 33
5.4 0.18032786885245902 77.7175083100844 177.5175083100844 108
11.85 0.18032786885245902 76.46963393660688 176.26963393660688 237
21.6 0.18032786885245902 71.80135502291604 171.60135502291604 432
27.4 0.18032786885245902 71.40682978115366 171.20682978115366 548
31.7 0.18032786885245902 71.15957712998876 170.95957712998876 634
34.3 0.18032786885245902 70.31342237573246 170.11342237573245 686
42.95 0.18032786885245902 65.60226622252704 165.40226622252703 859
46.15 0.18032786885245902 63.69012369609989 163.4901236960999 923
61.7 0.19672131147540983 59.152943327102676 158.95294332710267 1234
78.8 0.19672131147540983 59.07134788889739 158.8713478888974 1576
84.2 0.19672131147540983 44.799004504829654 144.59900450482965 1684
97.4 0.19672131147540983 44.32007233604064 144.12007233604064 1948
112.4 0.21311475409836064 34.63284821386095 134.43284821386095 2248
134.1 0.21311475409836064 28.4552536656157 128.2552536656157 2682
178.55 0.21311475409836064 27.565669548846714 127.36566954884671 3571
180.4 0.21311475409836064 25.24044610003078 125.04044610003078 3608
187.9 0.22950819672131148 20.851504590311535 120.65150459031153 3758
226.15 0.22950819672131148 18.22408297494185 118.02408297494185 4523
242.1 0.22950819672131148 16.61996107794873 116.41996107794873 4842
263.65 0.2459016393442623 13.384630867431682 113.18463086743168 5273
301.15 0.2459016393442623 12.88118896760976 112.68118896760976 6023
342.1 0.2459016393442623 12.157994501838303 111.9579945018383 6842
358.5 0.2459016393442623 12.11575170450051 111.91575170450051 7170
362.25 0.2459016393442623 12.013836605804542 111.81383660580454 7245
384.6 0.2459016393442623 11.860670351302772 111.66067035130277 7692
391.85 0.2459016393442623 11.035364539602071 110.83536453960207 7837
396.0 0.2459016393442623 10.25072805785608 110.05072805785608 7920
411.65 0.26229508196721313 9.523153126303768 109.32315312630377 8233
443.15 0.26229508196721313 9.345067397841746 109.14506739784174 8863
449.55 0.26229508196721313 8.693813961378737 108.49381396137873 8991
