% fevals/dim | frac | F - F_opt (273.15) | best fitness | fevals
2.35 0.18032786885245902 71.77980285308587 344.92980285308585 47
20.95 0.18032786885245902 67.43775500879303 340.587755008793 419
24.2 0.18032786885245902 67.13959119731305 340.28959119731303 484
28.6 0.18032786885245902 63.211914938088 336.361914938088 572
33.2 0.19672131147540983 50.01509713003907 323.16509713003904 664
39.75 0.19672131147540983 49.344835448861545 322.4948354488615 795
44.95 0.19672131147540983 41.427227575416055 314.57722757541603 899
55.95 0.21311475409836064 35.585285885356825 308.7352858853568 1119
78.25 0.21311475409836064 32.0863546333328 305.2363546333328 1565
84.15 0.21311475409836064 27.8542516416328 301.0042516416328 1683
87.15 0.22950819672131148 24.912144940974486 298.06214494097446 1743
104.8 0.22950819672131148 22.93875453679709 296.08875453679707 2096
113.0 0.22950819672131148 16.541016855554176 289.69101685555415 2260
152.75 0.2459016393442623 14.615229616988927 287.7652296169889 3055
162.45 0.2459016393442623 13.444572229281562 286.59457222928154 3249
219.75 0.2459016393442623 10.84732268523345 283.9973226852334 4395
345.1 0.26229508196721313 9.737750913256605 282.8877509132566 6902
363.2 0.26229508196721313 9.079928313808637 282.2299283138086 7264
