% fevals/dim | frac | F - F_opt (273.15) | best fitness | fevals
2.35 0.18032786885245902 71.77980285308587 344.92980285308585 47
13.15 0.19672131147540983 51.93958126022687 325.08958126022685 263
49.7 0.21311475409836064 38.847174766860405 311.9971747668604 994
54.4 0.21311475409836064 38.20199627640386 311.35199627640384 1088
62.75 0.21311475409836064 30.31654565041157 303.46654565041155 1255
80.6 0.21311475409836064 28.285391100499055 301.43539110049903 1612
95.25 0.21311475409836064 25.917245457067963 299.06724545706794 1905
105.95 0.22950819672131148 21.076524063266163 294.22652406326614 2119
139.85 0.22950819672131148 16.343579591733715 289.4935795917337 2797
186.6 0.22950819672131148 16.034839925741665 289.18483992574164 3732
190.2 0.2459016393442623 12.940703274101566 286.09070327410154 3804
316.05 0.2459016393442623 12.915551264577346 286.0655512645773 6321
330.6 0.2459016393442623 12.395761785825812 285.5457617858258 6612
334.95 0.2459016393442623 12.279284785923153 285.42928478592313 6699
350.7 0.26229508196721313 8.895149364557824 282.0451493645578 7014
