% fevals/dim | frac | F - F_opt (77.89) | best fitness | fevals
3.0 0.0 183884736.1733244 183884814.0633244 60
10.2 0.0 144902478.69390377 144902556.58390376 204
16.9 0.0 112412415.50554001 112412493.39554001 338
20.1 0.0 86973200.22997582 86973278.11997582 402
25.95 0.0 63148338.753469095 63148416.643469095 519
29.6 0.0 63130047.52963982 63130125.41963982 592
42.95 0.0 55261903.28548735 55261981.17548735 859
45.7 0.0 53387448.78685912 53387526.67685912 914
47.55 0.0 52097384.36559116 52097462.25559116 951
52.9 0.0 35934395.67449212 35934473.56449212 1058
60.1 0.0 27023678.972442042 27023756.862442043 1202
74.75 0.0 23778922.328186568 23779000.21818657 1495
76.75 0.0 17152752.822899923 17152830.712899923 1535
80.35 0.0 16339695.135990988 16339773.025990989 1607
107.3 0.0 14061043.452545488 14061121.342545489 2146
116.25 0.0 9981282.371277856 9981360.261277856 2325
138.15 0.0 9899674.855107203 9899752.745107204 2763
159.75 0.0 8213469.6866962435 8213547.576696243 3195
168.5 0.0 7778144.780733514 7778222.670733513 3370
177.75 0.0 7175807.401780526 7175885.291780526 3555
197.3 0.0 7155229.842519623 7155307.732519623 3946
202.8 0.0 6415416.644604707 6415494.534604707 4056
206.4 0.0 5031060.424609486 5031138.314609486 4128
220.8 0.0 4732183.743540163 4732261.633540163 4416
249.2 0.0 4331350.975293324 4331428.865293324 4984
264.75 0.0 3825700.3876919625 3825778.2776919627 5295
295.0 0.0 3745506.04305914 3745583.93305914 5900
304.4 0.0 3571221.9159201216 3571299.8059201217 6088
325.15 0.0 3484601.88915769 3484679.7791576902 6503
354.9 0.0 3426153.047338679 3426230.937338679 7098
362.1 0.0 3088222.840586565 3088300.730586565 7242
