5.25 0.0 11607.394772458732 11461.814772458732 105
15.65 0.0 11484.559633744844 11338.979633744844 313
18.25 0.0 10789.131603794305 10643.551603794305 365
23.45 0.03278688524590164 6192.021240089878 6046.441240089878 469
27.2 0.03278688524590164 5069.106647615686 4923.526647615686 544
30.35 0.04918032786885246 3576.559012815493 3430.979012815493 607
35.0 0.04918032786885246 2886.1927208250077 2740.6127208250077 700
36.6 0.08196721311475409 1520.6771553622957 1375.0971553622958 732
56.9 0.08196721311475409 1314.9465889744536 1169.3665889744536 1138
59.5 0.09836065573770492 783.6486943737256 638.0686943737255 1190
64.2 0.13114754098360656 252.92340896795145 107.34340896795143 1284
73.65 0.14754098360655737 227.21477232472745 81.63477232472744 1473
79.5 0.18032786885245902 87.07590133236491 -58.504098667635105 1590
83.9 0.2786885245901639 4.1712872658396805 -141.40871273416033 1678
98.45 0.29508196721311475 3.71972849431927 -141.86027150568074 1969
102.2 0.29508196721311475 3.628416698926003 -141.951583301074 2044
129.65 0.29508196721311475 3.5154049941779704 -142.06459500582204 2593
142.1 0.29508196721311475 3.4527869733623504 -142.12721302663766 2842
144.7 0.29508196721311475 3.3110194090438085 -142.2689805909562 2894
158.45 0.29508196721311475 3.171613561953194 -142.40838643804682 3169
176.45 0.29508196721311475 3.1596673179348613 -142.42033268206515 3529
200.9 0.29508196721311475 3.147706858917985 -142.43229314108203 4018
208.7 0.29508196721311475 3.0911683469800266 -142.48883165302 4174
229.35 0.29508196721311475 3.0300679326092563 -142.54993206739076 4587
242.35 0.29508196721311475 3.02101677651072 -142.5589832234893 4847
244.95 0.29508196721311475 2.961805638781698 -142.61819436121831 4899
250.1 0.29508196721311475 2.9189775551228365 -142.66102244487718 5002
265.75 0.29508196721311475 2.8297567364109284 -142.75024326358908 5315
295.4 0.29508196721311475 2.7593356326935634 -142.82066436730645 5908
322.3 0.29508196721311475 2.712033830281541 -142.86796616971847 6446
348.6 0.29508196721311475 2.6111368655427327 -142.96886313445728 6972
392.8 0.3114754098360656 2.5071160111538404 -143.07288398884617 7856
439.25 0.3114754098360656 2.4796929235039045 -143.1003070764961 8785
485.15 0.3114754098360656 2.4447244170585805 -143.13527558294143 9703
