% fevals/dim | frac | F - F_opt (30.85) | best fitness | fevals
3.3 0.0 125626.90265938539 125657.7526593854 66
10.75 0.0 62595.37972799939 62626.22972799939 215
21.0 0.0 41270.956335224284 41301.80633522428 420
36.05 0.0 33518.794222267046 33549.644222267045 721
37.15 0.0 29844.30211919129 29875.152119191287 743
43.65 0.01639344262295082 8007.3643577140165 8038.214357714017 873
55.1 0.01639344262295082 7196.631371275077 7227.481371275077 1102
63.6 0.04918032786885246 3582.0750568146073 3612.925056814607 1272
74.9 0.04918032786885246 3469.8863894507413 3500.736389450741 1498
80.75 0.09836065573770492 673.4373601860163 704.2873601860164 1615
87.55 0.14754098360655737 190.81902171992036 221.66902171992035 1751
89.5 0.14754098360655737 166.8134604335071 197.66346043350708 1790
135.35 0.16393442622950818 121.95314741595607 152.80314741595606 2707
180.05 0.16393442622950818 121.64050761637134 152.49050761637133 3601
190.35 0.16393442622950818 120.76854118452869 151.61854118452868 3807
198.55 0.16393442622950818 118.77464893872337 149.62464893872337 3971
241.05 0.16393442622950818 113.75686380319917 144.60686380319916 4821
260.65 0.16393442622950818 109.36915474352872 140.21915474352872 5213
283.55 0.18032786885245902 93.96217702014613 124.81217702014612 5671
381.55 0.18032786885245902 72.24387688523095 103.09387688523094 7631
438.25 0.18032786885245902 71.77665981140996 102.62665981140995 8765
449.0 0.18032786885245902 69.11507213767158 99.96507213767157 8980
452.7 0.18032786885245902 66.90338817456924 97.75338817456924 9054
460.9 0.19672131147540983 57.05115639616354 87.90115639616354 9218
