9.75 0.0 11751.605129971653 11606.025129971653 195
18.35 0.0 11267.888531482942 11122.308531482942 367
29.15 0.03278688524590164 5440.211508534603 5294.631508534603 583
38.15 0.04918032786885246 3809.0987389175584 3663.5187389175585 763
52.1 0.04918032786885246 3102.4700352064915 2956.8900352064916 1042
54.75 0.04918032786885246 3076.4242803971606 2930.8442803971607 1095
67.1 0.06557377049180328 1911.9966243646409 1766.416624364641 1342
69.85 0.08196721311475409 1513.3509013699802 1367.7709013699803 1397
81.85 0.08196721311475409 1037.2601605999853 891.6801605999852 1637
89.8 0.11475409836065574 464.587029214012 319.00702921401194 1796
104.1 0.21311475409836064 32.114713732897854 -113.46528626710216 2082
114.7 0.26229508196721313 6.537386694130163 -139.04261330586985 2294
129.2 0.2786885245901639 6.0899946199013755 -139.49000538009864 2584
157.05 0.2786885245901639 4.3871797270178945 -141.19282027298212 3141
165.05 0.2786885245901639 4.203164944381086 -141.37683505561893 3301
171.35 0.2786885245901639 4.1182289768735245 -141.4617710231265 3427
174.2 0.29508196721311475 3.577110684557482 -142.00288931544253 3484
209.7 0.29508196721311475 3.543712764562912 -142.0362872354371 4194
230.15 0.29508196721311475 3.4435507548629403 -142.13644924513707 4603
256.3 0.29508196721311475 3.435377925829499 -142.1446220741705 5126
260.7 0.29508196721311475 3.2531898243649664 -142.32681017563505 5214
266.5 0.29508196721311475 3.22141891718249 -142.35858108281752 5330
270.4 0.29508196721311475 3.215686637069979 -142.36431336293003 5408
278.5 0.29508196721311475 2.7610055577837613 -142.81899444221625 5570
286.8 0.29508196721311475 2.756327550859851 -142.82367244914016 5736
341.5 0.29508196721311475 2.683468315728362 -142.89653168427165 6830
354.45 0.29508196721311475 2.6630810500208497 -142.91691894997916 7089
359.2 0.3114754098360656 2.4620750194557672 -143.11792498054425 7184
437.15 0.3114754098360656 2.4070004695563227 -143.1729995304437 8743
453.0 0.3114754098360656 2.3674182403246675 -143.21258175967534 9060
470.8 0.3114754098360656 2.3508087580218273 -143.22919124197819 9416
495.8 0.3114754098360656 2.3050266462294076 -143.2749733537706 9916
