% fevals/dim | frac | F - F_opt (32.7) | best fitness | fevals
3.05 0.18032786885245902 64.34826789424882 97.04826789424882 61
6.2 0.21311475409836064 27.674072733412878 60.37407273341288 124
10.85 0.21311475409836064 26.262800673279344 58.96280067327935 217
35.0 0.22950819672131148 22.608569048863842 55.308569048863845 700
39.05 0.22950819672131148 18.628502453362643 51.328502453362645 781
56.9 0.22950819672131148 17.365254386094392 50.065254386094395 1138
64.9 0.2459016393442623 14.681564088882759 47.38156408888276 1298
100.65 0.2459016393442623 11.955326877747282 44.655326877747285 2013
108.75 0.2459016393442623 11.168354820569867 43.86835482056987 2175
112.8 0.2459016393442623 10.100786114979812 42.800786114979815 2256
129.0 0.26229508196721313 9.814603760239159 42.51460376023916 2580
149.7 0.26229508196721313 8.150531293832188 40.85053129383219 2994
170.05 0.26229508196721313 7.8537911537550755 40.55379115375508 3401
190.45 0.26229508196721313 7.4394994806179255 40.13949948061793 3809
210.55 0.26229508196721313 7.009866765931804 39.70986676593181 4211
235.0 0.26229508196721313 6.692304672193856 39.39230467219386 4700
251.0 0.26229508196721313 6.430217257406575 39.13021725740658 5020
253.0 0.2786885245901639 5.8877087829844825 38.587708782984485 5060
255.55 0.2786885245901639 5.457703191336755 38.15770319133676 5111
259.6 0.2786885245901639 4.178863590278233 36.878863590278236 5192
322.1 0.29508196721311475 3.8369945621877974 36.5369945621878 6442
344.1 0.29508196721311475 3.2154738006638865 35.91547380066389 6882
391.2 0.29508196721311475 2.6255097585558502 35.32550975855585 7824
398.85 0.3114754098360656 2.4974921736434013 35.197492173643404 7977
411.45 0.3114754098360656 2.2842549753339156 34.98425497533392 8229
427.75 0.3114754098360656 2.240580209626053 34.940580209626056 8555
450.45 0.3114754098360656 1.9516863034066319 34.651686303406635 9009
474.75 0.3114754098360656 1.59529682395884 34.29529682395884 9495
491.55 0.32786885245901637 1.3774092112962464 34.07740921129625 9831
