% fevals/dim | frac | F - F_opt (-222.98) | best fitness | fevals
5.4 0.06557377049180328 1888.4609868870107 1665.4809868870107 108
32.35 0.06557377049180328 1731.3674253689926 1508.3874253689926 647
84.35 0.06557377049180328 1721.964812904055 1498.984812904055 1687
95.35 0.06557377049180328 1674.2582186791842 1451.2782186791842 1907
101.3 0.08196721311475409 1582.7533285338745 1359.7733285338745 2026
112.9 0.08196721311475409 1403.9501199860808 1180.9701199860808 2258
135.35 0.08196721311475409 1348.679158333838 1125.6991583338379 2707
181.15 0.08196721311475409 1034.7981795259075 811.8181795259075 3623
235.75 0.09836065573770492 957.1279342293016 734.1479342293015 4715
345.7 0.09836065573770492 807.3375673357637 584.3575673357636 6914
