% fevals/dim | frac | F - F_opt (77.89) | best fitness | fevals
1.4 0.0 234095851.10664773 234095928.99664772 28
7.95 0.0 188910060.070266 188910137.960266 159
12.3 0.0 99992523.67395833 99992601.56395833 246
21.55 0.0 92266167.86224042 92266245.75224042 431
34.75 0.0 85812837.6966996 85812915.5866996 695
47.85 0.0 83333069.96325655 83333147.85325655 957
52.85 0.0 63256958.12081324 63257036.01081324 1057
57.95 0.0 40879028.72414563 40879106.61414563 1159
72.15 0.0 39907997.14747949 39908075.03747949 1443
76.65 0.0 31616741.964760482 31616819.854760483 1533
94.5 0.0 22715902.4876014 22715980.3776014 1890
113.05 0.0 20504714.253575478 20504792.14357548 2261
118.55 0.0 19194729.46994603 19194807.35994603 2371
139.95 0.0 18140122.818270322 18140200.708270323 2799
142.85 0.0 14012787.222108413 14012865.112108413 2857
147.3 0.0 13312140.505665379 13312218.39566538 2946
155.7 0.0 13239647.408332882 13239725.298332883 3114
158.15 0.0 10440476.751278559 10440554.64127856 3163
160.7 0.0 9578746.372991268 9578824.262991268 3214
164.9 0.0 7429481.901195668 7429559.791195667 3298
175.1 0.0 6297130.172105448 6297208.062105448 3502
182.35 0.0 3858794.3824945595 3858872.2724945596 3647
212.95 0.0 3557641.6928441436 3557719.5828441437 4259
225.1 0.0 2705213.4490776183 2705291.3390776184 4502
239.15 0.0 2416352.9611476376 2416430.8511476377 4783
257.9 0.0 1785493.569048397 1785571.459048397 5158
284.6 0.0 1361472.5714057954 1361550.4614057953 5692
305.0 0.0 1355862.155592293 1355940.045592293 6100
320.3 0.0 1278239.997207791 1278317.887207791 6406
333.05 0.0 1208457.1960219997 1208535.0860219996 6661
