% fevals/dim | frac | F - F_opt (77.89) | best fitness | fevals
3.0 0.0 183884736.1733244 183884814.0633244 60
7.6 0.0 108201405.89761081 108201483.78761081 152
28.9 0.0 88524233.20931785 88524311.09931785 578
32.9 0.0 71656371.09949292 71656448.98949292 658
51.3 0.0 65204960.2618279 65205038.1518279 1026
59.3 0.0 58674790.96597068 58674868.85597068 1186
61.25 0.0 47545610.28853808 47545688.178538084 1225
66.35 0.0 45477124.102278285 45477201.992278285 1327
71.75 0.0 44626315.46789424 44626393.35789424 1435
79.65 0.0 42693794.58961932 42693872.479619324 1593
83.6 0.0 41023554.1878139 41023632.0778139 1672
91.5 0.0 36676908.723157495 36676986.613157496 1830
96.4 0.0 35746395.078335404 35746472.968335405 1928
99.9 0.0 26067423.440859493 26067501.330859493 1998
104.5 0.0 24676336.41317974 24676414.30317974 2090
108.55 0.0 22302170.856341757 22302248.746341757 2171
111.25 0.0 19572489.16368716 19572567.05368716 2225
136.65 0.0 18333089.5989547 18333167.4889547 2733
141.55 0.0 17685965.678637043 17686043.568637043 2831
151.6 0.0 15072268.655503824 15072346.545503825 3032
156.65 0.0 13173318.290391177 13173396.180391178 3133
162.7 0.0 8840260.661233667 8840338.551233668 3254
192.65 0.0 8640139.44052294 8640217.330522941 3853
200.45 0.0 7174422.427093812 7174500.317093812 4009
228.05 0.0 6898025.833304266 6898103.723304266 4561
235.2 0.0 4314992.211646338 4315070.101646338 4704
293.1 0.0 4235900.804383927 4235978.694383927 5862
302.3 0.0 3438776.584714088 3438854.4747140883 6046
307.1 0.0 3330214.3729588664 3330292.2629588665 6142
315.7 0.0 3138607.0434417333 3138684.9334417335 6314
328.5 0.0 2434562.1502632396 2434640.0402632398 6570
343.7 0.0 2361339.9468106385 2361417.8368106387 6874
398.9 0.0 2008665.9572799685 2008743.8472799684 7978
424.1 0.0 1991936.6897292426 1992014.5797292425 8482
438.8 0.0 1583847.528219606 1583925.418219606 8776
491.5 0.0 1355862.155592293 1355940.045592293 9830
