% fevals/dim | frac | F - F_opt (-51.91) | best fitness | fevals
1.4 0.0 7670008.739100861 7669956.829100861 28
5.0 0.0 2985430.504468645 2985378.594468645 100
10.0 0.0 1029278.683607362 1029226.773607362 200
39.9 0.0 798424.0316001782 798372.1216001782 798
47.6 0.0 779084.0204596051 779032.1104596051 952
67.05 0.0 771758.262557341 771706.352557341 1341
74.75 0.0 528092.7626287559 528040.8526287558 1495
77.25 0.0 321210.55031539424 321158.64031539427 1545
273.9 0.0 259163.66312491804 259111.75312491803 5478
418.9 0.0 117727.84362699684 117675.93362699683 8378
