% fevals/dim | frac | F - F_opt (77.89) | best fitness | fevals
2.6 0.0 231936026.3442715 231936104.2342715 52
3.4 0.0 165657910.90720025 165657988.79720023 68
5.8 0.0 134779983.88469934 134780061.77469933 116
23.55 0.0 123343896.41947472 123343974.30947472 471
26.2 0.0 95695555.80291894 95695633.69291894 524
33.75 0.0 51653087.81073979 51653165.70073979 675
74.8 0.0 45737016.12028285 45737094.01028285 1496
77.45 0.0 41828685.92119757 41828763.81119757 1549
79.65 0.0 35729843.14332125 35729921.033321254 1593
99.45 0.0 33796522.66850961 33796600.55850961 1989
100.9 0.0 31209157.138263665 31209235.028263666 2018
112.3 0.0 30958288.79034354 30958366.680343542 2246
119.75 0.0 19682212.590264104 19682290.480264105 2395
126.2 0.0 17832845.539373707 17832923.429373708 2524
130.35 0.0 14808079.329624187 14808157.219624188 2607
140.95 0.0 13475248.416828671 13475326.306828672 2819
143.15 0.0 11007960.0078957 11008037.897895701 2863
156.85 0.0 6397070.632159679 6397148.522159679 3137
178.5 0.0 6383663.447466886 6383741.337466885 3570
183.7 0.0 5353450.197272464 5353528.087272463 3674
199.7 0.0 4939568.165943167 4939646.055943167 3994
202.35 0.0 3991214.903273506 3991292.793273506 4047
212.95 0.0 2546247.3418618194 2546325.2318618195 4259
245.2 0.0 2432114.6454086723 2432192.5354086724 4904
261.15 0.0 2150283.0692796684 2150360.9592796685 5223
267.15 0.0 2103194.5703336955 2103272.4603336956 5343
269.8 0.0 1785493.569048397 1785571.459048397 5396
297.75 0.0 1748588.294455862 1748666.1844558618 5955
345.3 0.0 1677232.2375604145 1677310.1275604144 6906
387.35 0.0 1573053.550437104 1573131.4404371039 7747
