% fevals/dim | frac | F - F_opt (99.8) | best fitness | fevals
1.65 0.18032786885245902 79.83923816350138 179.63923816350137 33
5.45 0.18032786885245902 73.6793683154382 173.4793683154382 109
28.7 0.18032786885245902 70.55598398540882 170.3559839854088 574
35.0 0.18032786885245902 70.08095393125474 169.88095393125474 700
47.55 0.18032786885245902 63.89010879707247 163.69010879707247 951
69.8 0.19672131147540983 58.932161884960934 158.73216188496093 1396
79.8 0.21311475409836064 39.690521020797476 139.49052102079747 1596
104.3 0.21311475409836064 39.15743709190956 138.95743709190955 2086
110.95 0.21311475409836064 38.802350425568946 138.60235042556894 2219
115.9 0.21311475409836064 37.553612811373014 137.353612811373 2318
124.0 0.21311475409836064 27.94233816245047 127.74233816245047 2480
141.9 0.21311475409836064 27.168098187839192 126.96809818783919 2838
153.25 0.21311475409836064 26.968700302702956 126.76870030270295 3065
167.75 0.21311475409836064 26.632586067857375 126.43258606785737 3355
175.5 0.21311475409836064 25.644076019287382 125.44407601928738 3510
179.2 0.22950819672131148 22.996168347137697 122.7961683471377 3584
200.55 0.22950819672131148 21.054351232040986 120.85435123204098 4011
221.65 0.22950819672131148 20.7013942816821 120.5013942816821 4433
239.9 0.22950819672131148 18.997742334484826 118.79774233448482 4798
256.8 0.22950819672131148 18.768841027239702 118.5688410272397 5136
275.2 0.22950819672131148 18.67892645059375 118.47892645059375 5504
279.5 0.22950819672131148 18.53640361726775 118.33640361726775 5590
290.65 0.22950819672131148 16.33405043863425 116.13405043863425 5813
312.95 0.2459016393442623 14.752341594352913 114.55234159435291 6259
361.4 0.2459016393442623 14.506474691990704 114.3064746919907 7228
370.5 0.2459016393442623 11.593418222007045 111.39341822200704 7410
391.45 0.2459016393442623 11.339511711770385 111.13951171177038 7829
449.7 0.2459016393442623 10.492848411147293 110.29284841114729 8994
468.35 0.2459016393442623 10.384254759708767 110.18425475970876 9367
492.75 0.2459016393442623 10.35790947420405 110.15790947420405 9855
