% fevals/dim | frac | F - F_opt (-222.98) | best fitness | fevals
2.85 0.06557377049180328 2380.773389371376 2157.793389371376 57
5.55 0.06557377049180328 1864.2663410865305 1641.2863410865305 111
21.4 0.06557377049180328 1796.9872103295986 1574.0072103295986 428
30.7 0.08196721311475409 1446.6609777923545 1223.6809777923545 614
35.35 0.08196721311475409 1404.0891995377858 1181.1091995377858 707
54.55 0.08196721311475409 1285.760809068992 1062.780809068992 1091
57.75 0.08196721311475409 1268.3558497717336 1045.3758497717336 1155
67.05 0.08196721311475409 1261.2072572393045 1038.2272572393044 1341
73.0 0.08196721311475409 1183.791370645658 960.8113706456579 1460
78.25 0.08196721311475409 1043.0447296363277 820.0647296363277 1565
104.95 0.09836065573770492 879.0918804779257 656.1118804779256 2099
117.8 0.09836065573770492 856.4179026794291 633.437902679429 2356
159.55 0.09836065573770492 803.9813014831822 581.0013014831821 3191
170.45 0.09836065573770492 762.8403377699958 539.8603377699958 3409
179.75 0.09836065573770492 732.5591559395006 509.57915593950054 3595
192.5 0.09836065573770492 693.4362157836214 470.45621578362136 3850
220.4 0.09836065573770492 647.5133257565942 424.5333257565942 4408
243.5 0.11475409836065574 496.79441304171155 273.81441304171153 4870
336.3 0.11475409836065574 420.69575739004165 197.71575739004166 6726
418.75 0.13114754098360656 385.0488958673991 162.0688958673991 8375
