% fevals/dim | frac | F - F_opt (32.7) | best fitness | fevals
3.05 0.18032786885245902 64.34826789424882 97.04826789424882 61
7.05 0.19672131147540983 43.28326612310538 75.98326612310538 141
10.85 0.19672131147540983 40.89108529401325 73.59108529401325 217
14.3 0.22950819672131148 23.23116984992491 55.93116984992491 286
18.05 0.22950819672131148 22.92540642997338 55.62540642997338 361
29.2 0.22950819672131148 21.228721173541942 53.928721173541945 584
33.05 0.22950819672131148 20.806846703039433 53.506846703039436 661
34.4 0.22950819672131148 18.413121612726826 51.11312161272683 688
40.55 0.22950819672131148 18.045932778914924 50.74593277891493 811
42.05 0.22950819672131148 17.33683038442455 50.036830384424555 841
47.95 0.22950819672131148 16.20349111982756 48.903491119827564 959
50.85 0.22950819672131148 15.9445877588091 48.6445877588091 1017
55.05 0.2459016393442623 13.985276225969784 46.68527622596979 1101
63.15 0.2459016393442623 13.602399678364932 46.302399678364935 1263
67.75 0.2459016393442623 12.207569377623074 44.907569377623076 1355
71.9 0.2459016393442623 10.52620960283987 43.22620960283987 1438
81.5 0.26229508196721313 8.50937243959001 41.20937243959001 1630
92.75 0.26229508196721313 8.11469835100889 40.81469835100889 1855
96.5 0.26229508196721313 8.029620481611644 40.72962048161165 1930
111.1 0.26229508196721313 7.2305482222850515 39.930548222285054 2222
122.35 0.26229508196721313 7.08444699952031 39.78444699952031 2447
137.35 0.26229508196721313 6.802695538406624 39.50269553840663 2747
139.1 0.26229508196721313 6.678641119465141 39.378641119465144 2782
149.15 0.2786885245901639 6.049162061159592 38.749162061159595 2983
152.35 0.2786885245901639 4.627034360717268 37.32703436071727 3047
193.1 0.2786885245901639 4.039976217534424 36.739976217534426 3862
208.1 0.29508196721311475 3.7423533974036403 36.44235339740364 4162
211.85 0.29508196721311475 3.4004566608903275 36.10045666089033 4237
267.3 0.29508196721311475 3.1805326648080765 35.88053266480808 5346
271.05 0.29508196721311475 2.9461813181565475 35.64618131815655 5421
278.55 0.29508196721311475 2.6235116220029013 35.323511622002904 5571
355.2 0.29508196721311475 2.5999050082766786 35.29990500827668 7104
364.75 0.29508196721311475 2.5247850098934848 35.22478500989349 7295
383.5 0.3114754098360656 2.3131437960308148 35.01314379603082 7670
392.85 0.3114754098360656 2.2152995798599733 34.915299579859976 7857
418.4 0.3114754098360656 2.103582659328694 34.8035826593287 8368
421.0 0.3114754098360656 1.995620656880213 34.695620656880216 8420
428.85 0.3114754098360656 1.8678239658878724 34.567823965887875 8577
439.9 0.3114754098360656 1.844854742600326 34.54485474260033 8798
456.25 0.3114754098360656 1.680928509386895 34.3809285093869 9125
