2.75 0.01639344262295082 9913.922455997923 9768.342455997923 55
18.75 0.03278688524590164 4614.875902836139 4469.295902836139 375
46.05 0.06557377049180328 2444.8539279790125 2299.2739279790126 921
63.9 0.06557377049180328 2267.5564044347834 2121.9764044347835 1278
64.85 0.08196721311475409 1341.2190776763534 1195.6390776763535 1297
75.5 0.08196721311475409 1002.2987130231783 856.7187130231782 1510
82.35 0.16393442622950818 105.75825598141552 -39.821744018584496 1647
85.05 0.16393442622950818 105.53749992583927 -40.04250007416074 1701
94.1 0.19672131147540983 59.276331830098016 -86.303668169902 1882
106.85 0.2786885245901639 4.928020773475652 -140.65197922652436 2137
112.25 0.2786885245901639 4.098481975250195 -141.48151802474982 2245
126.05 0.29508196721311475 3.1259480821924797 -142.45405191780753 2521
153.05 0.29508196721311475 3.113605276132347 -142.46639472386767 3061
201.4 0.29508196721311475 2.8872715985110347 -142.69272840148898 4028
232.2 0.29508196721311475 2.677816199757217 -142.9021838002428 4644
261.9 0.3114754098360656 2.4875571794913753 -143.09244282050864 5238
278.7 0.3114754098360656 2.3523435987355583 -143.22765640126445 5574
289.5 0.3114754098360656 2.327344127879968 -143.25265587212004 5790
324.6 0.3114754098360656 2.198016412875859 -143.38198358712415 6492
365.1 0.3114754098360656 2.1952952255091702 -143.38470477449084 7302
448.25 0.3114754098360656 2.1700322581398837 -143.40996774186013 8965
452.2 0.3114754098360656 2.1350637516945596 -143.44493624830545 9044
