% fevals/dim | frac | F - F_opt (77.89) | best fitness | fevals
3.0 0.0 183884736.1733244 183884814.0633244 60
6.4 0.0 179901839.2445536 179901917.13455358 128
10.5 0.0 156179743.86948788 156179821.75948787 210
16.6 0.0 143568630.35766217 143568708.24766216 332
26.8 0.0 107638228.19933635 107638306.08933635 536
30.9 0.0 103926010.01577456 103926087.90577456 618
37.0 0.0 79101700.6917317 79101778.5817317 740
44.5 0.0 67601047.33989747 67601125.22989747 890
49.85 0.0 61992651.17524817 61992729.06524817 997
52.3 0.0 61828274.47010711 61828352.36010711 1046
58.15 0.0 61404968.65412151 61405046.54412151 1163
62.5 0.0 57262320.34597656 57262398.23597656 1250
65.7 0.0 40322325.11731553 40322403.00731553 1314
69.1 0.0 37670620.0468526 37670697.936852604 1382
75.1 0.0 36068390.182486616 36068468.07248662 1502
82.7 0.0 24366436.807834677 24366514.697834678 1654
92.9 0.0 24206063.506869495 24206141.396869496 1858
98.5 0.0 20000146.755986854 20000224.645986855 1970
108.7 0.0 19321259.26996789 19321337.159967892 2174
118.9 0.0 17558571.058043454 17558648.948043454 2378
133.9 0.0 15773220.735518312 15773298.625518313 2678
141.8 0.0 13882225.574926367 13882303.464926368 2836
153.0 0.0 12401842.998995215 12401920.888995215 3060
156.3 0.0 9692011.116721958 9692089.006721959 3126
168.35 0.0 9241303.746708248 9241381.636708248 3367
175.15 0.0 9199600.533684423 9199678.423684424 3503
179.4 0.0 8711264.394453205 8711342.284453206 3588
180.55 0.0 5571623.528857018 5571701.4188570175 3611
211.05 0.0 5052893.14988938 5052971.039889379 4221
214.45 0.0 4878284.069211104 4878361.959211104 4289
224.65 0.0 4219013.399542345 4219091.289542344 4493
245.05 0.0 3817434.3637460396 3817512.2537460397 4901
250.3 0.0 3484601.88915769 3484679.7791576902 5006
272.75 0.0 3088222.840586565 3088300.730586565 5455
341.85 0.0 2891392.3980516377 2891470.288051638 6837
366.05 0.0 2743625.1412088266 2743703.0312088267 7321
