4.35 0.06557377049180328 2319.297645469765 2096.317645469765 87
9.25 0.06557377049180328 2181.620158898283 1958.640158898283 185
12.1 0.06557377049180328 2110.8236284371565 1887.8436284371564 242
13.4 0.06557377049180328 2060.6543114189612 1837.6743114189612 268
15.9 0.06557377049180328 1858.1587960828513 1635.1787960828512 318
18.4 0.08196721311475409 1474.4944289036964 1251.5144289036964 368
25.9 0.08196721311475409 1426.2433198364101 1203.2633198364101 518
36.25 0.08196721311475409 1385.7149569020974 1162.7349569020973 725
39.9 0.08196721311475409 1236.955859494034 1013.975859494034 798
49.7 0.08196721311475409 1154.759827702334 931.7798277023339 994
59.7 0.08196721311475409 1152.6747167949568 929.6947167949568 1194
68.4 0.08196721311475409 1085.6863638037094 862.7063638037093 1368
72.2 0.08196721311475409 1067.485106527253 844.505106527253 1444
73.05 0.08196721311475409 1048.8705488096157 825.8905488096157 1461
77.95 0.09836065573770492 989.1769189623761 766.1969189623761 1559
80.45 0.09836065573770492 965.5228064912928 742.5428064912928 1609
98.3 0.09836065573770492 932.6251803115643 709.6451803115643 1966
109.9 0.09836065573770492 898.330332666539 675.350332666539 2198
111.15 0.09836065573770492 807.090168204801 584.110168204801 2223
118.3 0.09836065573770492 792.5099888531754 569.5299888531754 2366
126.55 0.09836065573770492 787.6964252939468 564.7164252939468 2531
131.1 0.09836065573770492 785.0201233937636 562.0401233937636 2622
135.8 0.09836065573770492 784.8827677203323 561.9027677203322 2716
141.1 0.09836065573770492 728.508069869949 505.52806986994904 2822
143.2 0.09836065573770492 725.8579327784844 502.87793277848436 2864
147.9 0.11475409836065574 611.2782605989138 388.29826059891377 2958
155.45 0.11475409836065574 568.6530164467185 345.6730164467185 3109
164.05 0.11475409836065574 553.8103055034123 330.8303055034123 3281
166.55 0.11475409836065574 494.3972122258525 271.4172122258525 3331
241.75 0.11475409836065574 491.69420250706867 268.71420250706865 4835
247.4 0.11475409836065574 483.94423176411226 260.96423176411224 4948
248.4 0.11475409836065574 460.51120802588883 237.53120802588884 4968
251.55 0.11475409836065574 455.375215033607 232.395215033607 5031
265.45 0.11475409836065574 443.8583820890697 220.87838208906973 5309
278.4 0.11475409836065574 440.66705417988527 217.68705417988528 5568
288.25 0.11475409836065574 432.31738631436883 209.33738631436884 5765
295.95 0.11475409836065574 413.2683446000935 190.2883446000935 5919
301.65 0.13114754098360656 341.23014293959966 118.25014293959967 6033
364.4 0.13114754098360656 328.91296684216826 105.93296684216827 7288
373.25 0.13114754098360656 325.1231700608967 102.14317006089672 7465
404.15 0.13114754098360656 322.8287215302923 99.8487215302923 8083
406.35 0.13114754098360656 315.38271786367113 92.40271786367114 8127
427.4 0.13114754098360656 305.0824587985654 82.10245879856544 8548
442.4 0.13114754098360656 299.93751803210387 76.95751803210388 8848
462.4 0.13114754098360656 298.1539274891869 75.17392748918692 9248
473.3 0.13114754098360656 297.6855799279549 74.70557992795491 9466
478.1 0.13114754098360656 281.29816943381803 58.31816943381804 9562
492.25 0.13114754098360656 262.9490792850583 39.969079285058314 9845
498.05 0.13114754098360656 257.58544357767664 34.60544357767665 9961
