% fevals/dim | frac | F - F_opt (77.89) | best fitness | fevals
3.0 0.0 183884736.1733244 183884814.0633244 60
16.75 0.0 164662432.77694508 164662510.66694507 335
21.95 0.0 123201019.26489931 123201097.15489931 439
45.1 0.0 121893054.00752366 121893131.89752366 902
50.4 0.0 106616531.54130633 106616609.43130633 1008
55.0 0.0 101669528.3132727 101669606.2032727 1100
57.95 0.0 85705875.21382849 85705953.10382849 1159
68.85 0.0 79101361.1650574 79101439.0550574 1377
88.8 0.0 69312858.2409622 69312936.13096221 1776
110.25 0.0 58772957.96370481 58773035.85370481 2205
114.5 0.0 52031245.386924565 52031323.276924565 2290
122.6 0.0 48716886.722688496 48716964.6126885 2452
128.05 0.0 44909714.38059117 44909792.27059117 2561
145.4 0.0 23995169.146339945 23995247.036339946 2908
170.95 0.0 23716583.67866097 23716661.56866097 3419
211.8 0.0 23713736.510755654 23713814.400755655 4236
217.2 0.0 18428027.45274355 18428105.34274355 4344
228.1 0.0 17945236.098425712 17945313.988425713 4562
244.05 0.0 17046019.76680713 17046097.656807132 4881
248.4 0.0 10746357.22203192 10746435.11203192 4968
301.5 0.0 9724648.599900594 9724726.489900595 6030
305.4 0.0 8109109.32705393 8109187.217053929 6108
322.3 0.0 7729254.175417998 7729332.065417998 6446
333.85 0.0 7713753.010162668 7713830.900162668 6677
344.55 0.0 5320632.20610118 5320710.09610118 6891
352.55 0.0 3843513.6665098793 3843591.5565098794 7051
396.15 0.0 3659145.4814044833 3659223.3714044834 7923
432.1 0.0 2943825.7212243406 2943903.6112243407 8642
452.75 0.0 1785493.569048397 1785571.459048397 9055
