7.55 0.0 164975.72124759262 165006.57124759263 151
10.05 0.0 126219.41754036765 126250.26754036765 201
23.5 0.0 101840.38141652243 101871.23141652244 470
32.75 0.0 49880.23947926167 49911.08947926167 655
54.3 0.0 41546.869747723475 41577.71974772347 1086
60.15 0.0 38075.32247274069 38106.17247274069 1203
62.75 0.0 34129.13129414217 34159.98129414217 1255
72.75 0.0 33540.11189303705 33570.96189303705 1455
76.8 0.0 15735.892530920599 15766.7425309206 1536
99.3 0.06557377049180328 1953.8258605333012 1984.6758605333011 1986
114.3 0.09836065573770492 878.62964291729 909.47964291729 2286
119.3 0.09836065573770492 797.9681179701316 828.8181179701317 2386
149.25 0.09836065573770492 740.7573742480745 771.6073742480745 2985
166.75 0.09836065573770492 731.7335791672058 762.5835791672058 3335
168.7 0.09836065573770492 725.2783639594088 756.1283639594088 3374
182.8 0.11475409836065574 616.0519122674048 646.9019122674048 3656
312.8 0.11475409836065574 491.9114854978717 522.7614854978717 6256
318.0 0.11475409836065574 484.6345445668197 515.4845445668197 6360
320.1 0.13114754098360656 383.8778292072293 414.7278292072293 6402
329.5 0.13114754098360656 269.1123369399969 299.96233693999693 6590
352.0 0.13114754098360656 265.95652474820935 296.80652474820937 7040
