% fevals/dim | frac | F - F_opt (32.7) | best fitness | fevals
3.05 0.18032786885245902 64.34826789424882 97.04826789424882 61
4.15 0.19672131147540983 41.769972611834845 74.46997261183485 83
8.85 0.21311475409836064 35.39539833070536 68.09539833070536 177
14.25 0.22950819672131148 17.949601120094222 50.649601120094225 285
31.25 0.2459016393442623 15.67384385863835 48.37384385863835 625
35.3 0.2459016393442623 12.439017908076003 45.139017908076006 706
42.2 0.2459016393442623 12.01298754214541 44.71298754214541 844
51.25 0.2459016393442623 10.229330895129365 42.92933089512937 1025
55.15 0.26229508196721313 9.428891469451962 42.128891469451965 1103
62.4 0.26229508196721313 6.851211174822666 39.55121117482267 1248
97.35 0.26229508196721313 6.459693360434628 39.15969336043463 1947
101.95 0.2786885245901639 5.906021291368866 38.60602129136887 2039
110.5 0.2786885245901639 5.813734934029668 38.51373493402967 2210
116.9 0.2786885245901639 5.802453707414422 38.502453707414425 2338
130.05 0.2786885245901639 5.023212923616725 37.72321292361673 2601
138.95 0.2786885245901639 4.4132969229014805 37.11329692290148 2779
165.35 0.2786885245901639 4.233919185749258 36.93391918574926 3307
177.0 0.2786885245901639 4.1940967972520795 36.89409679725208 3540
179.1 0.29508196721311475 3.7560207379648105 36.45602073796481 3582
193.15 0.29508196721311475 3.193985414512774 35.89398541451278 3863
237.55 0.29508196721311475 3.1466452942894563 35.84664529428946 4751
243.1 0.29508196721311475 2.6964289853043297 35.39642898530433 4862
267.5 0.3114754098360656 2.427588580046937 35.12758858004694 5350
292.6 0.3114754098360656 2.3563633859342517 35.056363385934254 5852
321.1 0.3114754098360656 2.326989232163214 35.02698923216322 6422
323.35 0.3114754098360656 2.1930248935303 34.8930248935303 6467
337.0 0.3114754098360656 2.067225333405247 34.76722533340525 6740
357.35 0.3114754098360656 1.85432150462605 34.55432150462605 7147
375.4 0.3114754098360656 1.7506871685841574 34.45068716858416 7508
386.5 0.3114754098360656 1.692205983254624 34.39220598325463 7730
444.9 0.3114754098360656 1.6694890533326259 34.36948905333263 8898
