3.4 0.0 28857.19470166478 28667.40470166478 68
27.4 0.0 19923.47438215757 19733.684382157568 548
44.15 0.0 11866.55085494797 11676.760854947968 883
50.85 0.01639344262295082 9317.824189347968 9128.034189347967 1017
60.9 0.01639344262295082 8554.124213975168 8364.334213975168 1218
70.3 0.03278688524590164 4127.105346576771 3937.315346576771 1406
90.4 0.03278688524590164 3989.6170402471703 3799.8270402471703 1808
90.55 0.04918032786885246 3090.810369290368 2901.020369290368 1811
97.25 0.06557377049180328 2191.7216610535684 2001.9316610535684 1945
103.4 0.08196721311475409 1511.1484477927686 1321.3584477927686 2068
130.0 0.08196721311475409 1274.0121934119688 1084.2221934119689 2600
134.6 0.08196721311475409 1086.9808216615693 897.1908216615693 2692
139.05 0.09836065573770492 947.270882013569 757.480882013569 2781
150.0 0.09836065573770492 792.732166397569 602.942166397569 3000
180.15 0.11475409836065574 574.9251796679689 385.13517966796894 3603
203.6 0.11475409836065574 536.319603783169 346.529603783169 4072
226.0 0.11475409836065574 532.540166019969 342.750166019969 4520
232.7 0.11475409836065574 516.920978768769 327.13097876876907 4654
241.2 0.13114754098360656 388.031722355969 198.24172235596902 4824
264.3 0.13114754098360656 345.00064684876907 155.21064684876907 5286
297.1 0.13114754098360656 337.1357734919691 147.34577349196908 5942
305.0 0.13114754098360656 287.306920535169 97.51692053516902 6100
336.15 0.14754098360655737 239.20555512396888 49.415555123968886 6723
359.05 0.14754098360655737 178.13530027276897 -11.65469972723102 7181
396.8 0.14754098360655737 172.78200272396901 -17.007997276030977 7936
438.1 0.16393442622950818 156.14314150156895 -33.646858498431044 8762
