% fevals/dim | frac | F - F_opt (77.89) | best fitness | fevals
3.0 0.0 183884736.1733244 183884814.0633244 60
13.05 0.0 142222062.98588315 142222140.87588313 261
13.95 0.0 100304047.45922107 100304125.34922107 279
21.45 0.0 58689293.88078286 58689371.77078286 429
38.2 0.0 37399125.487210505 37399203.377210505 764
58.9 0.0 35106260.43737447 35106338.32737447 1178
71.7 0.0 34587010.719691835 34587088.609691836 1434
74.25 0.0 32763156.20729347 32763234.09729347 1485
82.35 0.0 27813037.763814952 27813115.653814953 1647
91.0 0.0 20113353.27165749 20113431.16165749 1820
116.45 0.0 16865329.173455555 16865407.063455556 2329
124.3 0.0 14293578.904912446 14293656.794912446 2486
141.25 0.0 13532077.1463528 13532155.0363528 2825
155.0 0.0 11529454.776493475 11529532.666493475 3100
157.85 0.0 8701247.497007862 8701325.387007862 3157
173.7 0.0 7773214.623693583 7773292.513693582 3474
180.4 0.0 6337171.751194251 6337249.64119425 3608
190.45 0.0 5641677.7115924405 5641755.60159244 3809
218.6 0.0 4788348.392619497 4788426.282619497 4372
234.0 0.0 4236260.12242006 4236338.01242006 4680
236.65 0.0 3845460.9826973802 3845538.8726973804 4733
245.9 0.0 3691571.403577369 3691649.2935773693 4918
254.1 0.0 3491659.512733311 3491737.402733311 5082
261.9 0.0 3467269.850167319 3467347.7401673193 5238
267.0 0.0 2783426.534104293 2783504.4241042933 5340
273.7 0.0 2295601.777160842 2295679.667160842 5474
297.9 0.0 2103194.5703336955 2103272.4603336956 5958
311.3 0.0 1785493.569048397 1785571.459048397 6226
335.7 0.0 1765108.2795073176 1765186.1695073175 6714
350.8 0.0 1278239.997207791 1278317.887207791 7016
