19.3 0.0 30401.522796759167 30211.732796759166 386
28.75 0.0 20985.608661799164 20795.818661799163 575
33.7 0.0 20144.935407424768 19955.145407424767 674
39.2 0.0 18962.47047386317 18772.68047386317 784
44.7 0.0 18943.50766986636 18753.71766986636 894
47.35 0.0 18386.471452493566 18196.681452493565 947
50.1 0.0 14916.777599763971 14726.98759976397 1002
57.3 0.01639344262295082 7872.50288445837 7682.71288445837 1146
60.8 0.01639344262295082 6744.048313783171 6554.258313783171 1216
63.55 0.03278688524590164 5523.765975050371 5333.975975050371 1271
66.3 0.04918032786885246 3050.9559416295697 2861.1659416295697 1326
77.3 0.04918032786885246 2906.87708040717 2717.08708040717 1546
80.05 0.04918032786885246 2849.80265629197 2660.01265629197 1601
100.65 0.06557377049180328 2403.3129258855697 2213.5229258855697 2013
106.15 0.06557377049180328 2093.3266521991695 1903.5366521991696 2123
117.8 0.06557377049180328 1918.7694750631688 1728.9794750631688 2356
125.4 0.06557377049180328 1757.5986816423692 1567.8086816423693 2508
128.8 0.08196721311475409 1416.2006588327695 1226.4106588327695 2576
130.6 0.08196721311475409 1384.1363494311686 1194.3463494311686 2612
135.0 0.08196721311475409 1308.191409402369 1118.401409402369 2700
139.05 0.08196721311475409 1082.4162760263691 892.6262760263692 2781
158.45 0.08196721311475409 1002.1942353383689 812.404235338369 3169
164.55 0.09836065573770492 935.3725612967688 745.5825612967689 3291
166.85 0.09836065573770492 857.2115948007687 667.4215948007687 3337
171.7 0.11475409836065574 576.8090136871691 387.01901368716915 3434
197.9 0.11475409836065574 414.6729172359689 224.8829172359689 3958
217.05 0.13114754098360656 374.16418075916897 184.37418075916898 4341
227.75 0.13114754098360656 273.9613131367689 84.17131313676893 4555
247.0 0.14754098360655737 179.005121136769 -10.784878863231 4940
294.9 0.14754098360655737 165.1325945447689 -24.6574054552311 5898
332.5 0.16393442622950818 148.49373332236885 -41.29626667763114 6650
