3.9 0.06557377049180328 2056.6769777492214 1833.6969777492213 78
6.2 0.06557377049180328 1911.1569639957495 1688.1769639957495 124
13.15 0.06557377049180328 1822.0199913162614 1599.0399913162614 263
15.7 0.08196721311475409 1531.4381581234622 1308.4581581234622 314
27.45 0.08196721311475409 1446.1116939119183 1223.1316939119183 549
32.7 0.08196721311475409 1268.699506061065 1045.719506061065 654
33.55 0.08196721311475409 1234.070590983507 1011.0905909835069 671
42.55 0.08196721311475409 1225.2650774634649 1002.2850774634649 851
47.6 0.08196721311475409 1064.824849615932 841.8448496159319 952
70.0 0.09836065573770492 916.5311736945338 693.5511736945338 1400
88.0 0.09836065573770492 872.6309048585531 649.6509048585531 1760
103.6 0.09836065573770492 853.3843793037041 630.4043793037041 2072
112.7 0.09836065573770492 831.7114519003137 608.7314519003137 2254
121.2 0.09836065573770492 806.923564537235 583.943564537235 2424
133.9 0.09836065573770492 781.0203107833614 558.0403107833614 2678
141.5 0.09836065573770492 778.8466897157095 555.8666897157095 2830
146.25 0.09836065573770492 752.7386261383479 529.7586261383478 2925
158.6 0.09836065573770492 730.7150047683426 507.7350047683426 3172
167.5 0.09836065573770492 706.8848384691072 483.9048384691072 3350
185.35 0.09836065573770492 683.0710599146689 460.0910599146689 3707
192.4 0.11475409836065574 604.0873312554621 381.1073312554621 3848
194.95 0.11475409836065574 587.8127901667657 364.8327901667657 3899
229.95 0.11475409836065574 580.6545365940773 357.67453659407727 4599
232.3 0.11475409836065574 573.692709758399 350.712709758399 4646
237.4 0.11475409836065574 522.1728226604148 299.1928226604148 4748
279.75 0.11475409836065574 498.715118862812 275.735118862812 5595
287.4 0.11475409836065574 449.07933773764984 226.09933773764985 5748
298.15 0.11475409836065574 439.93517442156156 216.95517442156157 5963
310.1 0.11475409836065574 427.11824211694284 204.13824211694285 6202
328.3 0.11475409836065574 418.21719548502966 195.23719548502967 6566
345.35 0.11475409836065574 406.8696612084151 183.8896612084151 6907
353.0 0.13114754098360656 377.7629050005686 154.7829050005686 7060
368.15 0.13114754098360656 369.4409042368951 146.46090423689512 7363
378.5 0.13114754098360656 338.6238089007567 115.64380890075674 7570
416.6 0.13114754098360656 322.6523373898006 99.67233738980062 8332
