% fevals/dim | frac | F - F_opt (-222.98) | best fitness | fevals
2.85 0.06557377049180328 2380.773389371376 2157.793389371376 57
6.6 0.06557377049180328 1972.7172947662048 1749.7372947662047 132
20.95 0.08196721311475409 1274.4143352552974 1051.4343352552974 419
55.15 0.08196721311475409 1078.6912529906263 855.7112529906262 1103
121.15 0.08196721311475409 1078.4420886969892 855.4620886969892 2423
138.3 0.08196721311475409 1038.0971466253202 815.1171466253202 2766
162.4 0.08196721311475409 1033.0675475290848 810.0875475290848 3248
173.85 0.08196721311475409 1008.8187171569718 785.8387171569718 3477
181.15 0.09836065573770492 965.401441882373 742.421441882373 3623
202.65 0.09836065573770492 809.3599349530081 586.379934953008 4053
260.65 0.09836065573770492 791.3904882103623 568.4104882103622 5213
280.35 0.09836065573770492 723.555843512973 500.57584351297294 5607
281.8 0.09836065573770492 719.1784372680706 496.1984372680706 5636
315.55 0.11475409836065574 601.0276811279738 378.04768112797376 6311
322.9 0.11475409836065574 537.3116055371838 314.3316055371838 6458
422.0 0.11475409836065574 462.5095357111711 239.52953571117112 8440
481.15 0.11475409836065574 426.36780872297123 203.38780872297124 9623
