% fevals/dim | frac | F - F_opt (-51.91) | best fitness | fevals
4.3 0.0 3099950.069193463 3099898.1591934627 86
9.55 0.0 2618896.7743660565 2618844.8643660564 191
14.1 0.0 1657032.3997546881 1656980.4897546882 282
19.1 0.0 985837.2281769988 985785.3181769988 382
37.3 0.0 535918.7773833125 535866.8673833124 746
62.05 0.0 372439.35539380065 372387.4453938007 1241
113.8 0.0 306343.63952560007 306291.7295256001 2276
163.35 0.0 177930.89948280193 177878.98948280193 3267
219.3 0.0 161027.75391150962 160975.8439115096 4386
451.35 0.0 122014.50163095718 121962.59163095718 9027
