% fevals/dim | frac | F - F_opt (-51.91) | best fitness | fevals
4.3 0.0 3099950.069193463 3099898.1591934627 86
9.5 0.0 1751520.9657773338 1751469.055777334 190
36.45 0.0 1077269.1455743213 1077217.2355743214 729
49.35 0.0 1013896.8411717626 1013844.9311717625 987
54.0 0.0 991400.578773547 991348.6687735469 1080
74.85 0.0 924297.4530673512 924245.5430673512 1497
88.4 0.0 654768.4899300765 654716.5799300765 1768
92.5 0.0 301486.8086293292 301434.8986293292 1850
139.8 0.0 296050.37901266926 295998.4690126693 2796
195.25 0.0 294355.64781394287 294303.7378139429 3905
361.75 0.0 148386.75760333112 148334.84760333112 7235
