% fevals/dim | frac | F - F_opt (-222.98) | best fitness | fevals
2.85 0.06557377049180328 2380.773389371376 2157.793389371376 57
6.55 0.06557377049180328 2234.0845127781304 2011.1045127781304 131
9.05 0.06557377049180328 1869.1517393794074 1646.1717393794074 181
12.75 0.06557377049180328 1842.1305867255317 1619.1505867255316 255
22.75 0.08196721311475409 1570.2534628207504 1347.2734628207504 455
33.85 0.08196721311475409 1561.004300053571 1338.0243000535709 677
48.45 0.08196721311475409 1453.8340529799038 1230.8540529799038 969
67.45 0.08196721311475409 1405.42442143214 1182.44442143214 1349
73.95 0.08196721311475409 1349.955462866949 1126.9754628669489 1479
76.75 0.08196721311475409 1316.8931481017703 1093.9131481017703 1535
81.35 0.08196721311475409 1285.8284920194997 1062.8484920194996 1627
83.25 0.08196721311475409 1174.733376936171 951.753376936171 1665
99.3 0.08196721311475409 1132.8149610711891 909.8349610711891 1986
110.05 0.08196721311475409 1035.1094247937128 812.1294247937128 2201
113.75 0.09836065573770492 917.7861455041 694.8061455041 2275
157.55 0.09836065573770492 913.1637506531781 690.1837506531781 3151
160.65 0.09836065573770492 786.0032028841649 563.0232028841649 3213
194.65 0.09836065573770492 728.0621274768228 505.08212747682273 3893
223.65 0.09836065573770492 712.9458812793467 489.9658812793467 4473
229.3 0.11475409836065574 623.2768351609749 400.29683516097487 4586
281.45 0.11475409836065574 594.1484149160892 371.1684149160892 5629
306.15 0.11475409836065574 593.5295897549496 370.5495897549496 6123
319.9 0.11475409836065574 565.991827286065 343.011827286065 6398
327.4 0.11475409836065574 560.512768759041 337.532768759041 6548
352.4 0.11475409836065574 559.7886161660502 336.80861616605023 7048
369.7 0.11475409836065574 500.3646762571344 277.3846762571344 7394
394.45 0.11475409836065574 498.9740872788544 275.9940872788544 7889
410.3 0.11475409836065574 469.28688817794085 246.30688817794086 8206
417.7 0.11475409836065574 468.31355305822 245.33355305822002 8354
426.75 0.11475409836065574 462.8060868068386 239.82608680683862 8535
437.7 0.11475409836065574 423.6269797419862 200.6469797419862 8754
473.55 0.11475409836065574 414.9808531284919 192.0008531284919 9471
