% fevals/dim | frac | F - F_opt (-51.91) | best fitness | fevals
1.4 0.0 7670008.739100861 7669956.829100861 28
5.0 0.0 2985430.504468645 2985378.594468645 100
10.0 0.0 1029278.683607362 1029226.773607362 200
27.5 0.0 828109.1468497815 828057.2368497815 550
27.55 0.0 790981.6356965214 790929.7256965213 551
49.3 0.0 437571.34069639107 437519.4306963911 986
91.75 0.0 299213.1020707188 299161.19207071885 1835
196.75 0.0 195281.03273804882 195229.1227380488 3935
257.3 0.0 168336.51057654517 168284.60057654517 5146
297.3 0.0 155166.18068185422 155114.27068185422 5946
376.35 0.0 134099.63333214226 134047.72333214225 7527
