% fevals/dim | frac | F - F_opt (273.15) | best fitness | fevals
2.35 0.18032786885245902 71.77980285308587 344.92980285308585 47
9.4 0.18032786885245902 68.21670572450375 341.36670572450373 188
22.45 0.18032786885245902 64.06855553857514 337.2185555385751 449
29.5 0.19672131147540983 51.5322643822019 324.6822643822019 590
33.55 0.21311475409836064 38.85310491643281 312.0031049164328 671
50.05 0.21311475409836064 29.15292895562169 302.30292895562167 1001
77.7 0.21311475409836064 28.705985989567523 301.8559859895675 1554
80.45 0.21311475409836064 25.677336843663852 298.82733684366383 1609
114.55 0.22950819672131148 16.3896862447844 289.5396862447844 2291
215.05 0.22950819672131148 16.27493714857195 289.4249371485719 4301
227.5 0.2459016393442623 15.641577386521647 288.7915773865216 4550
235.2 0.2459016393442623 14.27299530793863 287.4229953079386 4704
261.0 0.2459016393442623 12.954766228390952 286.10476622839093 5220
297.85 0.2459016393442623 10.694168877750826 283.8441688777508 5957
408.25 0.2459016393442623 10.342914942513062 283.49291494251304 8165
441.4 0.26229508196721313 9.610687247941712 282.7606872479417 8828
477.25 0.26229508196721313 9.018637239559155 282.16863723955913 9545
