% fevals/dim | frac | F - F_opt (30.85) | best fitness | fevals
3.3 0.0 125626.90265938539 125657.7526593854 66
6.8 0.0 123120.65356054522 123151.50356054523 136
11.2 0.0 118529.14216003129 118559.9921600313 224
17.35 0.0 77478.33346942412 77509.18346942413 347
26.05 0.0 62675.018547983964 62705.86854798396 521
32.75 0.0 29029.952630651995 29060.802630651993 655
34.85 0.0 13355.01888977334 13385.868889773341 697
43.45 0.0 10760.190728620735 10791.040728620736 869
56.85 0.01639344262295082 9559.215182265463 9590.065182265464 1137
61.2 0.08196721311475409 1244.891147223965 1275.7411472239648 1224
71.35 0.14754098360655737 216.76250867799786 247.61250867799785 1427
111.05 0.14754098360655737 212.56174205918535 243.41174205918534 2221
113.45 0.14754098360655737 193.1486499850293 223.9986499850293 2269
129.45 0.14754098360655737 162.10168344455 192.95168344454999 2589
141.05 0.14754098360655737 162.00224659227436 192.85224659227435 2821
145.1 0.16393442622950818 116.9736735947885 147.8236735947885 2902
173.85 0.16393442622950818 112.9969450080728 143.8469450080728 3477
196.95 0.16393442622950818 108.83434470557393 139.68434470557392 3939
235.95 0.16393442622950818 105.87100847910654 136.72100847910653 4719
301.7 0.18032786885245902 97.39687276551683 128.24687276551683 6034
314.85 0.18032786885245902 94.18770470597917 125.03770470597917 6297
365.3 0.18032786885245902 90.42729188448823 121.27729188448822 7306
368.1 0.18032786885245902 88.25357929540905 119.10357929540905 7362
372.85 0.18032786885245902 87.74146374995891 118.5914637499589 7457
374.05 0.18032786885245902 77.78967517705593 108.63967517705592 7481
404.3 0.18032786885245902 73.57869850548371 104.42869850548371 8086
418.75 0.18032786885245902 65.80301673640258 96.65301673640258 8375
435.1 0.18032786885245902 63.13978824335263 93.98978824335263 8702
472.65 0.19672131147540983 53.74934634815555 84.59934634815555 9453
