% fevals/dim | frac | F - F_opt (99.8) | best fitness | fevals
1.65 0.18032786885245902 79.83923816350138 179.63923816350137 33
10.05 0.18032786885245902 77.82526438922339 177.6252643892234 201
17.75 0.18032786885245902 77.00961338876648 176.80961338876648 355
26.75 0.18032786885245902 72.53303460740058 172.33303460740058 535
30.6 0.18032786885245902 71.73116805927641 171.5311680592764 612
42.45 0.18032786885245902 71.48525887765764 171.28525887765764 849
46.6 0.18032786885245902 67.10061583746337 166.90061583746336 932
69.7 0.18032786885245902 65.23082123010671 165.0308212301067 1394
73.55 0.19672131147540983 48.71067244266949 148.5106724426695 1471
104.55 0.19672131147540983 48.44892242592091 148.2489224259209 2091
132.9 0.19672131147540983 40.828753185432916 140.6287531854329 2658
142.9 0.21311475409836064 32.282525514266084 132.08252551426608 2858
160.5 0.21311475409836064 28.41749738013273 128.21749738013273 3210
179.75 0.21311475409836064 26.572700878394727 126.37270087839472 3595
189.05 0.21311475409836064 26.020570209230044 125.82057020923004 3781
192.9 0.21311475409836064 25.37737799289114 125.17737799289114 3858
196.8 0.22950819672131148 23.371307273557775 123.17130727355777 3936
200.6 0.22950819672131148 20.798765435761823 120.59876543576182 4012
223.7 0.2459016393442623 15.695682608925154 115.49568260892515 4474
286.1 0.2459016393442623 14.155217123324292 113.95521712332429 5722
310.3 0.2459016393442623 13.511083795693722 113.31108379569372 6206
319.3 0.2459016393442623 10.89295735627853 110.69295735627853 6386
365.9 0.2459016393442623 10.515247784317665 110.31524778431766 7318
382.9 0.2459016393442623 10.49315122864077 110.29315122864077 7658
420.25 0.2459016393442623 10.15229609844603 109.95229609844603 8405
430.8 0.2459016393442623 10.024624900650878 109.82462490065087 8616
434.65 0.26229508196721313 9.590617101940808 109.3906171019408 8693
466.45 0.26229508196721313 9.062865441061305 108.8628654410613 9329
483.0 0.26229508196721313 8.995183281440987 108.79518328144098 9660
