8.25 0.03278688524590164 5864.613208082383 5719.033208082383 165
23.9 0.03278688524590164 5129.838273949215 4984.258273949215 478
31.75 0.04918032786885246 3184.4716278705723 3038.8916278705724 635
39.5 0.06557377049180328 2318.8101694929833 2173.2301694929834 790
40.9 0.11475409836065574 547.366614708233 401.78661470823295 818
54.15 0.11475409836065574 526.2963725239543 380.7163725239543 1083
56.8 0.11475409836065574 526.1077384756971 380.5277384756971 1136
70.6 0.11475409836065574 496.4417710060451 350.86177100604505 1412
72.8 0.13114754098360656 370.5570984146842 224.9770984146842 1456
76.75 0.18032786885245902 73.3120890121227 -72.26791098787731 1535
83.4 0.29508196721311475 3.866244609085726 -141.7137553909143 1668
99.3 0.29508196721311475 3.6447129504396116 -141.9352870495604 1986
105.9 0.29508196721311475 3.1427381857924956 -142.43726181420752 2118
138.3 0.29508196721311475 3.06574233184665 -142.51425766815336 2766
150.6 0.29508196721311475 3.0318292297390883 -142.54817077026092 3012
157.65 0.29508196721311475 2.8874762195667074 -142.6925237804333 3153
217.7 0.29508196721311475 2.8544378341611605 -142.72556216583885 4354
221.55 0.29508196721311475 2.778576418694854 -142.80142358130516 4431
260.5 0.29508196721311475 2.7334852855181566 -142.84651471448186 5210
296.7 0.29508196721311475 2.678018073365223 -142.9019819266348 5934
334.55 0.3114754098360656 2.465149630053304 -143.1148503699467 6691
366.7 0.3114754098360656 2.339223246143092 -143.24077675385692 7334
383.65 0.3114754098360656 2.3091439424692055 -143.2708560575308 7673
389.7 0.3114754098360656 2.2684251799585695 -143.31157482004144 7794
422.0 0.3114754098360656 2.238345876284683 -143.34165412371533 8440
