% fevals/dim | frac | F - F_opt (-51.91) | best fitness | fevals
1.4 0.0 7670008.739100861 7669956.829100861 28
3.75 0.0 1421579.2876287268 1421527.377628727 75
22.3 0.0 1232935.3514395047 1232883.4414395047 446
24.95 0.0 1014213.4565064398 1014161.5465064398 499
31.45 0.0 732271.4177558442 732219.5077558442 629
50.6 0.0 351366.9662513097 351315.05625130975 1012
155.5 0.0 348495.1497402334 348443.2397402334 3110
167.8 0.0 167154.8672895842 167102.95728958418 3356
472.7 0.0 104376.79973343913 104324.88973343912 9454
