17.75 0.09836065573770492 728.094843010428 688.794843010428 355
22.95 0.11475409836065574 624.4971955752618 585.1971955752618 459
41.65 0.11475409836065574 600.0823858301953 560.7823858301954 833
50.9 0.11475409836065574 584.8609565963707 545.5609565963707 1018
54.05 0.11475409836065574 522.5413195920723 483.24131959207233 1081
73.6 0.11475409836065574 459.333875768566 420.03387576856596 1472
82.7 0.11475409836065574 457.4075842135676 418.1075842135676 1654
124.85 0.11475409836065574 443.64617363500554 404.3461736350055 2497
141.1 0.11475409836065574 442.633568122234 403.333568122234 2822
158.9 0.11475409836065574 442.13238372075136 402.83238372075135 3178
163.95 0.11475409836065574 435.36098536630305 396.06098536630304 3279
173.55 0.11475409836065574 433.11534376329837 393.81534376329836 3471
193.15 0.11475409836065574 421.14255278173033 381.8425527817303 3863
211.8 0.11475409836065574 409.5249571718249 370.2249571718249 4236
313.85 0.11475409836065574 407.5327627200452 368.2327627200452 6277
381.65 0.11475409836065574 402.8999514762827 363.5999514762827 7633
413.9 0.13114754098360656 391.89509801303217 352.59509801303216 8278
