% fevals/dim | frac | F - F_opt (99.53) | best fitness | fevals
16.55 0.14754098360655737 222.5065702258871 322.0365702258871 331
59.55 0.14754098360655737 211.4483348771263 310.9783348771263 1191
107.9 0.16393442622950818 142.2178661153289 241.7478661153289 2158
170.8 0.16393442622950818 116.48289133642751 216.01289133642751 3416
206.95 0.18032786885245902 86.45112078865628 185.98112078865628 4139
274.0 0.19672131147540983 58.456515194557625 157.98651519455763 5480
326.75 0.19672131147540983 57.75316458293824 157.28316458293824 6535
344.2 0.19672131147540983 57.49832564271284 157.02832564271284 6884
375.6 0.19672131147540983 39.94410665695497 139.47410665695497 7512
383.2 0.22950819672131148 16.724698255883553 116.25469825588355 7664
