27.3 0.09836065573770492 670.902709101044 631.6027091010441 546
56.1 0.09836065573770492 643.0271627322402 603.7271627322402 1122
61.7 0.11475409836065574 596.608228839945 557.3082288399451 1234
67.0 0.11475409836065574 566.1751594138957 526.8751594138957 1340
84.9 0.11475409836065574 561.0248947239584 521.7248947239584 1698
103.8 0.11475409836065574 506.45024315017395 467.15024315017394 2076
114.25 0.11475409836065574 477.19937779032654 437.8993777903265 2285
130.15 0.11475409836065574 404.76526975853096 365.46526975853095 2603
156.55 0.13114754098360656 380.3363841589353 341.0363841589353 3131
164.1 0.13114754098360656 378.0965284992383 338.79652849923826 3282
177.9 0.13114754098360656 346.87454320763777 307.57454320763776 3558
194.1 0.13114754098360656 321.640861406109 282.340861406109 3882
220.2 0.13114754098360656 317.7247417749094 278.42474177490936 4404
231.2 0.13114754098360656 314.7750295197829 275.4750295197829 4624
234.8 0.13114754098360656 312.8905075606319 273.59050756063186 4696
248.15 0.13114754098360656 310.87182592718773 271.5718259271877 4963
255.85 0.13114754098360656 299.85936502207517 260.55936502207516 5117
268.55 0.13114754098360656 299.594146094007 260.294146094007 5371
274.15 0.13114754098360656 275.14575423394814 235.84575423394813 5483
284.65 0.13114754098360656 269.0921670537645 229.7921670537645 5693
305.95 0.13114754098360656 266.92976312841114 227.62976312841113 6119
316.95 0.14754098360655737 249.1244337028665 209.8244337028665 6339
332.35 0.14754098360655737 246.69294763741397 207.39294763741395 6647
352.15 0.14754098360655737 242.5787636835152 203.2787636835152 7043
367.8 0.14754098360655737 239.7610796953166 200.46107969531658 7356
383.45 0.14754098360655737 230.24970150322588 190.94970150322587 7669
387.15 0.14754098360655737 205.8767886624962 166.5767886624962 7743
433.9 0.14754098360655737 205.10385957771462 165.8038595777146 8678
468.3 0.14754098360655737 203.07409509652717 163.77409509652716 9366
482.95 0.14754098360655737 198.3140890214719 159.01408902147188 9659
488.25 0.14754098360655737 197.84756374349342 158.5475637434934 9765
