% fevals/dim | frac | F - F_opt (99.53) | best fitness | fevals
1.6 0.14754098360655737 246.51314448670607 346.04314448670607 32
18.25 0.14754098360655737 220.71353791472413 320.24353791472413 365
32.75 0.14754098360655737 200.37947577065867 299.9094757706587 655
44.95 0.14754098360655737 189.41358098782322 288.9435809878232 899
53.6 0.14754098360655737 170.50906535173496 270.03906535173496 1072
56.55 0.14754098360655737 163.35954351740853 262.8895435174085 1131
70.15 0.16393442622950818 136.52844277465795 236.05844277465795 1403
75.7 0.16393442622950818 131.5753266544497 231.1053266544497 1514
88.45 0.16393442622950818 122.84183017820712 222.37183017820712 1769
92.15 0.18032786885245902 89.20954549850563 188.73954549850563 1843
113.2 0.18032786885245902 85.45984534857453 184.98984534857453 2264
116.7 0.18032786885245902 69.77191848601402 169.30191848601402 2334
123.1 0.18032786885245902 66.86039903161148 166.39039903161148 2462
126.6 0.18032786885245902 65.34276504029827 164.87276504029828 2532
144.1 0.19672131147540983 59.794916007679234 159.32491600767924 2882
152.85 0.19672131147540983 54.2012163031369 153.7312163031369 3057
162.55 0.19672131147540983 46.291403026167615 145.82140302616762 3251
164.75 0.21311475409836064 37.828906100029656 137.35890610002966 3295
181.1 0.21311475409836064 28.789505942868857 128.31950594286886 3622
208.5 0.21311475409836064 25.98799190169305 125.51799190169305 4170
221.05 0.22950819672131148 20.51754994282871 120.04754994282871 4421
235.4 0.22950819672131148 16.808973147431516 116.33897314743152 4708
238.9 0.2459016393442623 13.741289401235974 113.27128940123598 4778
242.85 0.2459016393442623 13.535549831100198 113.0655498311002 4857
263.25 0.26229508196721313 7.77950424744995 107.30950424744995 5265
268.2 0.26229508196721313 7.562903143240433 107.09290314324043 5364
274.6 0.2786885245901639 5.524901413037583 105.05490141303758 5492
288.0 0.29508196721311475 2.636650898730352 102.16665089873035 5760
309.1 0.32786885245901637 1.4384498882876642 100.96844988828767 6182
