19.15 0.09836065573770492 710.3036557091284 671.0036557091285 383
23.65 0.11475409836065574 505.8707651910597 466.5707651910597 473
49.95 0.11475409836065574 469.72752275526994 430.42752275526993 999
60.0 0.13114754098360656 396.13931168547407 356.83931168547406 1200
72.35 0.13114754098360656 385.33431695078747 346.03431695078746 1447
86.55 0.13114754098360656 370.81026082881476 331.51026082881475 1731
89.7 0.13114754098360656 347.52703255792915 308.22703255792914 1794
114.35 0.13114754098360656 343.9036573930531 304.6036573930531 2287
139.75 0.13114754098360656 324.21389532219564 284.91389532219563 2795
148.1 0.13114754098360656 323.59915230811316 284.29915230811315 2962
167.9 0.13114754098360656 292.9111048791053 253.6111048791053 3358
197.15 0.13114754098360656 264.3427370801918 225.04273708019178 3943
208.35 0.13114754098360656 263.32424983155875 224.02424983155873 4167
227.7 0.13114754098360656 255.13240818292053 215.83240818292052 4554
234.55 0.14754098360655737 247.66710219825086 208.36710219825085 4691
257.35 0.14754098360655737 243.7705267196427 204.4705267196427 5147
262.95 0.14754098360655737 230.42224147268377 191.12224147268375 5259
271.3 0.14754098360655737 223.99693010403587 184.69693010403586 5426
299.3 0.14754098360655737 223.402377977659 184.102377977659 5986
330.85 0.14754098360655737 217.11458469355387 177.81458469355385 6617
344.1 0.14754098360655737 216.07689725696258 176.77689725696257 6882
351.2 0.14754098360655737 215.4823451305857 176.1823451305857 7024
362.3 0.14754098360655737 209.8686053707811 170.56860537078109 7246
397.05 0.14754098360655737 209.40208009280263 170.10208009280262 7941
