% fevals/dim | frac | F - F_opt (99.53) | best fitness | fevals
1.6 0.14754098360655737 246.51314448670607 346.04314448670607 32
5.65 0.14754098360655737 228.220688239189 327.750688239189 113
11.45 0.14754098360655737 227.70955476897367 327.2395547689737 229
19.55 0.14754098360655737 227.06928490058223 326.59928490058223 391
23.6 0.14754098360655737 211.53091201453518 311.0609120145352 472
25.9 0.14754098360655737 194.4070928484302 293.9370928484302 518
30.75 0.14754098360655737 171.47180889969158 271.0018088996916 615
38.05 0.14754098360655737 169.71828962622666 269.24828962622666 761
41.65 0.16393442622950818 150.1346652147911 249.6646652147911 833
49.0 0.16393442622950818 119.81505705265576 219.34505705265576 980
57.1 0.16393442622950818 107.82522737759385 207.35522737759385 1142
61.15 0.18032786885245902 86.25536170833172 185.78536170833172 1223
81.95 0.18032786885245902 66.52922488578204 166.05922488578204 1639
86.0 0.19672131147540983 48.94655027928596 148.47655027928596 1720
104.15 0.21311475409836064 36.102324525061476 135.63232452506148 2083
108.3 0.21311475409836064 25.36739001014449 124.89739001014449 2166
115.3 0.22950819672131148 24.61312248183154 124.14312248183154 2306
136.65 0.22950819672131148 17.70610282568728 117.23610282568728 2733
165.95 0.22950819672131148 16.506908463881445 116.03690846388145 3319
169.85 0.2459016393442623 13.973243466776466 113.50324346677647 3397
172.3 0.26229508196721313 7.0 106.53 3446
