% fevals/dim | frac | F - F_opt (-51.91) | best fitness | fevals
2.85 0.0 1699308.2810076457 1699256.3710076457 57
13.0 0.0 1165845.9031379444 1165793.9931379445 260
32.1 0.0 962295.319621374 962243.409621374 642
36.9 0.0 703537.0413930581 703485.1313930581 738
55.9 0.0 520178.40330180107 520126.4933018011 1118
60.95 0.0 396004.3561079289 395952.44610792893 1219
72.85 0.0 266712.85234397004 266660.94234397006 1457
117.5 0.0 171328.0445396723 171276.1345396723 2350
257.25 0.0 139392.08711746545 139340.17711746544 5145
318.8 0.0 122196.83650450746 122144.92650450746 6376
353.95 0.0 119516.15118482728 119464.24118482727 7079
355.55 0.0 106139.58644490512 106087.67644490511 7111
411.05 0.0 99800.07704427022 99748.16704427022 8221
433.05 0.0 92941.31373291573 92889.40373291573 8661
484.25 0.0 80870.37307016304 80818.46307016304 9685
