% fevals/dim | frac | F - F_opt (-16.94) | best fitness | fevals
1.2 0.18032786885245902 73.18777363271528 56.24777363271528 24
3.2 0.19672131147540983 44.82820335881087 27.888203358810866 64
10.05 0.19672131147540983 44.1292053302527 27.1892053302527 201
24.8 0.19672131147540983 42.34378871591418 25.403788715914178 496
29.0 0.19672131147540983 41.21147240054129 24.27147240054129 580
31.5 0.19672131147540983 41.19384873999604 24.25384873999604 630
34.45 0.21311475409836064 36.837752340489054 19.897752340489053 689
36.55 0.21311475409836064 30.56343753837646 13.623437538376457 731
48.35 0.21311475409836064 29.547709809677297 12.607709809677296 967
56.85 0.21311475409836064 26.117321840420043 9.177321840420042 1137
72.0 0.22950819672131148 24.99465090865286 8.05465090865286 1440
86.75 0.22950819672131148 18.837668645138287 1.8976686451382854 1735
179.2 0.22950819672131148 18.33314443590213 1.3931444359021299 3584
220.2 0.22950819672131148 17.604087581168578 0.6640875811685767 4404
226.8 0.2459016393442623 14.134720862805354 -2.8052791371946473 4536
235.75 0.2459016393442623 13.571934910359957 -3.3680650896400444 4715
238.6 0.2459016393442623 11.760610180901207 -5.179389819098795 4772
307.1 0.2459016393442623 10.87737890183131 -6.062621098168691 6142
358.85 0.26229508196721313 8.823474376452419 -8.116525623547583 7177
412.45 0.26229508196721313 7.6163636569202 -9.323636343079801 8249
462.6 0.26229508196721313 7.405975784493229 -9.534024215506772 9252
