% fevals/dim | frac | F - F_opt (99.53) | best fitness | fevals
1.6 0.14754098360655737 246.51314448670607 346.04314448670607 32
18.0 0.14754098360655737 192.93573188586535 292.46573188586535 360
30.8 0.14754098360655737 190.16024672734235 289.69024672734236 616
42.3 0.14754098360655737 174.60073044980723 274.13073044980723 846
48.1 0.16393442622950818 156.93947883345263 256.4694788334526 962
53.4 0.16393442622950818 141.1919880382077 240.7219880382077 1068
79.65 0.16393442622950818 130.43094206273426 229.96094206273426 1593
81.2 0.16393442622950818 120.1255116783685 219.6555116783685 1624
93.4 0.16393442622950818 116.20675203301974 215.73675203301974 1868
103.65 0.16393442622950818 104.66476043511935 204.19476043511935 2073
105.4 0.16393442622950818 102.30078854272793 201.83078854272793 2108
115.6 0.18032786885245902 97.01589140574035 196.54589140574035 2312
118.6 0.18032786885245902 82.92801336150538 182.45801336150538 2372
127.6 0.18032786885245902 79.2186955711962 178.7486955711962 2552
144.75 0.19672131147540983 61.50092519599551 161.0309251959955 2895
155.5 0.19672131147540983 55.69681629422931 155.2268162942293 3110
175.3 0.19672131147540983 52.92215086953564 152.45215086953564 3506
183.3 0.19672131147540983 46.84945433221023 146.37945433221023 3666
195.75 0.19672131147540983 46.72695793419226 146.25695793419226 3915
200.3 0.21311475409836064 37.85688970741367 137.38688970741367 4006
214.6 0.21311475409836064 37.62694269075615 137.15694269075615 4292
222.6 0.21311475409836064 35.64525025248963 135.17525025248963 4452
227.75 0.21311475409836064 35.16892966307012 134.69892966307012 4555
231.8 0.21311475409836064 35.04047318398426 134.57047318398426 4636
236.55 0.21311475409836064 31.929744773977916 131.45974477397792 4731
252.55 0.21311475409836064 26.00067258339203 125.53067258339203 5051
265.25 0.22950819672131148 24.605715532772876 124.13571553277288 5305
280.35 0.22950819672131148 21.307818797301294 120.8378187973013 5607
287.6 0.2459016393442623 14.21441044854977 113.74441044854977 5752
347.7 0.2459016393442623 13.21441044854977 112.74441044854977 6954
362.2 0.2459016393442623 12.21441044854977 111.74441044854977 7244
385.1 0.2459016393442623 11.94013546284664 111.47013546284664 7702
406.5 0.2459016393442623 10.94013546284664 110.47013546284664 8130
