41.45 0.09836065573770492 654.3380344475732 615.0380344475733 829
55.8 0.11475409836065574 593.6102676318849 554.3102676318849 1116
94.2 0.11475409836065574 589.2226326713336 549.9226326713336 1884
99.55 0.11475409836065574 570.5266782185876 531.2266782185876 1991
103.0 0.11475409836065574 551.3622206916799 512.06222069168 2060
108.85 0.11475409836065574 527.047697556891 487.74769755689096 2177
114.5 0.11475409836065574 466.2503403585316 426.9503403585316 2290
134.75 0.11475409836065574 398.66474916883436 359.36474916883435 2695
154.7 0.13114754098360656 387.86415062618556 348.56415062618555 3094
178.4 0.13114754098360656 366.2194156503531 326.9194156503531 3568
201.85 0.13114754098360656 351.5887674083307 312.28876740833067 4037
205.2 0.13114754098360656 349.76765291473043 310.4676529147304 4104
224.6 0.13114754098360656 343.09300482059297 303.79300482059296 4492
232.05 0.13114754098360656 337.81899152247644 298.5189915224764 4641
237.55 0.13114754098360656 327.59393756032716 288.29393756032715 4751
243.2 0.13114754098360656 325.6816440251457 286.3816440251457 4864
249.55 0.13114754098360656 317.127016785442 277.82701678544197 4991
261.55 0.13114754098360656 286.9766279041039 247.6766279041039 5231
313.5 0.13114754098360656 283.49317190009634 244.19317190009633 6270
328.95 0.13114754098360656 282.65557142272587 243.35557142272586 6579
334.15 0.13114754098360656 275.3439634998633 236.0439634998633 6683
345.15 0.14754098360655737 243.3567869829282 204.0567869829282 6903
411.5 0.14754098360655737 233.1122378694223 193.8122378694223 8230
444.55 0.14754098360655737 230.12270628198542 190.8227062819854 8891
446.4 0.14754098360655737 219.4018688586097 180.1018688586097 8928
463.3 0.14754098360655737 203.60048277218533 164.30048277218532 9266
