% fevals/dim | frac | F - F_opt (-99.25) | best fitness | fevals
2.3 0.19672131147540983 43.105723045242335 -56.144276954757665 46
3.05 0.21311475409836064 37.62771853716356 -61.62228146283644 61
17.25 0.22950819672131148 20.651253825402932 -78.59874617459707 345
31.3 0.22950819672131148 18.39896713729975 -80.85103286270025 626
34.2 0.2459016393442623 12.213368764026768 -87.03663123597323 684
51.35 0.2459016393442623 11.63503915561138 -87.61496084438862 1027
75.85 0.2459016393442623 11.521511981427565 -87.72848801857243 1517
80.25 0.2459016393442623 10.451645440112344 -88.79835455988766 1605
83.45 0.26229508196721313 8.682440533326684 -90.56755946667332 1669
90.1 0.26229508196721313 8.229808975593684 -91.02019102440632 1802
98.25 0.26229508196721313 6.887077550572187 -92.36292244942781 1965
124.2 0.26229508196721313 6.875339813424745 -92.37466018657526 2484
132.85 0.2786885245901639 5.103532861957021 -94.14646713804298 2657
152.0 0.2786885245901639 4.357131670022426 -94.89286832997757 3040
166.2 0.2786885245901639 4.050341379473011 -95.19965862052699 3324
176.4 0.29508196721311475 3.416714637282084 -95.83328536271792 3528
182.95 0.29508196721311475 3.382659425341785 -95.86734057465821 3659
194.0 0.29508196721311475 3.009460068384797 -96.2405399316152 3880
198.3 0.29508196721311475 2.930924428093988 -96.31907557190601 3966
203.85 0.29508196721311475 2.787277819034287 -96.46272218096571 4077
206.8 0.29508196721311475 2.608413975800417 -96.64158602419958 4136
223.3 0.3114754098360656 2.4110308620352754 -96.83896913796472 4466
227.1 0.3114754098360656 2.117052758083105 -97.1329472419169 4542
246.05 0.3114754098360656 2.088266393228807 -97.1617336067712 4921
259.5 0.3114754098360656 1.8402234526757297 -97.40977654732427 5190
292.05 0.3114754098360656 1.7968513674515805 -97.45314863254842 5841
298.45 0.3114754098360656 1.7264789333364234 -97.52352106666358 5969
305.75 0.32786885245901637 1.539192140989499 -97.7108078590105 6115
315.55 0.32786885245901637 1.349747168546827 -97.90025283145317 6311
322.4 0.32786885245901637 1.3282556006029154 -97.92174439939708 6448
326.85 0.32786885245901637 1.1453319296293216 -98.10466807037068 6537
335.55 0.3442622950819672 0.9377251825521711 -98.31227481744783 6711
356.9 0.3442622950819672 0.665333081392177 -98.58466691860782 7138
