% fevals/dim | frac | F - F_opt (-16.94) | best fitness | fevals
1.2 0.18032786885245902 73.18777363271528 56.24777363271528 24
7.5 0.18032786885245902 71.47015088411199 54.53015088411199 150
10.35 0.19672131147540983 50.55745801319672 33.617458013196725 207
13.8 0.19672131147540983 46.3318163199152 29.391816319915197 276
15.1 0.19672131147540983 39.95745877319764 23.017458773197635 302
22.25 0.21311475409836064 38.4945913248794 21.5545913248794 445
27.85 0.21311475409836064 38.25253293513199 21.312532935131987 557
29.3 0.21311475409836064 31.074235104578538 14.134235104578536 586
50.2 0.21311475409836064 26.552370738337043 9.612370738337042 1004
71.85 0.22950819672131148 24.561782380520246 7.621782380520244 1437
74.45 0.22950819672131148 20.74948672115063 3.8094867211506305 1489
94.25 0.22950819672131148 16.303462959457104 -0.6365370405428976 1885
130.25 0.2459016393442623 15.696163420519945 -1.2438365794800568 2605
137.95 0.2459016393442623 15.538197176087305 -1.4018028239126963 2759
150.25 0.2459016393442623 15.152892863812431 -1.7871071361875703 3005
186.7 0.2459016393442623 12.16196865924527 -4.7780313407547315 3734
228.7 0.2459016393442623 11.991491862259974 -4.948508137740028 4574
285.4 0.2459016393442623 11.635622946834584 -5.3043770531654175 5708
291.0 0.26229508196721313 9.4467742931684 -7.493225706831602 5820
408.6 0.26229508196721313 9.07600008518986 -7.863999914810142 8172
468.7 0.26229508196721313 7.476220518487214 -9.463779481512788 9374
480.05 0.26229508196721313 7.3602816160290345 -9.579718383970967 9601
