% fevals/dim | frac | F - F_opt (99.53) | best fitness | fevals
1.6 0.14754098360655737 246.51314448670607 346.04314448670607 32
18.15 0.14754098360655737 230.03321172293906 329.56321172293906 363
25.55 0.14754098360655737 229.4673076655681 328.9973076655681 511
40.4 0.14754098360655737 212.3152657307783 311.8452657307783 808
63.5 0.14754098360655737 210.01327343220257 309.54327343220257 1270
101.6 0.14754098360655737 173.13660758819046 272.66660758819046 2032
112.15 0.14754098360655737 171.36931835405468 270.8993183540547 2243
178.9 0.16393442622950818 148.5845192989076 248.1145192989076 3578
237.15 0.16393442622950818 145.91549235000835 245.44549235000835 4743
263.65 0.16393442622950818 133.4065459748652 232.9365459748652 5273
303.5 0.16393442622950818 133.24229148460748 232.77229148460748 6070
306.55 0.16393442622950818 128.93692736121764 228.46692736121764 6131
374.75 0.16393442622950818 124.00356686137829 223.5335668613783 7495
383.1 0.16393442622950818 107.00425557088025 206.53425557088025 7662
429.05 0.18032786885245902 93.44596120799483 192.97596120799483 8581
