% fevals/dim | frac | F - F_opt (-16.94) | best fitness | fevals
1.2 0.18032786885245902 73.18777363271528 56.24777363271528 24
8.8 0.18032786885245902 64.11901464426732 47.179014644267326 176
16.55 0.19672131147540983 47.63127758559469 30.691277585594687 331
20.35 0.19672131147540983 40.73821144433637 23.79821144433637 407
31.5 0.21311475409836064 34.04595311497485 17.10595311497485 630
44.45 0.21311475409836064 31.41479762187212 14.474797621872117 889
48.85 0.21311475409836064 28.352823897249056 11.412823897249055 977
77.5 0.21311475409836064 25.316845999609843 8.376845999609841 1550
92.85 0.22950819672131148 21.630813847898217 4.690813847898216 1857
111.6 0.22950819672131148 21.10461781789007 4.164617817890068 2232
143.35 0.22950819672131148 19.678206885795653 2.738206885795652 2867
158.05 0.22950819672131148 17.27055337428903 0.3305533742890283 3161
217.4 0.22950819672131148 16.34986983136941 -0.5901301686305906 4348
263.9 0.2459016393442623 15.556009208372371 -1.38399079162763 5278
276.45 0.2459016393442623 15.12213795899416 -1.8178620410058421 5529
306.75 0.2459016393442623 14.953669363647665 -1.9863306363523368 6135
334.0 0.2459016393442623 13.831831805121004 -3.1081681948789974 6680
363.3 0.2459016393442623 13.392653170682763 -3.547346829317238 7266
387.85 0.2459016393442623 12.34209197908143 -4.597908020918572 7757
407.3 0.2459016393442623 12.183581188734097 -4.756418811265904 8146
445.35 0.2459016393442623 12.12090303979186 -4.819096960208141 8907
