% fevals/dim | frac | F - F_opt (-51.91) | best fitness | fevals
2.85 0.0 1699308.2810076457 1699256.3710076457 57
12.35 0.0 1285246.6330237493 1285194.7230237494 247
21.35 0.0 1194996.3893666093 1194944.4793666094 427
25.0 0.0 1094926.908649921 1094874.998649921 500
30.0 0.0 1087425.7921152124 1087373.8821152125 600
39.25 0.0 1069271.1756879562 1069219.2656879562 785
44.0 0.0 741711.2649270485 741659.3549270484 880
51.05 0.0 657860.7189733257 657808.8089733256 1021
55.8 0.0 524555.8093001642 524503.8993001642 1116
58.25 0.0 461573.1782757276 461521.26827572763 1165
81.2 0.0 251025.15177945216 250973.24177945216 1624
144.45 0.0 246611.479181312 246559.569181312 2889
226.75 0.0 152628.7855416442 152576.8755416442 4535
243.5 0.0 128889.43545828854 128837.52545828854 4870
