% fevals/dim | frac | F - F_opt (-147.9) | best fitness | fevals
1.2 0.2459016393442623 11.581948219923788 -136.31805178007622 24
17.1 0.2459016393442623 11.21002055377673 -136.68997944622328 342
24.0 0.2459016393442623 10.501327703232448 -137.39867229676756 480
40.3 0.26229508196721313 8.513146118105425 -139.38685388189458 806
54.65 0.26229508196721313 8.471783661927418 -139.4282163380726 1093
74.5 0.26229508196721313 7.843737120830866 -140.05626287916914 1490
97.0 0.26229508196721313 7.363986227510168 -140.53601377248984 1940
122.75 0.26229508196721313 7.247644536953771 -140.65235546304623 2455
125.8 0.2786885245901639 5.862370170010593 -142.0376298299894 2516
189.8 0.2786885245901639 5.813930437939888 -142.08606956206012 3796
254.05 0.2786885245901639 5.6404115257474245 -142.25958847425258 5081
268.6 0.2786885245901639 5.581158262660523 -142.31884173733948 5372
287.5 0.2786885245901639 5.43896954039181 -142.4610304596082 5750
329.95 0.2786885245901639 4.838067654111086 -143.06193234588892 6599
443.85 0.2786885245901639 4.235646227305068 -143.66435377269494 8877
