% fevals/dim | frac | F - F_opt (-16.94) | best fitness | fevals
4.65 0.18032786885245902 70.97647575099495 54.03647575099495 93
8.95 0.19672131147540983 59.24322169020492 42.30322169020492 179
28.5 0.19672131147540983 46.64655922823862 29.70655922823862 570
35.7 0.19672131147540983 46.1575501273747 29.217550127374697 714
60.15 0.21311475409836064 37.01740330739243 20.077403307392427 1203
70.35 0.21311475409836064 32.88891458625525 15.948914586255245 1407
89.1 0.21311475409836064 29.69585652673922 12.755856526739219 1782
100.3 0.21311475409836064 28.432875126263966 11.492875126263964 2006
119.3 0.22950819672131148 23.76964908821062 6.829649088210619 2386
163.9 0.22950819672131148 22.31101431902291 5.371014319022908 3278
168.3 0.22950819672131148 21.647117622212917 4.707117622212916 3366
202.05 0.22950819672131148 19.636318775698136 2.696318775698135 4041
229.05 0.22950819672131148 19.259345505650522 2.3193455056505208 4581
247.8 0.22950819672131148 18.88701295340312 1.9470129534031173 4956
257.55 0.22950819672131148 18.427402743201974 1.4874027432019723 5151
275.4 0.22950819672131148 17.095637719750023 0.15563771975002183 5508
367.7 0.22950819672131148 16.87221399800497 -0.0677860019950316 7354
375.8 0.2459016393442623 13.193919237967974 -3.7460807620320278 7516
396.5 0.2459016393442623 12.61495285935866 -4.325047140641342 7930
409.65 0.2459016393442623 12.371625082843016 -4.568374917156985 8193
493.1 0.2459016393442623 11.264790095305333 -5.675209904694668 9862
