% fevals/dim | frac | F - F_opt (-147.9) | best fitness | fevals
1.2 0.2459016393442623 11.581948219923788 -136.31805178007622 24
19.6 0.2459016393442623 11.099929817516625 -136.80007018248338 392
20.6 0.2459016393442623 10.515845648179948 -137.38415435182006 412
32.05 0.2459016393442623 10.059428973826329 -137.84057102617368 641
36.9 0.26229508196721313 9.15707222225413 -138.74292777774588 738
44.1 0.26229508196721313 7.4321082641141345 -140.46789173588587 882
60.85 0.26229508196721313 7.34558573421927 -140.55441426578074 1217
66.15 0.26229508196721313 7.19624133581209 -140.70375866418792 1323
85.45 0.26229508196721313 6.499339048741689 -141.40066095125832 1709
106.1 0.2786885245901639 5.935743325938944 -141.96425667406106 2122
136.0 0.2786885245901639 5.847984904614037 -142.05201509538597 2720
163.7 0.2786885245901639 5.4316654032639065 -142.4683345967361 3274
166.35 0.2786885245901639 5.0645345845653935 -142.8354654154346 3327
248.15 0.2786885245901639 4.690650585340279 -143.20934941465973 4963
260.5 0.2786885245901639 4.437764972426066 -143.46223502757394 5210
268.45 0.2786885245901639 4.129848375955021 -143.77015162404498 5369
301.75 0.29508196721311475 3.208802869926359 -144.69119713007365 6035
