% fevals/dim | frac | F - F_opt (7.64) | best fitness | fevals
2.65 0.19672131147540983 46.29756375650529 53.93756375650529 53
19.5 0.19672131147540983 40.80454017951324 48.44454017951324 390
64.5 0.21311475409836064 35.41763413447842 43.05763413447842 1290
92.1 0.21311475409836064 33.14904462912012 40.78904462912012 1842
99.25 0.21311475409836064 32.41676892355104 40.05676892355104 1985
126.85 0.21311475409836064 30.097801361610507 37.73780136161051 2537
195.85 0.21311475409836064 29.458316123518976 37.09831612351898 3917
264.85 0.21311475409836064 27.103212077047843 34.74321207704784 5297
309.3 0.21311475409836064 26.843765516578436 34.48376551657844 6186
364.5 0.21311475409836064 25.808586700131897 33.4485867001319 7290
414.15 0.21311475409836064 25.709064280200963 33.34906428020096 8283
433.5 0.22950819672131148 24.61100670785556 32.25100670785556 8670
