% fevals/dim | frac | F - F_opt (99.8) | best fitness | fevals
6.45 0.18032786885245902 71.80339207346192 171.60339207346192 129
27.0 0.18032786885245902 71.48686657298164 171.28686657298164 540
63.45 0.18032786885245902 71.08408820658669 170.88408820658668 1269
102.25 0.18032786885245902 70.35552551013082 170.15552551013081 2045
134.6 0.18032786885245902 66.30020636635867 166.10020636635866 2692
170.5 0.19672131147540983 61.74012742359851 161.5401274235985 3410
185.4 0.19672131147540983 60.21880155661519 160.0188015566152 3708
210.4 0.19672131147540983 58.00621662220165 157.80621662220165 4208
237.45 0.19672131147540983 49.62285721417494 149.42285721417494 4749
258.2 0.19672131147540983 43.96109745547206 143.76109745547205 5164
267.95 0.19672131147540983 41.6711947578148 141.4711947578148 5359
275.65 0.21311475409836064 34.68935993929246 134.48935993929246 5513
339.75 0.21311475409836064 33.172931284775146 132.97293128477514 6795
358.85 0.21311475409836064 25.567278784745085 125.36727878474508 7177
474.7 0.22950819672131148 23.774910791107843 123.57491079110784 9494
