% fevals/dim | frac | F - F_opt (-568.88) | best fitness | fevals
2.65 0.0 3912672.620398869 3912103.740398869 53
3.1 0.0 3245375.277899896 3244806.397899896 62
10.65 0.0 2927673.525789458 2927104.645789458 213
17.75 0.0 1229455.17451092 1228886.29451092 355
20.4 0.0 1186931.534918998 1186362.654918998 408
25.7 0.0 1186411.4113347835 1185842.5313347836 514
34.4 0.0 956334.5391419483 955765.6591419483 688
37.05 0.0 440547.8399940545 439978.9599940545 741
47.65 0.0 420835.73629402637 420266.85629402637 953
55.6 0.0 420510.04807446635 419941.16807446635 1112
70.75 0.0 400622.61586552224 400053.73586552223 1415
74.85 0.0 356155.09710323653 355586.21710323653 1497
77.5 0.0 344408.79307321546 343839.91307321546 1550
86.7 0.0 337472.3173193 336903.4373193 1734
93.4 0.0 314249.31540322653 313680.4354032265 1868
98.8 0.0 313918.3401537108 313349.4601537108 1976
106.75 0.0 313743.09219089325 313174.21219089325 2135
114.6 0.0 309172.2965217463 308603.4165217463 2292
120.8 0.0 300989.947912465 300421.067912465 2416
123.45 0.0 296280.6623418565 295711.7823418565 2469
136.7 0.0 295079.11288207176 294510.23288207175 2734
142.0 0.0 294644.8867230293 294076.0067230293 2840
154.45 0.0 291923.33670489193 291354.4567048919 3089
157.1 0.0 289973.15999926487 289404.27999926487 3142
176.45 0.0 289949.9985403733 289381.1185403733 3529
178.3 0.0 289016.3053628833 288447.4253628833 3566
218.05 0.0 288925.1331322597 288356.2531322597 4361
221.9 0.0 288525.811049769 287956.931049769 4438
232.5 0.0 288504.9729669202 287936.0929669202 4650
248.65 0.0 288495.28097969235 287926.40097969235 4973
264.5 0.0 288490.72404467966 287921.84404467966 5290
277.55 0.0 288478.362493579 287909.482493579 5551
287.05 0.0 288454.998817653 287886.118817653 5741
304.15 0.0 288438.6943148965 287869.8143148965 6083
309.35 0.0 288438.1118166599 287869.2318166599 6187
348.0 0.0 288434.8789907105 287865.9989907105 6960
353.3 0.0 288431.1875742818 287862.3075742818 7066
371.85 0.0 288430.95007626695 287862.07007626694 7437
