% fevals/dim | frac | F - F_opt (7.64) | best fitness | fevals
2.65 0.19672131147540983 46.29756375650529 53.93756375650529 53
38.85 0.19672131147540983 40.086912391164915 47.726912391164916 777
44.8 0.21311475409836064 33.07658500414903 40.71658500414903 896
87.95 0.21311475409836064 33.03407446486749 40.67407446486749 1759
107.5 0.21311475409836064 28.043062899772806 35.68306289977281 2150
120.8 0.21311475409836064 27.71807270162575 35.35807270162575 2416
131.35 0.22950819672131148 18.141212683246206 25.781212683246206 2627
344.75 0.2459016393442623 15.323211353151436 22.963211353151436 6895
439.9 0.2459016393442623 14.892203769403366 22.532203769403367 8798
467.4 0.2459016393442623 14.044693273081563 21.684693273081564 9348
487.65 0.2459016393442623 13.576445011106443 21.216445011106444 9753
