18.25 0.13114754098360656 255.31879928471935 121.72879928471934 365
47.3 0.13114754098360656 253.23511967430986 119.64511967430985 946
69.35 0.14754098360655737 250.51720763958653 116.92720763958653 1387
79.1 0.14754098360655737 243.66288243655384 110.07288243655384 1582
85.45 0.14754098360655737 232.85733310359342 99.26733310359342 1709
90.85 0.14754098360655737 228.0726951877135 94.48269518771349 1817
102.8 0.14754098360655737 205.47859251292937 71.88859251292936 2056
123.85 0.14754098360655737 200.98457575823525 67.39457575823525 2477
174.75 0.14754098360655737 200.51973936874433 66.92973936874432 3495
283.05 0.14754098360655737 197.67950839744105 64.08950839744105 5661
294.8 0.14754098360655737 195.2900607760422 61.70006077604219 5896
334.8 0.14754098360655737 194.73059185170203 61.14059185170203 6696
423.45 0.14754098360655737 181.98497123730033 48.394971237300325 8469
