5.15 0.19672131147540983 43.32551264747307 -55.92448735252693 103
13.55 0.21311475409836064 36.45806603551848 -62.79193396448152 271
18.05 0.21311475409836064 29.42571527867537 -69.82428472132463 361
22.75 0.22950819672131148 21.595511379863083 -77.65448862013692 455
36.25 0.22950819672131148 17.42228514352182 -81.82771485647818 725
64.05 0.22950819672131148 17.152165420263202 -82.0978345797368 1281
76.75 0.2459016393442623 15.332232578293116 -83.91776742170688 1535
84.9 0.2459016393442623 13.460005241435056 -85.78999475856494 1698
90.25 0.2459016393442623 12.5076366651831 -86.7423633348169 1805
98.5 0.2459016393442623 11.598676594138183 -87.65132340586182 1970
121.3 0.2459016393442623 11.19518726579551 -88.05481273420449 2426
126.75 0.26229508196721313 9.008191346870731 -90.24180865312927 2535
137.0 0.26229508196721313 8.804296731370727 -90.44570326862927 2740
146.0 0.26229508196721313 7.853697243954542 -91.39630275604546 2920
186.5 0.26229508196721313 7.335722999383748 -91.91427700061625 3730
220.85 0.2786885245901639 5.124919887879443 -94.12508011212056 4417
247.85 0.2786885245901639 4.599719269678403 -94.6502807303216 4957
274.85 0.2786885245901639 4.505202169219103 -94.7447978307809 5497
355.3 0.2786885245901639 4.449780661292991 -94.80021933870701 7106
367.7 0.2786885245901639 4.275551877212024 -94.97444812278798 7354
468.75 0.29508196721311475 3.73097729605594 -95.51902270394406 9375
484.7 0.29508196721311475 3.6965063065977404 -95.55349369340226 9694
