7.9 0.18032786885245902 76.95926006721747 176.75926006721747 158
30.2 0.18032786885245902 75.01520566714994 174.81520566714994 604
49.5 0.18032786885245902 63.25101475911838 163.05101475911837 990
136.15 0.19672131147540983 59.9189214338888 159.7189214338888 2723
148.2 0.19672131147540983 46.60155866271715 146.40155866271715 2964
163.65 0.21311475409836064 33.69905322139881 133.4990532213988 3273
174.75 0.22950819672131148 24.760298726369257 124.56029872636925 3495
369.2 0.22950819672131148 24.3574909138691 124.1574909138691 7384
404.9 0.22950819672131148 17.358921833547768 117.15892183354777 8098
492.6 0.22950819672131148 16.679171399972304 116.4791713999723 9852
