% fevals/dim | frac | F - F_opt (7.64) | best fitness | fevals
2.65 0.19672131147540983 46.29756375650529 53.93756375650529 53
9.15 0.19672131147540983 43.216865595847985 50.856865595847985 183
12.4 0.21311475409836064 30.85989227667855 38.49989227667855 248
16.15 0.21311475409836064 28.96884144759946 36.60884144759946 323
17.9 0.21311475409836064 28.67889427553856 36.31889427553856 358
25.4 0.22950819672131148 22.712987429313642 30.352987429313643 508
28.65 0.22950819672131148 19.57249068970352 27.21249068970352 573
41.65 0.2459016393442623 15.258167639341114 22.898167639341114 833
64.4 0.2459016393442623 14.807271376018235 22.447271376018236 1288
135.9 0.2459016393442623 13.982694101754507 21.622694101754508 2718
171.65 0.2459016393442623 13.70898545112886 21.34898545112886 3433
