4.4 0.18032786885245902 72.546365625964 23.946365625964 88
7.75 0.18032786885245902 68.59509373424417 19.995093734244172 155
48.65 0.18032786885245902 66.10649719715279 17.50649719715279 973
66.75 0.18032786885245902 66.0201531451153 17.4201531451153 1335
70.35 0.19672131147540983 62.541639217590536 13.941639217590534 1407
73.95 0.19672131147540983 61.70078779750232 13.10078779750232 1479
81.05 0.19672131147540983 58.386374051199915 9.786374051199914 1621
108.05 0.19672131147540983 57.84623418797207 9.246234187972071 2161
118.35 0.19672131147540983 55.90682284222374 7.306822842223738 2367
129.75 0.19672131147540983 47.934480785499694 -0.665519214500307 2595
148.05 0.21311475409836064 38.21916043002599 -10.380839569974015 2961
154.95 0.21311475409836064 37.862243384874176 -10.737756615125825 3099
177.35 0.21311475409836064 37.05360662043405 -11.546393379565949 3547
205.35 0.21311475409836064 35.915103100376335 -12.684896899623666 4107
225.45 0.21311475409836064 30.214513934279914 -18.385486065720087 4509
243.45 0.21311475409836064 28.300027270372457 -20.299972729627545 4869
279.45 0.21311475409836064 25.596736098065932 -23.00326390193407 5589
355.05 0.22950819672131148 22.86160753848565 -25.73839246151435 7101
376.65 0.22950819672131148 21.826114504254313 -26.773885495745688 7533
410.35 0.22950819672131148 19.77299010132575 -28.827009898674252 8207
