4.85 0.18032786885245902 74.86249867365122 174.6624986736512 97
9.6 0.18032786885245902 73.87878906442212 173.67878906442212 192
14.35 0.18032786885245902 72.68158768620306 172.48158768620306 287
19.1 0.18032786885245902 71.2295482022475 171.0295482022475 382
23.85 0.18032786885245902 70.5927712853878 170.3927712853878 477
42.85 0.18032786885245902 69.6128881633755 169.4128881633755 857
56.65 0.18032786885245902 68.71881553909454 168.51881553909453 1133
63.75 0.18032786885245902 66.5640092243102 166.3640092243102 1275
80.6 0.18032786885245902 65.65245373485267 165.45245373485267 1612
103.45 0.18032786885245902 63.1906238420507 162.9906238420507 2069
117.7 0.19672131147540983 63.08969567767879 162.8896956776788 2354
156.6 0.19672131147540983 62.056172543746285 161.85617254374628 3132
161.35 0.19672131147540983 60.680315132114444 160.48031513211444 3227
