% fevals/dim | frac | F - F_opt (-568.88) | best fitness | fevals
4.1 0.0 1285771.728694769 1285202.8486947692 82
31.2 0.0 1179591.9704501557 1179023.0904501558 624
55.8 0.0 952594.0923604665 952025.2123604665 1116
64.85 0.0 846038.3981484723 845469.5181484723 1297
70.55 0.0 682930.4980453383 682361.6180453383 1411
73.0 0.0 589027.4881825955 588458.6081825955 1460
82.7 0.0 570120.0493019428 569551.1693019428 1654
87.55 0.0 566908.6326854541 566339.7526854541 1751
97.25 0.0 564766.1203686467 564197.2403686467 1945
104.3 0.0 551624.3596068549 551055.4796068548 2086
110.05 0.0 361196.60184804595 360627.72184804594 2201
119.75 0.0 330043.0820133544 329474.2020133544 2395
134.3 0.0 329998.4978126205 329429.6178126205 2686
164.85 0.0 323340.6925293871 322771.81252938707 3297
168.25 0.0 309443.49304788583 308874.6130478858 3365
177.95 0.0 307552.31408062653 306983.4340806265 3559
197.35 0.0 307506.8399938878 306937.9599938878 3947
211.9 0.0 306962.72800610814 306393.84800610814 4238
259.6 0.0 291391.4775857271 290822.5975857271 5192
322.65 0.0 291057.27955481043 290488.3995548104 6453
342.05 0.0 290951.8847499659 290383.0047499659 6841
394.7 0.0 290032.4312537345 289463.5512537345 7894
409.0 0.0 289975.436566064 289406.556566064 8180
413.9 0.0 289741.83007793897 289172.95007793896 8278
423.8 0.0 289145.5455418549 288576.6655418549 8476
438.35 0.0 288714.6564742044 288145.7764742044 8767
448.05 0.0 288655.2130629491 288086.33306294907 8961
495.05 0.0 288534.5079316824 287965.6279316824 9901
