% fevals/dim | frac | F - F_opt (92.94) | best fitness | fevals
1.55 0.09836065573770492 845.5781938862622 938.5181938862622 31
13.4 0.09836065573770492 646.7980763219084 739.7380763219085 268
24.4 0.13114754098360656 296.543740114919 389.483740114919 488
112.4 0.13114754098360656 279.43983755749224 372.37983755749224 2248
128.9 0.13114754098360656 263.7406622342946 356.6806622342946 2578
145.4 0.14754098360655737 238.6081722271951 331.5481722271951 2908
150.9 0.14754098360655737 236.9389544809228 329.8789544809228 3018
266.4 0.14754098360655737 214.05517809244543 306.9951780924454 5328
475.4 0.14754098360655737 203.62077773275098 296.560777732751 9508
