19.8 0.21311475409836064 38.44244232828107 -60.80755767171893 396
22.8 0.21311475409836064 30.847509029339292 -68.40249097066071 456
34.85 0.22950819672131148 20.59344851554593 -78.65655148445407 697
41.55 0.22950819672131148 18.26180960079145 -80.98819039920855 831
45.3 0.22950819672131148 17.235187128111832 -82.01481287188817 906
53.6 0.22950819672131148 15.97769842244334 -83.27230157755666 1072
61.1 0.2459016393442623 15.009825497047942 -84.24017450295206 1222
68.6 0.2459016393442623 13.109298623277326 -86.14070137672267 1372
93.9 0.2459016393442623 12.923961537353463 -86.32603846264654 1878
98.6 0.2459016393442623 12.526783641466665 -86.72321635853334 1972
109.05 0.2459016393442623 12.23515213018537 -87.01484786981463 2181
114.6 0.26229508196721313 9.301807702099751 -89.94819229790025 2292
127.8 0.26229508196721313 9.21309981059352 -90.03690018940648 2556
135.7 0.26229508196721313 7.94703392583655 -91.30296607416345 2714
146.55 0.26229508196721313 7.849074185049176 -91.40092581495082 2931
158.2 0.26229508196721313 7.0605297052222795 -92.18947029477772 3164
174.6 0.2786885245901639 6.065596596241392 -93.18440340375861 3492
178.35 0.2786885245901639 5.534985408204136 -93.71501459179586 3567
203.3 0.2786885245901639 5.412516482236725 -93.83748351776327 4066
212.0 0.2786885245901639 5.272849467761603 -93.9771505322384 4240
219.15 0.2786885245901639 5.144855257590649 -94.10514474240935 4383
227.9 0.2786885245901639 5.039828703982039 -94.21017129601796 4558
236.45 0.2786885245901639 5.0315210520051465 -94.21847894799485 4729
240.2 0.2786885245901639 4.671756205016578 -94.57824379498342 4804
244.55 0.2786885245901639 4.640011620717388 -94.60998837928261 4891
262.5 0.29508196721311475 3.762708501255176 -95.48729149874482 5250
286.7 0.29508196721311475 3.654130494611607 -95.5958695053884 5734
305.85 0.29508196721311475 2.862587968085606 -96.3874120319144 6117
320.85 0.29508196721311475 2.829794179537771 -96.42020582046223 6417
357.45 0.29508196721311475 2.577565141280459 -96.67243485871954 7149
419.95 0.29508196721311475 2.531890063490266 -96.71810993650973 8399
434.95 0.3114754098360656 2.1906273280024777 -97.05937267199752 8699
489.6 0.3114754098360656 1.8382749594327663 -97.41172504056723 9792
