% fevals/dim | frac | F - F_opt (7.64) | best fitness | fevals
2.65 0.19672131147540983 46.29756375650529 53.93756375650529 53
7.7 0.19672131147540983 44.26367499548761 51.90367499548761 154
15.1 0.21311475409836064 39.40986722350443 47.04986722350443 302
24.6 0.21311475409836064 35.08187841824435 42.72187841824435 492
30.9 0.21311475409836064 28.250341020249728 35.89034102024973 618
49.8 0.22950819672131148 24.781456349944825 32.421456349944826 996
55.55 0.22950819672131148 20.76628713035722 28.40628713035722 1111
86.6 0.22950819672131148 20.169641511035223 27.809641511035224 1732
99.65 0.22950819672131148 17.93789482731189 25.57789482731189 1993
187.85 0.22950819672131148 17.24160546893416 24.88160546893416 3757
206.75 0.22950819672131148 17.010461782718295 24.650461782718295 4135
257.15 0.22950819672131148 16.739974864365355 24.379974864365355 5143
263.45 0.22950819672131148 16.438498620896404 24.078498620896404 5269
296.55 0.2459016393442623 14.331523001521923 21.971523001521923 5931
