% fevals/dim | frac | F - F_opt (7.64) | best fitness | fevals
2.65 0.19672131147540983 46.29756375650529 53.93756375650529 53
7.9 0.21311475409836064 34.58067456109554 42.22067456109554 158
23.65 0.21311475409836064 27.548479948771316 35.18847994877132 473
28.9 0.21311475409836064 26.159864323805884 33.799864323805885 578
65.65 0.22950819672131148 24.03309459630941 31.67309459630941 1313
76.15 0.22950819672131148 23.729009285350656 31.369009285350657 1523
84.15 0.22950819672131148 22.12968305918411 29.76968305918411 1683
93.65 0.22950819672131148 21.780604468943753 29.420604468943754 1873
96.15 0.22950819672131148 21.432520956546924 29.072520956546924 1923
101.4 0.22950819672131148 19.31396769966717 26.95396769966717 2028
111.9 0.22950819672131148 18.926378813080998 26.566378813081 2238
174.9 0.22950819672131148 18.612186270050195 26.252186270050196 3498
183.05 0.22950819672131148 18.080274630170358 25.72027463017036 3661
195.55 0.22950819672131148 17.76296858617303 25.40296858617303 3911
202.15 0.22950819672131148 17.69576079170065 25.33576079170065 4043
227.8 0.22950819672131148 16.271599294042375 23.911599294042375 4556
266.25 0.22950819672131148 16.056861088059225 23.696861088059226 5325
279.55 0.2459016393442623 15.734920953374235 23.374920953374236 5591
305.15 0.2459016393442623 15.713621490137818 23.35362149013782 6103
317.05 0.2459016393442623 14.595466173492923 22.235466173492924 6341
366.0 0.2459016393442623 14.064029006159494 21.704029006159494 7320
406.3 0.2459016393442623 13.826833318412302 21.466833318412302 8126
423.75 0.2459016393442623 13.762575671665783 21.402575671665783 8475
