3.25 0.19672131147540983 40.59128478297311 -58.65871521702689 65
13.65 0.21311475409836064 31.44625320601773 -67.80374679398227 273
16.25 0.21311475409836064 30.9756093035206 -68.2743906964794 325
21.45 0.21311475409836064 26.592964793801855 -72.65703520619815 429
31.6 0.21311475409836064 25.45121397490051 -73.79878602509949 632
37.05 0.22950819672131148 20.78162693293754 -78.46837306706246 741
56.3 0.22950819672131148 17.784774982594 -81.465225017406 1126
66.05 0.22950819672131148 17.05834160039656 -82.19165839960344 1321
67.65 0.2459016393442623 14.778953820257613 -84.47104617974239 1353
77.1 0.2459016393442623 13.575403878515502 -85.6745961214845 1542
86.3 0.2459016393442623 12.211033400265208 -87.03896659973479 1726
96.7 0.2459016393442623 11.599482282078014 -87.65051771792199 1934
117.95 0.26229508196721313 8.908128787600049 -90.34187121239995 2359
128.35 0.26229508196721313 8.749347870349354 -90.50065212965065 2567
138.75 0.26229508196721313 7.066984712864297 -92.1830152871357 2775
154.7 0.26229508196721313 7.034842193633921 -92.21515780636608 3094
156.95 0.26229508196721313 6.668107128708499 -92.5818928712915 3139
164.75 0.2786885245901639 6.191111014864958 -93.05888898513504 3295
169.95 0.2786885245901639 6.161314632342027 -93.08868536765797 3399
172.55 0.2786885245901639 5.641235483494725 -93.60876451650527 3451
175.15 0.2786885245901639 5.25683550699361 -93.99316449300639 3503
190.75 0.2786885245901639 4.6505414053857095 -94.59945859461429 3815
233.85 0.29508196721311475 3.7390738173468208 -95.51092618265318 4677
301.45 0.29508196721311475 3.5333755983131567 -95.71662440168684 6029
372.75 0.29508196721311475 3.513510663561462 -95.73648933643854 7455
376.85 0.29508196721311475 3.2758708271915538 -95.97412917280845 7537
411.75 0.29508196721311475 3.222460477784608 -96.02753952221539 8235
423.85 0.29508196721311475 3.117552535698394 -96.1324474643016 8477
442.05 0.29508196721311475 3.086477759986309 -96.16352224001369 8841
