% fevals/dim | frac | F - F_opt (92.94) | best fitness | fevals
1.55 0.09836065573770492 845.5781938862622 938.5181938862622 31
6.4 0.09836065573770492 637.5169489327209 730.4569489327209 128
23.85 0.11475409836065574 572.9753119948468 665.9153119948469 477
25.55 0.11475409836065574 456.09461841443505 549.034618414435 511
29.55 0.11475409836065574 417.0778995901099 510.0178995901099 591
33.55 0.13114754098360656 370.90704293693256 463.84704293693255 671
48.95 0.13114754098360656 349.5594839202287 442.49948392022867 979
53.2 0.13114754098360656 305.7982381980049 398.7382381980049 1064
60.8 0.13114754098360656 293.0269658888099 385.9669658888099 1216
64.95 0.13114754098360656 274.68559615727366 367.62559615727366 1299
69.2 0.13114754098360656 272.8438256631941 365.7838256631941 1384
82.05 0.14754098360655737 212.6771219840922 305.6171219840922 1641
138.05 0.14754098360655737 188.31565239856195 281.25565239856195 2761
254.05 0.14754098360655737 187.60524695303633 280.5452469530363 5081
322.05 0.14754098360655737 186.8188888333961 279.7588888333961 6441
446.05 0.14754098360655737 177.73061220206114 270.67061220206114 8921
