% fevals/dim | frac | F - F_opt (7.64) | best fitness | fevals
2.65 0.19672131147540983 46.29756375650529 53.93756375650529 53
5.5 0.21311475409836064 34.69721432276496 42.33721432276496 110
12.3 0.21311475409836064 34.12988473765425 41.76988473765425 246
22.7 0.21311475409836064 31.165985362515514 38.805985362515514 454
30.4 0.22950819672131148 25.103671643774312 32.74367164377431 608
39.05 0.22950819672131148 22.840060250405397 30.480060250405398 781
43.15 0.22950819672131148 17.84130103690316 25.48130103690316 863
55.6 0.22950819672131148 17.11840139080228 24.75840139080228 1112
61.3 0.22950819672131148 16.831398722976235 24.471398722976236 1226
61.7 0.2459016393442623 13.94721784404624 21.58721784404624 1234
74.2 0.2459016393442623 11.776654354959131 19.41665435495913 1484
77.1 0.2459016393442623 11.666131175459164 19.306131175459164 1542
139.5 0.2459016393442623 10.31582736858217 17.95582736858217 2790
166.55 0.2459016393442623 10.001037363716275 17.641037363716276 3331
178.3 0.26229508196721313 9.686757380508464 17.326757380508464 3566
185.7 0.26229508196721313 9.66575297716551 17.30575297716551 3714
193.55 0.26229508196721313 9.508783145426602 17.148783145426602 3871
263.55 0.26229508196721313 9.464217565674279 17.10421756567428 5271
275.25 0.26229508196721313 9.04096136619777 16.68096136619777 5505
396.85 0.26229508196721313 8.512125358818377 16.152125358818378 7937
