% fevals/dim | frac | F - F_opt (92.94) | best fitness | fevals
1.55 0.09836065573770492 845.5781938862622 938.5181938862622 31
5.1 0.09836065573770492 779.0986034890361 872.0386034890362 102
7.8 0.11475409836065574 553.0555442942682 645.9955442942683 156
13.2 0.11475409836065574 514.0911820251229 607.0311820251229 264
21.7 0.11475409836065574 508.60233546188493 601.5423354618849 434
26.7 0.11475409836065574 488.12933883814395 581.069338838144 534
31.25 0.11475409836065574 413.84531377659135 506.78531377659135 625
43.1 0.13114754098360656 379.88999428924103 472.82999428924103 862
48.5 0.13114754098360656 340.4700353181286 433.4100353181286 970
59.3 0.13114754098360656 332.1143619928574 425.0543619928574 1186
62.0 0.13114754098360656 279.0183157722119 371.9583157722119 1240
70.1 0.13114754098360656 263.1419713960153 356.0819713960153 1402
86.3 0.13114754098360656 262.07707274955504 355.01707274955504 1726
97.1 0.14754098360655737 232.2029312623785 325.1429312623785 1942
99.6 0.14754098360655737 231.40909691614536 324.34909691614536 1992
109.55 0.14754098360655737 218.37740148586346 311.31740148586346 2191
115.8 0.14754098360655737 209.40405844955086 302.34405844955086 2316
128.45 0.14754098360655737 196.2832541426905 289.2232541426905 2569
133.85 0.16393442622950818 155.07601675525382 248.01601675525382 2677
144.65 0.16393442622950818 129.76869665876174 222.70869665876174 2893
150.05 0.16393442622950818 125.87180683706177 218.81180683706177 3001
155.45 0.16393442622950818 122.26764789315419 215.2076478931542 3109
171.65 0.18032786885245902 87.49357002843061 180.4335700284306 3433
174.35 0.18032786885245902 84.31814097087022 177.25814097087022 3487
231.05 0.18032786885245902 65.63123513104469 158.5712351310447 4621
236.45 0.19672131147540983 59.25363791771616 152.19363791771616 4729
