8.6 0.21311475409836064 33.44558178451041 -65.80441821548959 172
16.9 0.21311475409836064 33.173041071768395 -66.0769589282316 338
29.35 0.21311475409836064 31.38567913789406 -67.86432086210594 587
48.2 0.21311475409836064 29.831984484659785 -69.41801551534022 964
50.45 0.21311475409836064 26.367977530611654 -72.88202246938835 1009
56.5 0.21311475409836064 25.344950068562454 -73.90504993143755 1130
64.25 0.22950819672131148 24.643375694294434 -74.60662430570557 1285
67.05 0.22950819672131148 22.805361567308864 -76.44463843269114 1341
77.25 0.22950819672131148 19.967402973053268 -79.28259702694673 1545
85.9 0.2459016393442623 15.681629553593226 -83.56837044640677 1718
100.4 0.2459016393442623 14.845810570173171 -84.40418942982683 2008
105.15 0.2459016393442623 13.455341676689088 -85.79465832331091 2103
110.8 0.2459016393442623 12.65071690849993 -86.59928309150007 2216
114.95 0.2459016393442623 11.794975229031678 -87.45502477096832 2299
125.9 0.2459016393442623 10.745007208831893 -88.5049927911681 2518
131.55 0.2459016393442623 10.191256467036936 -89.05874353296306 2631
164.75 0.26229508196721313 9.825083015587524 -89.42491698441248 3295
185.5 0.26229508196721313 8.870382814079889 -90.37961718592011 3710
189.85 0.26229508196721313 8.739025047030012 -90.51097495296999 3797
203.4 0.26229508196721313 8.704777203147174 -90.54522279685283 4068
214.55 0.26229508196721313 7.497258577438714 -91.75274142256129 4291
227.0 0.26229508196721313 6.668600547357187 -92.58139945264281 4540
244.7 0.26229508196721313 6.6382289976560145 -92.61177100234399 4894
250.9 0.2786885245901639 5.9210273453970075 -93.32897265460299 5018
255.05 0.29508196721311475 3.656511878075392 -95.59348812192461 5101
271.65 0.29508196721311475 3.3199168889345856 -95.93008311106541 5433
334.3 0.29508196721311475 3.287407385021197 -95.9625926149788 6686
346.35 0.29508196721311475 2.9085372841892223 -96.34146271581078 6927
358.8 0.29508196721311475 2.841774813246218 -96.40822518675378 7176
396.55 0.3114754098360656 2.3601016751498634 -96.88989832485014 7931
438.05 0.3114754098360656 2.212835365083393 -97.0371646349166 8761
445.15 0.3114754098360656 2.0037026250878966 -97.2462973749121 8903
457.55 0.3114754098360656 1.958693779739761 -97.29130622026024 9151
