% fevals/dim | frac | F - F_opt (-568.88) | best fitness | fevals
2.65 0.0 3912672.620398869 3912103.740398869 53
8.9 0.0 3427962.7423308673 3427393.8623308674 178
11.85 0.0 1112913.411883226 1112344.531883226 237
31.95 0.0 901782.2205960623 901213.3405960622 639
45.35 0.0 868863.5177390384 868294.6377390384 907
48.7 0.0 845756.333845346 845187.453845346 974
54.45 0.0 407274.55625761446 406705.67625761445 1089
64.5 0.0 371674.18661173433 371105.3066117343 1290
71.2 0.0 343794.12001358834 343225.24001358834 1424
88.4 0.0 324999.3214622688 324430.4414622688 1768
131.95 0.0 322527.744700789 321958.864700789 2639
135.3 0.0 319623.0613219488 319054.18132194877 2706
160.4 0.0 311461.96249411267 310893.08249411266 3208
161.0 0.0 301113.25789404335 300544.37789404334 3220
167.7 0.0 299718.7897531511 299149.9097531511 3354
204.45 0.0 299540.5616962734 298971.6816962734 4089
211.25 0.0 298888.74816741596 298319.86816741596 4225
217.9 0.0 294101.85087383026 293532.97087383026 4358
221.25 0.0 293737.6784467938 293168.7984467938 4425
244.7 0.0 292769.3992267073 292200.5192267073 4894
254.55 0.0 290175.06576379726 289606.18576379726 5091
257.9 0.0 290128.63127501495 289559.75127501495 5158
283.95 0.0 289290.40801362746 288721.52801362745 5679
307.4 0.0 289220.6884329135 288651.8084329135 6148
310.75 0.0 289144.6802668793 288575.8002668793 6215
316.35 0.0 288580.3303053325 288011.4503053325 6327
382.4 0.0 288535.661178908 287966.781178908 7648
402.65 0.0 288518.5567586484 287949.6767586484 8053
409.2 0.0 288508.054493554 287939.174493554 8184
418.4 0.0 288447.5454372099 287878.6654372099 8368
448.55 0.0 288447.30793919496 287878.42793919495 8971
455.25 0.0 288447.23032529047 287878.35032529046 9105
482.05 0.0 288431.42738311744 287862.54738311743 9641
