10.5 0.18032786885245902 69.08652472677856 20.486524726778562 210
15.65 0.18032786885245902 64.57939009158439 15.979390091584385 313
30.3 0.19672131147540983 62.3167820597175 13.716782059717495 606
42.05 0.19672131147540983 58.112564382604006 9.512564382604005 841
55.3 0.19672131147540983 49.473128180514124 0.8731281805141222 1106
71.75 0.19672131147540983 44.78321581723361 -3.8167841827663906 1435
91.6 0.21311475409836064 30.782569423786047 -17.817430576213955 1832
177.6 0.21311475409836064 26.20658750129186 -22.39341249870814 3552
198.1 0.21311475409836064 25.649127491524574 -22.950872508475427 3962
217.9 0.22950819672131148 21.844545818197943 -26.755454181802058 4358
244.3 0.22950819672131148 21.027156997613965 -27.572843002386037 4886
295.05 0.22950819672131148 19.225448132882963 -29.374551867117038 5901
373.7 0.2459016393442623 15.637227790249675 -32.96277220975033 7474
377.0 0.2459016393442623 15.23515601187713 -33.36484398812287 7540
429.8 0.2459016393442623 13.077871433666822 -35.52212856633318 8596
482.6 0.2459016393442623 12.14508434855189 -36.45491565144811 9652
