10.45 0.19672131147540983 45.40859135086657 318.55859135086655 209
16.05 0.19672131147540983 43.3062109994641 316.4562109994641 321
35.2 0.19672131147540983 42.507841713384664 315.65784171338464 704
36.75 0.19672131147540983 41.161396916850094 314.3113969168501 735
42.35 0.21311475409836064 34.62432240033877 307.77432240033875 847
54.55 0.21311475409836064 34.04175363422951 307.1917536342295 1091
57.35 0.21311475409836064 32.903969091674526 306.0539690916745 1147
65.6 0.21311475409836064 30.765759600110925 303.9157596001109 1312
71.95 0.21311475409836064 27.958988252013967 301.10898825201394 1439
87.05 0.22950819672131148 23.2512525415641 296.4012525415641 1741
111.9 0.22950819672131148 22.301354920623567 295.45135492062354 2238
114.15 0.22950819672131148 20.791175642493386 293.94117564249336 2283
116.45 0.22950819672131148 19.474322192242823 292.6243221922428 2329
121.35 0.22950819672131148 18.05921725946689 291.20921725946687 2427
133.4 0.22950819672131148 16.830266819167605 289.9802668191676 2668
155.4 0.2459016393442623 14.92445672961395 288.0744567296139 3108
175.9 0.2459016393442623 13.363930556996877 286.51393055699685 3518
186.45 0.2459016393442623 12.817201974503973 285.96720197450395 3729
230.45 0.2459016393442623 11.590423953321533 284.7404239533215 4609
287.9 0.2459016393442623 10.001136142333621 283.1511361423336 5758
301.0 0.26229508196721313 8.935874093103507 282.0858740931035 6020
326.4 0.26229508196721313 8.762589226634702 281.9125892266347 6528
419.85 0.26229508196721313 8.726085118488129 281.8760851184881 8397
491.35 0.26229508196721313 8.195812565788913 281.3458125657889 9827
