% fevals/dim | frac | F - F_opt (-568.88) | best fitness | fevals
4.1 0.0 1285771.728694769 1285202.8486947692 82
30.2 0.0 1103194.7949943275 1102625.9149943276 604
34.55 0.0 772669.2485792432 772100.3685792432 691
47.6 0.0 767040.5982203903 766471.7182203903 952
65.8 0.0 677181.4029885731 676612.5229885731 1316
74.5 0.0 677105.812749431 676536.932749431 1490
82.3 0.0 640665.0668748027 640096.1868748027 1646
83.9 0.0 498973.90677045955 498405.02677045955 1678
93.75 0.0 493177.5944137477 492608.7144137477 1875
103.45 0.0 482372.9288204001 481804.0488204001 2069
111.15 0.0 472590.164306948 472021.284306948 2223
116.5 0.0 455584.0767998858 455015.1967998858 2330
120.85 0.0 453381.8059628274 452812.9259628274 2417
125.8 0.0 421281.4247260207 420712.5447260207 2516
139.35 0.0 378766.6964394542 378197.8164394542 2787
146.8 0.0 355322.5452026906 354753.6652026906 2936
159.85 0.0 331956.3062363824 331387.4262363824 3197
166.9 0.0 323798.14803412854 323229.26803412853 3338
169.8 0.0 317274.8107651537 316705.9307651537 3396
174.15 0.0 313678.0717872031 313109.1917872031 3483
178.5 0.0 313518.8033382048 312949.9233382048 3570
183.55 0.0 309259.93273853196 308691.05273853196 3671
200.25 0.0 307116.0602463681 306547.1802463681 4005
208.95 0.0 305873.2287863907 305304.3487863907 4179
217.65 0.0 304259.69286232156 303690.81286232156 4353
226.35 0.0 303981.87901241577 303412.99901241576 4527
240.1 0.0 297846.69057067926 297277.81057067926 4802
266.2 0.0 297742.4687013387 297173.5887013387 5324
287.95 0.0 296071.1343219251 295502.2543219251 5759
292.3 0.0 296060.7273872002 295491.8473872002 5846
296.65 0.0 296040.26985746954 295471.38985746953 5933
308.55 0.0 294092.3635306114 293523.4835306114 6171
311.6 0.0 293712.2141455969 293143.3341455969 6232
318.4 0.0 291699.43872240663 291130.5587224066 6368
322.75 0.0 291180.2359711216 290611.3559711216 6455
327.1 0.0 290640.3629543939 290071.4829543939 6542
334.65 0.0 290508.4813339846 289939.6013339846 6693
345.45 0.0 290218.4262975236 289649.5462975236 6909
378.0 0.0 290174.2326677246 289605.3526677246 7560
386.7 0.0 290104.51308701065 289535.63308701065 7734
390.05 0.0 289962.5681418666 289393.6881418666 7801
405.4 0.0 289745.60521083465 289176.72521083464 8108
411.2 0.0 288724.32952874515 288155.44952874514 8224
437.9 0.0 288719.73668188916 288150.85668188916 8758
446.6 0.0 288636.3561073108 288067.4761073108 8932
465.0 0.0 288523.8955798879 287955.0155798879 9300
477.85 0.0 288505.1207924189 287936.2407924189 9557
495.25 0.0 288488.8405433954 287919.96054339537 9905
