% fevals/dim | frac | F - F_opt (-16.94) | best fitness | fevals
3.65 0.19672131147540983 53.35901708526616 36.41901708526616 73
10.35 0.19672131147540983 50.378636943695085 33.43863694369509 207
31.9 0.19672131147540983 40.14562577183028 23.20562577183028 638
51.7 0.21311475409836064 37.29913582680949 20.35913582680949 1034
55.75 0.21311475409836064 31.45504439042905 14.51504439042905 1115
68.1 0.22950819672131148 24.17571328278799 7.235713282787987 1362
104.75 0.22950819672131148 19.978039033680947 3.0380390336809455 2095
158.35 0.22950819672131148 19.866192906357234 2.926192906357233 3167
163.95 0.22950819672131148 17.708220481264835 0.7682204812648337 3279
202.75 0.22950819672131148 16.979220841541547 0.039220841541546037 4055
227.2 0.2459016393442623 14.237340839553335 -2.7026591604466663 4544
420.9 0.2459016393442623 13.503442738643582 -3.4365572613564197 8418
