% fevals/dim | frac | F - F_opt (-568.88) | best fitness | fevals
4.1 0.0 1285771.728694769 1285202.8486947692 82
38.95 0.0 887743.1033046672 887174.2233046672 779
59.45 0.0 844590.1256470168 844021.2456470168 1189
66.65 0.0 779666.4401051151 779097.5601051151 1333
72.85 0.0 553340.7204721782 552771.8404721782 1457
110.25 0.0 551340.1357740306 550771.2557740306 2205
116.45 0.0 410274.141013912 409705.261013912 2329
147.45 0.0 331685.87625555455 331116.99625555455 2949
166.05 0.0 331115.87622137065 330546.99622137065 3321
210.05 0.0 327300.24456809333 326731.3645680933 4201
245.2 0.0 313701.771284895 313132.891284895 4904
270.0 0.0 302613.22218203713 302044.34218203713 5400
312.05 0.0 301557.0341122148 300988.1541122148 6241
320.75 0.0 296079.0571284644 295510.1771284644 6415
345.55 0.0 293959.09973580495 293390.21973580495 6911
374.2 0.0 291287.69877928984 290718.81877928984 7484
444.6 0.0 290525.550692591 289956.670692591 8892
467.45 0.0 290166.08751031687 289597.20751031686 9349
483.4 0.0 290122.9579673583 289554.0779673583 9668
489.6 0.0 289059.9803073775 288491.1003073775 9792
494.2 0.0 288882.5950582866 288313.7150582866 9884
