6.75 0.18032786885245902 72.50849649386063 23.908496493860632 135
10.85 0.18032786885245902 63.836943514514054 15.236943514514053 217
24.25 0.19672131147540983 62.727467160759545 14.127467160759544 485
34.3 0.19672131147540983 58.53449740674212 9.934497406742118 686
44.35 0.19672131147540983 54.41223376836174 5.812233768361736 887
51.05 0.19672131147540983 52.28165148790453 3.6816514879045315 1021
71.15 0.19672131147540983 52.14965332004266 3.5496533200426583 1423
84.55 0.19672131147540983 46.70063505297204 -1.899364947027962 1691
91.25 0.21311475409836064 38.56440667516791 -10.035593324832092 1825
131.45 0.21311475409836064 37.58883450919189 -11.01116549080811 2629
221.9 0.21311475409836064 35.87808750134663 -12.721912498653374 4438
228.6 0.21311475409836064 35.105487154107976 -13.494512845892025 4572
416.2 0.21311475409836064 32.91071395604193 -15.68928604395807 8324
