8.6 0.21311475409836064 33.44558178451041 -65.80441821548959 172
16.9 0.21311475409836064 33.173041071768395 -66.0769589282316 338
46.6 0.21311475409836064 30.90047162767428 -68.34952837232572 932
63.6 0.21311475409836064 25.621480929075176 -73.62851907092482 1272
76.05 0.22950819672131148 21.54341657797316 -77.70658342202684 1521
85.55 0.22950819672131148 18.055734435321156 -81.19426556467884 1711
106.3 0.2459016393442623 15.309013449526546 -83.94098655047345 2126
121.7 0.2459016393442623 14.95877905892469 -84.29122094107531 2434
125.85 0.2459016393442623 14.588737453777384 -84.66126254622262 2517
146.6 0.2459016393442623 13.223044334137086 -86.02695566586291 2932
164.2 0.2459016393442623 11.541878002267111 -87.70812199773289 3284
176.65 0.26229508196721313 9.531829905469749 -89.71817009453025 3533
218.15 0.26229508196721313 8.744287754713554 -90.50571224528645 4363
262.5 0.26229508196721313 8.625825272366484 -90.62417472763352 5250
297.2 0.26229508196721313 7.661173606211435 -91.58882639378857 5944
301.15 0.26229508196721313 6.726842581609077 -92.52315741839092 6023
304.0 0.2786885245901639 5.62041227617982 -93.62958772382018 6080
359.25 0.2786885245901639 4.985725985803711 -94.26427401419629 7185
407.5 0.2786885245901639 4.372839754165028 -94.87716024583497 8150
423.15 0.29508196721311475 3.901820592426887 -95.34817940757311 8463
472.95 0.29508196721311475 3.809327670256465 -95.44067232974353 9459
