% fevals/dim | frac | F - F_opt (32.7) | best fitness | fevals
1.65 0.19672131147540983 50.90853588143871 83.60853588143871 33
2.75 0.19672131147540983 47.31062962637505 80.01062962637505 55
5.35 0.21311475409836064 28.91351956167815 61.61351956167815 107
10.65 0.21311475409836064 28.172848074162317 60.87284807416232 213
15.95 0.21311475409836064 25.821415338563718 58.52141533856372 319
20.5 0.22950819672131148 23.862854656679588 56.56285465667959 410
29.75 0.22950819672131148 20.051975753899853 52.751975753899856 595
38.45 0.22950819672131148 19.376570917563157 52.07657091756316 769
39.9 0.22950819672131148 18.95388324058335 51.653883240583355 798
51.4 0.2459016393442623 15.167190949520553 47.867190949520555 1028
54.05 0.2459016393442623 11.674578197497688 44.37457819749769 1081
75.8 0.26229508196721313 7.1253812412409445 39.82538124124095 1516
110.25 0.2786885245901639 6.0767147246059 38.7767147246059 2205
127.9 0.2786885245901639 5.969212033382618 38.66921203338262 2558
145.15 0.2786885245901639 5.753658576812278 38.45365857681228 2903
146.45 0.2786885245901639 5.160304390097977 37.86030439009798 2929
157.05 0.2786885245901639 4.531741732079254 37.23174173207926 3141
171.85 0.2786885245901639 4.119101866788824 36.81910186678883 3437
172.55 0.2786885245901639 4.044735423945433 36.744735423945436 3451
222.9 0.29508196721311475 3.811114726620943 36.511114726620946 4458
236.15 0.29508196721311475 3.342686343576922 36.042686343576925 4723
269.9 0.29508196721311475 2.6240182535353327 35.324018253535336 5398
314.95 0.29508196721311475 2.568380843112301 35.268380843112304 6299
355.15 0.29508196721311475 2.5172832824765052 35.21728328247651 7103
389.85 0.3114754098360656 2.449027426971405 35.14902742697141 7797
418.75 0.3114754098360656 2.3116023606376075 35.01160236063761 8375
451.2 0.3114754098360656 2.3040562563877387 35.00405625638774 9024
475.45 0.3114754098360656 2.122290723852174 34.82229072385218 9509
