6.25 0.21311475409836064 31.731636805805962 -67.51836319419404 125
18.85 0.21311475409836064 26.017655566980906 -73.2323444330191 377
22.55 0.22950819672131148 25.01840580775945 -74.23159419224055 451
26.25 0.22950819672131148 24.95758608477996 -74.29241391522004 525
26.75 0.22950819672131148 20.95425388192622 -78.29574611807378 535
32.1 0.22950819672131148 18.375211661944434 -80.87478833805557 642
37.4 0.22950819672131148 17.07080821064781 -82.17919178935219 748
40.05 0.2459016393442623 15.575350707378846 -83.67464929262115 801
45.35 0.2459016393442623 10.290123435096348 -88.95987656490365 907
81.4 0.2459016393442623 10.037334085742827 -89.21266591425717 1628
94.65 0.26229508196721313 9.852315548598327 -89.39768445140167 1893
104.15 0.26229508196721313 9.626595812581726 -89.62340418741827 2083
107.9 0.26229508196721313 9.018444832802288 -90.23155516719771 2158
120.05 0.26229508196721313 8.840348401930328 -90.40965159806967 2401
125.35 0.26229508196721313 7.534318034400144 -91.71568196559986 2507
128.0 0.26229508196721313 6.5708569510127575 -92.67914304898724 2560
135.95 0.2786885245901639 6.012193712805882 -93.23780628719412 2719
153.0 0.2786885245901639 5.58632214869732 -93.66367785130268 3060
166.25 0.2786885245901639 5.18456461527073 -94.06543538472927 3325
172.65 0.2786885245901639 4.933734368655763 -94.31626563134424 3453
191.05 0.2786885245901639 4.909313986036025 -94.34068601396397 3821
196.45 0.2786885245901639 4.689512641214307 -94.56048735878569 3929
199.15 0.2786885245901639 4.232521033105684 -95.01747896689432 3983
217.7 0.2786885245901639 4.134424344740069 -95.11557565525993 4354
232.95 0.29508196721311475 3.9183613209651043 -95.3316386790349 4659
245.75 0.29508196721311475 3.833871998563694 -95.4161280014363 4915
248.0 0.29508196721311475 3.746016540398543 -95.50398345960146 4960
250.65 0.29508196721311475 3.6368483099825966 -95.6131516900174 5013
260.65 0.29508196721311475 3.56529670886151 -95.68470329113849 5213
262.85 0.29508196721311475 3.4738030576678796 -95.77619694233212 5257
274.9 0.29508196721311475 3.4510735364712843 -95.79892646352872 5498
286.7 0.29508196721311475 3.0435687066818815 -96.20643129331812 5734
327.8 0.29508196721311475 3.0007840007401256 -96.24921599925987 6556
331.8 0.29508196721311475 2.9346220857203065 -96.3153779142797 6636
338.1 0.29508196721311475 2.914396617935566 -96.33560338206443 6762
365.6 0.29508196721311475 2.870708966445079 -96.37929103355492 7312
373.55 0.29508196721311475 2.7807262559381343 -96.46927374406187 7471
375.2 0.29508196721311475 2.763615592984806 -96.4863844070152 7504
381.5 0.29508196721311475 2.580530390221668 -96.66946960977833 7630
409.2 0.3114754098360656 2.4198015553996726 -96.83019844460033 8184
419.8 0.3114754098360656 2.396207338553822 -96.85379266144618 8396
433.8 0.3114754098360656 2.3501911496940693 -96.89980885030593 8676
439.1 0.3114754098360656 2.158715516719596 -97.0912844832804 8782
