% fevals/dim | frac | F - F_opt (-568.88) | best fitness | fevals
2.65 0.0 3912672.620398869 3912103.740398869 53
9.6 0.0 3483323.704211001 3482754.824211001 192
13.3 0.0 2383493.695489541 2382924.8154895413 266
15.6 0.0 2281618.2640016074 2281049.3840016075 312
18.95 0.0 2237558.3853848907 2236989.505384891 379
21.35 0.0 1360729.7188050675 1360160.8388050676 427
28.05 0.0 1268591.4704305134 1268022.5904305135 561
32.45 0.0 1233719.7106541365 1233150.8306541366 649
39.55 0.0 392913.7922400988 392344.9122400988 791
110.65 0.0 384330.17144394416 383761.29144394415 2213
117.25 0.0 362828.1546586668 362259.2746586668 2345
120.05 0.0 315743.91157426476 315175.03157426475 2401
146.35 0.0 303527.0408183479 302958.1608183479 2927
191.85 0.0 299090.564945049 298521.684945049 3837
223.75 0.0 293209.6434895197 292640.7634895197 4475
266.1 0.0 292186.9542352063 291618.0742352063 5322
290.0 0.0 291791.0273929216 291222.1473929216 5800
296.1 0.0 291677.9751517448 291109.0951517448 5922
299.85 0.0 290755.72607459256 290186.84607459255 5997
310.1 0.0 290690.3721131531 290121.4921131531 6202
320.0 0.0 290680.75657703535 290111.87657703535 6400
322.6 0.0 290525.0264314284 289956.1464314284 6452
330.05 0.0 290093.7659277032 289524.8859277032 6601
336.1 0.0 289941.6312427424 289372.7512427424 6722
344.35 0.0 289385.66257355193 288816.7825735519 6887
385.1 0.0 289218.72335650667 288649.84335650667 7702
391.25 0.0 288952.49611752934 288383.61611752934 7825
411.4 0.0 288775.74799534015 288206.86799534014 8228
426.4 0.0 288589.5923700883 288020.7123700883 8528
443.05 0.0 288563.66800064425 287994.78800064424 8861
455.8 0.0 288559.18698801176 287990.30698801175 9116
459.8 0.0 288500.6438027155 287931.7638027155 9196
