% fevals/dim | frac | F - F_opt (32.7) | best fitness | fevals
1.65 0.19672131147540983 50.90853588143871 83.60853588143871 33
7.5 0.19672131147540983 45.482436765584325 78.18243676558433 150
10.2 0.21311475409836064 25.41628822329472 58.116288223294724 204
19.1 0.22950819672131148 17.34163252290422 50.04163252290422 382
38.85 0.2459016393442623 14.420208118398556 47.12020811839856 777
83.35 0.2459016393442623 13.483600759239778 46.18360075923978 1667
116.55 0.2459016393442623 12.509727960915868 45.20972796091587 2331
123.4 0.2459016393442623 11.429875007468894 44.1298750074689 2468
129.65 0.26229508196721313 9.247303529081101 41.947303529081104 2593
174.15 0.26229508196721313 8.739471954305145 41.43947195430515 3483
178.6 0.26229508196721313 8.249412344494829 40.94941234449483 3572
192.05 0.26229508196721313 7.24320599041863 39.94320599041863 3841
236.55 0.26229508196721313 7.161009946171276 39.86100994617128 4731
244.65 0.2786885245901639 5.988236113478138 38.68823611347814 4893
257.25 0.2786885245901639 5.5789206691126765 38.27892066911268 5145
279.2 0.2786885245901639 4.543141044898931 37.243141044898934 5584
292.85 0.29508196721311475 3.3073525099532617 36.007352509953265 5857
376.9 0.29508196721311475 3.2393018899715997 35.9393018899716 7538
381.85 0.29508196721311475 3.1133800593957517 35.813380059395755 7637
399.65 0.29508196721311475 2.6622147167126116 35.362214716712614 7993
439.7 0.29508196721311475 2.608969421811615 35.30896942181162 8794
465.9 0.3114754098360656 2.4531654389597435 35.153165438959746 9318
497.05 0.3114754098360656 2.285018822783144 34.98501882278315 9941
