% fevals/dim | frac | F - F_opt (7.64) | best fitness | fevals
2.65 0.19672131147540983 46.29756375650529 53.93756375650529 53
21.4 0.21311475409836064 37.71292492029209 45.35292492029209 428
37.65 0.21311475409836064 33.932217726164744 41.572217726164745 753
43.35 0.22950819672131148 24.457701461937653 32.09770146193765 867
152.85 0.22950819672131148 22.450544074418488 30.09054407441849 3057
199.0 0.22950819672131148 22.251128377248413 29.891128377248414 3980
285.95 0.22950819672131148 20.507420943051233 28.147420943051234 5719
300.1 0.22950819672131148 20.146842944596703 27.786842944596703 6002
428.5 0.22950819672131148 15.878182321268103 23.518182321268103 8570
