4.35 0.18032786885245902 75.93129955158257 175.73129955158257 87
17.55 0.18032786885245902 71.54730909602786 171.34730909602786 351
20.85 0.18032786885245902 70.44053099969945 170.24053099969944 417
31.45 0.19672131147540983 60.43844605571287 160.23844605571287 629
47.95 0.19672131147540983 49.67830277382207 149.47830277382207 959
74.35 0.19672131147540983 46.06951849457171 145.8695184945717 1487
80.95 0.19672131147540983 45.36672111502246 145.16672111502245 1619
142.25 0.19672131147540983 44.742352877877394 144.5423528778774 2845
150.25 0.19672131147540983 42.99424982101938 142.79424982101938 3005
158.25 0.19672131147540983 42.44108241360128 142.24108241360128 3165
161.55 0.19672131147540983 41.75191531154361 141.5519153115436 3231
168.65 0.19672131147540983 40.47252467050201 140.272524670502 3373
174.3 0.21311475409836064 39.14007589677546 138.94007589677545 3486
210.6 0.21311475409836064 36.66195701560612 136.46195701560612 4212
211.3 0.21311475409836064 30.61516867738952 130.41516867738952 4226
243.6 0.21311475409836064 29.2264044242835 129.0264044242835 4872
277.3 0.21311475409836064 26.173047708435377 125.97304770843537 5546
280.6 0.22950819672131148 24.77361799192589 124.57361799192589 5612
325.3 0.22950819672131148 23.06934799107505 122.86934799107505 6506
374.7 0.22950819672131148 21.566862988783797 121.3668629887838 7494
382.2 0.22950819672131148 21.237867903870395 121.03786790387039 7644
384.6 0.22950819672131148 20.451097371933244 120.25109737193324 7692
398.7 0.22950819672131148 17.911601433470295 117.71160143347029 7974
477.9 0.2459016393442623 12.93101577048644 112.73101577048644 9558
