6.45 0.19672131147540983 43.48331964595163 -55.76668035404837 129
12.45 0.21311475409836064 35.1834539873588 -64.0665460126412 249
16.85 0.21311475409836064 32.61707212833613 -66.63292787166387 337
22.4 0.21311475409836064 26.740899901803516 -72.50910009819648 448
27.8 0.22950819672131148 24.409660957857 -74.840339042143 556
39.55 0.22950819672131148 24.25471927014567 -74.99528072985433 791
45.2 0.22950819672131148 18.608675789357747 -80.64132421064225 904
53.3 0.22950819672131148 16.904080375310713 -82.34591962468929 1066
70.15 0.22950819672131148 16.607701582629005 -82.642298417371 1403
78.25 0.22950819672131148 16.502947300288184 -82.74705269971182 1565
84.1 0.2459016393442623 14.66577563664248 -84.58422436335752 1682
89.65 0.2459016393442623 14.161614980787292 -85.08838501921271 1793
100.3 0.2459016393442623 12.52277928142719 -86.72722071857281 2006
114.0 0.2459016393442623 11.723256502127867 -87.52674349787213 2280
126.85 0.2459016393442623 10.532706598737747 -88.71729340126225 2537
175.1 0.26229508196721313 9.247577880845611 -90.00242211915439 3502
188.0 0.26229508196721313 9.231917946779916 -90.01808205322008 3760
213.6 0.26229508196721313 7.8062403437401855 -91.44375965625981 4272
217.65 0.26229508196721313 7.713051640690367 -91.53694835930963 4353
234.7 0.26229508196721313 7.415496922669078 -91.83450307733092 4694
242.85 0.26229508196721313 7.382489239623439 -91.86751076037656 4857
244.75 0.26229508196721313 7.081322043715701 -92.1686779562843 4895
252.4 0.2786885245901639 6.11813812834734 -93.13186187165266 5048
299.5 0.2786885245901639 5.884484770260087 -93.36551522973991 5990
304.3 0.2786885245901639 5.086441707443967 -94.16355829255603 6086
335.4 0.2786885245901639 4.492636521135523 -94.75736347886448 6708
364.75 0.2786885245901639 4.285881418319278 -94.96411858168072 7295
373.95 0.2786885245901639 4.270924831321082 -94.97907516867892 7479
379.1 0.29508196721311475 3.8121022898930477 -95.43789771010695 7582
399.35 0.29508196721311475 3.5231229327264657 -95.72687706727353 7987
407.8 0.29508196721311475 3.389601536229378 -95.86039846377062 8156
444.25 0.29508196721311475 3.2278003273439566 -96.02219967265604 8885
464.15 0.29508196721311475 3.1658303435646786 -96.08416965643532 9283
468.55 0.29508196721311475 2.8225761039159067 -96.4274238960841 9371
497.2 0.29508196721311475 2.5784080960788316 -96.67159190392117 9944
