% fevals/dim | frac | F - F_opt (-568.88) | best fitness | fevals
2.55 0.0 6733768.768094694 6733199.888094694 51
4.9 0.0 6301797.922000747 6301229.042000747 98
6.9 0.0 930134.004267101 929565.1242671009 138
12.0 0.0 916123.234532286 915554.354532286 240
32.4 0.0 821944.4544660482 821375.5744660482 648
37.5 0.0 668746.3027115038 668177.4227115038 750
45.15 0.0 668743.9269069061 668175.0469069061 903
53.7 0.0 611589.0552426395 611020.1752426395 1074
66.45 0.0 609977.1642744814 609408.2842744814 1329
76.65 0.0 572158.0357428377 571589.1557428377 1533
89.4 0.0 510393.7168848621 509824.8368848621 1788
107.25 0.0 510347.76549127296 509778.88549127296 2145
120.0 0.0 510306.70324965613 509737.8232496561 2400
125.1 0.0 502262.3885339357 501693.5085339357 2502
144.95 0.0 498283.86590538366 497714.98590538366 2899
150.05 0.0 498267.45011292613 497698.5701129261 3001
173.55 0.0 464178.5225538314 463609.6425538314 3471
214.35 0.0 463634.41056605167 463065.53056605166 4287
229.7 0.0 449120.2805580879 448551.4005580879 4594
250.05 0.0 414968.23881644063 414399.3588164406 5001
414.9 0.0 395151.6517165976 394582.7717165976 8298
417.45 0.0 391695.5461773978 391126.66617739777 8349
463.35 0.0 391649.59478380857 391080.71478380857 9267
499.05 0.0 390406.7633238312 389837.8833238312 9981
