14.95 0.19672131147540983 42.61621867783469 -56.63378132216531 299
18.2 0.21311475409836064 38.800091770089836 -60.449908229910164 364
20.75 0.21311475409836064 35.21732981682956 -64.03267018317044 415
28.5 0.21311475409836064 30.975681849995993 -68.274318150004 570
38.25 0.22950819672131148 17.246603274319796 -82.0033967256802 765
67.5 0.2459016393442623 15.500710585069086 -83.74928941493091 1350
90.55 0.2459016393442623 13.113317829504197 -86.1366821704958 1811
103.85 0.2459016393442623 12.631377211521652 -86.61862278847835 2077
104.7 0.2459016393442623 11.544547438535318 -87.70545256146468 2094
109.0 0.2459016393442623 11.45680484038958 -87.79319515961042 2180
111.2 0.26229508196721313 9.9032610969916 -89.3467389030084 2224
128.5 0.26229508196721313 7.2804427744374465 -91.96955722556255 2570
131.75 0.2786885245901639 5.7075776022871025 -93.5424223977129 2635
161.1 0.2786885245901639 5.268821459729722 -93.98117854027028 3222
176.15 0.2786885245901639 5.087459738819689 -94.16254026118031 3523
180.5 0.2786885245901639 4.616247759267566 -94.63375224073243 3610
198.65 0.2786885245901639 4.216526555877195 -95.0334734441228 3973
205.15 0.29508196721311475 3.5875627488096313 -95.66243725119037 4103
208.4 0.29508196721311475 3.0838966580624003 -96.1661033419376 4168
244.15 0.29508196721311475 3.0427479537199673 -96.20725204628003 4883
288.65 0.29508196721311475 2.7031102895962817 -96.54688971040372 5773
297.5 0.29508196721311475 2.634001082741051 -96.61599891725895 5950
307.25 0.3114754098360656 2.412049024908299 -96.8379509750917 6145
313.75 0.3114754098360656 2.3228389755025063 -96.9271610244975 6275
328.0 0.3114754098360656 2.0909748241671196 -97.15902517583288 6560
373.5 0.3114754098360656 1.8592203013111828 -97.39077969868882 7470
380.0 0.3114754098360656 1.6297487962411452 -97.62025120375885 7600
409.65 0.32786885245901637 1.373017087026298 -97.8769829129737 8193
419.4 0.32786885245901637 1.0964219431932776 -98.15357805680672 8388
