% fevals/dim | frac | F - F_opt (32.7) | best fitness | fevals
1.65 0.19672131147540983 50.90853588143871 83.60853588143871 33
4.9 0.19672131147540983 45.961360087193114 78.66136008719312 98
14.25 0.21311475409836064 29.097296124572424 61.797296124572426 285
17.5 0.21311475409836064 27.547015342852397 60.2470153428524 350
19.0 0.22950819672131148 22.785521134611663 55.485521134611666 380
30.05 0.22950819672131148 20.33734219048914 53.03734219048914 601
33.2 0.22950819672131148 19.66660324969851 52.366603249698514 664
35.65 0.22950819672131148 18.90350372990207 51.60350372990207 713
41.55 0.2459016393442623 15.408415883080153 48.108415883080156 831
50.1 0.2459016393442623 10.72362408171837 43.42362408171837 1002
59.55 0.2459016393442623 10.232752303965682 42.932752303965685 1191
69.6 0.26229508196721313 9.768501094839493 42.468501094839496 1392
86.75 0.26229508196721313 8.839798692454735 41.53979869245474 1735
100.25 0.26229508196721313 8.291669262552233 40.991669262552236 2005
115.1 0.26229508196721313 8.166132172613494 40.8661321726135 2302
128.85 0.26229508196721313 6.34731284901283 39.04731284901283 2577
144.6 0.2786885245901639 5.429885475905195 38.1298854759052 2892
179.25 0.2786885245901639 5.191211274509172 37.891211274509175 3585
207.6 0.2786885245901639 4.844697612090556 37.54469761209056 4152
210.75 0.2786885245901639 4.720524514592583 37.420524514592586 4215
224.75 0.2786885245901639 4.685124980075948 37.38512498007595 4495
294.05 0.2786885245901639 4.658445486053999 37.358445486054 5881
309.8 0.2786885245901639 4.631590628020845 37.33159062802085 6196
347.2 0.2786885245901639 4.312363733590196 37.0123637335902 6944
375.55 0.2786885245901639 4.133291547327332 36.833291547327335 7511
472.25 0.2786885245901639 4.12242294034067 36.82242294034067 9445
478.55 0.2786885245901639 4.1124057136933985 36.8124057136934 9571
