6.8 0.18032786885245902 77.02988664009835 176.82988664009835 136
16.75 0.18032786885245902 76.35309535514286 176.15309535514285 335
17.45 0.18032786885245902 71.0196759744431 170.8196759744431 349
25.95 0.18032786885245902 70.0755916202033 169.8755916202033 519
47.35 0.18032786885245902 63.37861880603775 163.17861880603775 947
85.6 0.19672131147540983 51.39792998058731 151.1979299805873 1712
115.35 0.19672131147540983 43.68285542460215 143.48285542460215 2307
183.35 0.19672131147540983 42.77773905881607 142.57773905881606 3667
213.15 0.21311475409836064 33.223460353652015 133.023460353652 4263
247.15 0.21311475409836064 32.72083553537745 132.52083553537744 4943
255.6 0.21311475409836064 30.240853401031487 130.04085340103148 5112
259.5 0.21311475409836064 29.145510490099653 128.94551049009965 5190
270.45 0.22950819672131148 24.718704211535965 124.51870421153596 5409
298.15 0.22950819672131148 24.256246878438674 124.05624687843867 5963
302.0 0.22950819672131148 23.487415254720716 123.28741525472071 6040
344.9 0.22950819672131148 20.637228159367183 120.43722815936718 6898
367.35 0.22950819672131148 19.793447816461963 119.59344781646196 7347
418.55 0.22950819672131148 19.437790071553877 119.23779007155387 8371
421.0 0.22950819672131148 18.857731608858487 118.65773160885848 8420
433.75 0.22950819672131148 17.66811960779374 117.46811960779374 8675
