4.7 0.18032786885245902 76.2120414319095 176.0120414319095 94
9.3 0.18032786885245902 74.25140780886683 174.05140780886683 186
17.8 0.18032786885245902 69.88271120120028 169.68271120120028 356
22.4 0.18032786885245902 68.87831744959932 168.67831744959932 448
31.6 0.18032786885245902 67.47663201595789 167.2766320159579 632
45.4 0.18032786885245902 65.6147093032766 165.4147093032766 908
50.0 0.18032786885245902 65.22315848731306 165.02315848731305 1000
59.85 0.19672131147540983 60.90189116345836 160.70189116345836 1197
96.65 0.19672131147540983 57.57460980513697 157.37460980513697 1933
101.25 0.19672131147540983 57.416754759216374 157.21675475921637 2025
113.15 0.19672131147540983 52.61326885478992 152.41326885478992 2263
138.05 0.19672131147540983 52.12102545222062 151.92102545222062 2761
149.95 0.19672131147540983 47.53477122776006 147.33477122776006 2999
159.15 0.19672131147540983 40.17032522539547 139.97032522539547 3183
163.75 0.19672131147540983 39.877838397880126 139.67783839788012 3275
205.15 0.21311475409836064 36.397543435124575 136.19754343512457 4103
229.4 0.21311475409836064 34.12204701577029 133.9220470157703 4588
266.2 0.21311475409836064 30.465494527489412 130.2654945274894 5324
275.4 0.21311475409836064 28.276052992243578 128.07605299224358 5508
284.95 0.21311475409836064 25.497864964882794 125.29786496488279 5699
295.25 0.22950819672131148 23.044835731907526 122.84483573190752 5905
367.75 0.22950819672131148 19.71797366917052 119.51797366917052 7355
372.35 0.22950819672131148 18.64811164117988 118.44811164117988 7447
446.25 0.22950819672131148 17.095911652513124 116.89591165251312 8925
450.85 0.2459016393442623 15.801843436081057 115.60184343608105 9017
455.45 0.2459016393442623 15.5426222144485 115.3426222144485 9109
