14.55 0.19672131147540983 41.33248618564759 -57.91751381435241 291
19.3 0.19672131147540983 39.94849494896047 -59.30150505103953 386
31.8 0.21311475409836064 31.231869010987452 -68.01813098901255 636
33.55 0.22950819672131148 22.364543148231505 -76.8854568517685 671
38.3 0.22950819672131148 20.151117084525865 -79.09888291547414 766
84.8 0.22950819672131148 16.294828707403752 -82.95517129259625 1696
93.4 0.2459016393442623 15.066176323649557 -84.18382367635044 1868
138.2 0.2459016393442623 12.092390821807399 -87.1576091781926 2764
179.6 0.2459016393442623 10.393546996820277 -88.85645300317972 3592
197.5 0.26229508196721313 7.824849711431355 -91.42515028856864 3950
255.05 0.26229508196721313 6.84130279372512 -92.40869720627488 5101
299.1 0.26229508196721313 6.5540059490364655 -92.69599405096353 5982
319.1 0.2786885245901639 5.892783981801372 -93.35721601819863 6382
425.2 0.2786885245901639 5.660051995805603 -93.5899480041944 8504
432.2 0.2786885245901639 5.128722114251374 -94.12127788574863 8644
467.1 0.2786885245901639 4.831251975281049 -94.41874802471895 9342
