% fevals/dim | frac | F - F_opt (-16.94) | best fitness | fevals
2.5 0.18032786885245902 69.72404449258252 52.784044492582524 50
4.4 0.19672131147540983 54.74550637164856 37.80550637164856 88
7.35 0.19672131147540983 51.56360688794278 34.623606887942785 147
13.3 0.19672131147540983 50.69650970164135 33.75650970164135 266
16.2 0.19672131147540983 42.884402322860275 25.944402322860274 324
26.8 0.21311475409836064 38.40825011874663 21.468250118746628 536
57.2 0.21311475409836064 37.442301003833464 20.502301003833463 1144
60.15 0.21311475409836064 35.20364836067378 18.26364836067378 1203
63.1 0.22950819672131148 21.174342714708544 4.234342714708543 1262
78.2 0.22950819672131148 19.41233554624592 2.472335546245919 1564
101.8 0.22950819672131148 18.42428961621052 1.4842896162105177 2036
122.1 0.22950819672131148 16.530895651017993 -0.40910434898200876 2442
160.8 0.2459016393442623 14.950114892920906 -1.989885107079095 3216
184.05 0.2459016393442623 13.194955540303237 -3.7450444596967642 3681
290.05 0.2459016393442623 11.755011355191673 -5.184988644808328 5801
385.95 0.2459016393442623 10.655549422510092 -6.28445057748991 7719
