7.15 0.18032786885245902 76.08879475640738 175.88879475640738 143
10.6 0.18032786885245902 72.50314180943793 172.30314180943793 212
20.55 0.18032786885245902 70.69350246922217 170.49350246922216 411
30.35 0.18032786885245902 69.95284640117883 169.75284640117883 607
31.75 0.18032786885245902 69.51686831578867 169.31686831578867 635
40.7 0.19672131147540983 57.814259446100024 157.61425944610002 814
57.45 0.19672131147540983 56.44912016676331 156.2491201667633 1149
71.25 0.19672131147540983 54.56067613106414 154.36067613106414 1425
85.55 0.19672131147540983 52.61896299706184 152.41896299706184 1711
91.95 0.19672131147540983 45.12825469171288 144.92825469171288 1839
122.65 0.21311475409836064 37.74428382823352 137.54428382823352 2453
126.1 0.21311475409836064 30.816273722932564 130.61627372293256 2522
160.55 0.21311475409836064 29.30430604629946 129.10430604629946 3211
193.3 0.21311475409836064 26.212709675275548 126.01270967527554 3866
226.8 0.21311475409836064 25.854330474442875 125.65433047444287 4536
249.1 0.22950819672131148 22.3113399732474 122.1113399732474 4982
304.3 0.22950819672131148 22.230021598451515 122.03002159845151 6086
317.5 0.22950819672131148 21.691596067502346 121.49159606750234 6350
337.2 0.22950819672131148 20.482939452684306 120.2829394526843 6744
338.8 0.22950819672131148 20.137379510775787 119.93737951077578 6776
347.55 0.22950819672131148 19.352659146137086 119.15265914613708 6951
395.55 0.22950819672131148 18.93844352042744 118.73844352042744 7911
420.0 0.22950819672131148 18.078154987360577 117.87815498736057 8400
433.5 0.22950819672131148 17.652256568888433 117.45225656888843 8670
437.65 0.22950819672131148 17.568581642209978 117.36858164220997 8753
447.6 0.2459016393442623 15.64344412147284 115.44344412147284 8952
451.45 0.2459016393442623 14.10445758578929 113.90445758578929 9029
