19.45 0.21311475409836064 33.01423060285035 -66.23576939714965 389
33.1 0.21311475409836064 28.167666406963463 -71.08233359303654 662
39.35 0.22950819672131148 24.081440404850127 -75.16855959514987 787
43.65 0.22950819672131148 17.88584578520708 -81.36415421479292 873
79.7 0.22950819672131148 17.053845612302922 -82.19615438769708 1594
86.8 0.22950819672131148 16.820217562466766 -82.42978243753323 1736
94.3 0.2459016393442623 15.167893136022784 -84.08210686397722 1886
103.15 0.2459016393442623 12.927402653429496 -86.3225973465705 2063
105.5 0.2459016393442623 12.813648258715801 -86.4363517412842 2110
109.8 0.2459016393442623 12.804075479706256 -86.44592452029374 2196
116.05 0.2459016393442623 12.646091809602908 -86.60390819039709 2321
124.65 0.2459016393442623 12.047957071820889 -87.20204292817911 2493
139.9 0.2459016393442623 10.001546611379055 -89.24845338862094 2798
148.0 0.26229508196721313 8.84693922089599 -90.40306077910401 2960
163.35 0.26229508196721313 8.664708153758127 -90.58529184624187 3267
165.2 0.26229508196721313 8.653211374414752 -90.59678862558525 3304
176.25 0.26229508196721313 6.90758542973542 -92.34241457026458 3525
195.6 0.26229508196721313 6.681168826974584 -92.56883117302542 3912
204.2 0.26229508196721313 6.461845031133194 -92.7881549688668 4084
222.55 0.2786885245901639 5.887062633236724 -93.36293736676328 4451
238.6 0.2786885245901639 5.832005795190611 -93.41799420480939 4772
244.0 0.2786885245901639 5.79135395371091 -93.45864604628909 4880
250.75 0.2786885245901639 5.030131855708774 -94.21986814429123 5015
263.65 0.2786885245901639 4.579942786624301 -94.6700572133757 5273
280.85 0.29508196721311475 3.906280785653067 -95.34371921434693 5617
345.35 0.29508196721311475 3.807007293958108 -95.44299270604189 6907
417.25 0.29508196721311475 3.5938180793173586 -95.65618192068264 8345
451.1 0.29508196721311475 3.0097382294218846 -96.24026177057812 9022
485.75 0.29508196721311475 2.7637184088545297 -96.48628159114547 9715
