4.95 0.13114754098360656 335.90632539972586 339.72632539972585 99
17.5 0.13114754098360656 330.1073426926043 333.92734269260427 350
20.8 0.14754098360655737 235.29772012378305 239.11772012378304 416
30.8 0.14754098360655737 160.54920911767954 164.36920911767953 616
34.0 0.16393442622950818 144.73968055761094 148.55968055761093 680
46.75 0.16393442622950818 129.27371277514428 133.09371277514427 935
60.4 0.16393442622950818 124.69369288736215 128.51369288736214 1208
67.65 0.16393442622950818 103.13139216373901 106.951392163739 1353
83.6 0.18032786885245902 95.09581203709894 98.91581203709893 1672
93.5 0.18032786885245902 86.12537882213985 89.94537882213984 1870
127.05 0.18032786885245902 79.23985659870664 83.05985659870663 2541
256.35 0.18032786885245902 75.80823741274733 79.62823741274732 5127
278.85 0.18032786885245902 73.68695611923076 77.50695611923075 5577
282.75 0.18032786885245902 66.2742745342334 70.09427453423339 5655
319.8 0.19672131147540983 62.586596575049576 66.40659657504958 6396
321.75 0.19672131147540983 61.18407487123914 65.00407487123914 6435
430.95 0.19672131147540983 60.02179777475075 63.84179777475075 8619
