% fevals/dim | frac | F - F_opt (-16.94) | best fitness | fevals
3.65 0.19672131147540983 53.35901708526616 36.41901708526616 73
7.65 0.19672131147540983 48.738964132755115 31.798964132755113 153
15.45 0.19672131147540983 48.40075528906808 31.46075528906808 309
26.9 0.21311475409836064 37.87159974652577 20.931599746525766 538
40.95 0.21311475409836064 34.76800245903027 17.82800245903027 819
44.3 0.21311475409836064 29.344655555464854 12.404655555464853 886
60.45 0.22950819672131148 24.86176194251451 7.921761942514507 1209
73.35 0.22950819672131148 24.75824797310498 7.818247973104977 1467
126.75 0.22950819672131148 19.835199084698427 2.895199084698426 2535
144.55 0.22950819672131148 16.870390562464852 -0.06960943753514925 2891
166.25 0.2459016393442623 14.978227325829074 -1.961772674170927 3325
280.0 0.2459016393442623 14.37367658716598 -2.5663234128340218 5600
331.8 0.2459016393442623 13.630022224489668 -3.3099777755103332 6636
345.65 0.2459016393442623 12.32294182041036 -4.617058179589641 6913
363.8 0.2459016393442623 11.879120014137035 -5.060879985862966 7276
