6.9 0.18032786885245902 69.16717391437422 20.567173914374216 138
13.3 0.18032786885245902 69.03035541063663 20.43035541063663 266
26.35 0.18032786885245902 67.56857201979243 18.968572019792425 527
34.2 0.18032786885245902 64.89179599441863 16.291795994418628 684
44.3 0.18032786885245902 64.72799040545526 16.127990405455257 886
47.35 0.18032786885245902 63.37401525575023 14.774015255750228 947
55.7 0.19672131147540983 60.69295105646397 12.092951056463967 1114
59.55 0.19672131147540983 60.1822952081447 11.5822952081447 1191
70.7 0.19672131147540983 59.50394272711756 10.90394272711756 1414
74.95 0.19672131147540983 54.25440479953174 5.65440479953174 1499
80.9 0.19672131147540983 50.29863446958761 1.6986344695876099 1618
103.6 0.19672131147540983 47.05099790210776 -1.5490020978922416 2072
109.7 0.19672131147540983 43.40223753112608 -5.197762468873918 2194
119.75 0.19672131147540983 40.38691288695252 -8.213087113047479 2395
134.1 0.21311475409836064 38.92455168440051 -9.675448315599489 2682
153.3 0.21311475409836064 34.966715546087286 -13.633284453912715 3066
173.9 0.21311475409836064 34.91622840882218 -13.683771591177823 3478
178.4 0.21311475409836064 30.70677167922502 -17.89322832077498 3568
181.45 0.21311475409836064 27.592905588245 -21.007094411755002 3629
223.7 0.21311475409836064 25.150202262745793 -23.449797737254208 4474
260.3 0.22950819672131148 20.927421131351092 -27.67257886864891 5206
278.6 0.22950819672131148 19.81292120237886 -28.78707879762114 5572
318.25 0.22950819672131148 19.608735196525064 -28.991264803474937 6365
354.6 0.22950819672131148 19.478118345604244 -29.121881654395757 7092
484.95 0.22950819672131148 18.61322984388851 -29.98677015611149 9699
488.0 0.22950819672131148 17.297733519535733 -31.30226648046427 9760
