% fevals/dim | frac | F - F_opt (-568.88) | best fitness | fevals
2.65 0.0 3912672.620398869 3912103.740398869 53
8.65 0.0 2264209.7589646843 2263640.8789646844 173
17.3 0.0 766210.2257406893 765641.3457406893 346
25.85 0.0 765979.5408326034 765410.6608326033 517
28.7 0.0 756219.0796260762 755650.1996260762 574
31.55 0.0 756204.8021402014 755635.9221402014 631
34.4 0.0 727140.9513588577 726572.0713588577 688
38.85 0.0 518925.07263208 518356.19263208 777
44.55 0.0 468976.79465026205 468407.91465026204 891
49.65 0.0 393157.15758292074 392588.27758292074 993
71.05 0.0 382946.7697108025 382377.88971080247 1421
73.9 0.0 382121.86375834676 381552.98375834676 1478
91.0 0.0 362095.03106207156 361526.15106207156 1820
96.7 0.0 360852.19960209413 360283.3196020941 1934
98.7 0.0 350442.65598584095 349873.77598584094 1974
109.95 0.0 342934.75713335443 342365.8771333544 2199
112.0 0.0 334789.7948748792 334220.9148748792 2240
114.35 0.0 310604.5460037268 310035.6660037268 2287
134.3 0.0 309017.80051353585 308448.92051353585 2686
147.15 0.0 300915.0946689568 300346.2146689568 2943
169.95 0.0 298771.63712743856 298202.75712743856 3399
171.85 0.0 293317.5136390829 292748.6336390829 3437
185.05 0.0 290008.38417191594 289439.50417191593 3701
201.15 0.0 289444.35611876624 288875.47611876624 4023
204.0 0.0 289440.4272043227 288871.5472043227 4080
209.7 0.0 289428.764591997 288859.884591997 4194
212.55 0.0 289359.0450112831 288790.16501128307 4251
226.0 0.0 288937.64290871914 288368.76290871913 4520
258.15 0.0 288703.01347355515 288134.13347355515 5163
280.1 0.0 288576.91898958676 288008.03898958676 5602
311.6 0.0 288486.4344593483 287917.5544593483 6232
337.25 0.0 288440.4830657592 287871.6030657592 6745
390.2 0.0 288437.6903731962 287868.8103731962 7804
392.25 0.0 288435.243248524 287866.363248524 7845
408.9 0.0 288434.76594167354 287865.88594167354 8178
435.8 0.0 288434.5284436586 287865.6484436586 8716
477.6 0.0 288431.1875742818 287862.3075742818 9552
