% fevals/dim | frac | F - F_opt (7.64) | best fitness | fevals
2.65 0.19672131147540983 46.29756375650529 53.93756375650529 53
7.6 0.21311475409836064 36.6722881631282 44.3122881631282 152
11.9 0.21311475409836064 33.29916305482978 40.939163054829784 238
12.15 0.21311475409836064 27.718040677722954 35.358040677722954 243
20.9 0.21311475409836064 26.414035934072942 34.05403593407294 418
24.15 0.21311475409836064 26.217876502181753 33.85787650218175 483
33.15 0.21311475409836064 25.199160241535203 32.839160241535204 663
36.05 0.22950819672131148 25.007747309476358 32.64774730947636 721
44.9 0.22950819672131148 19.422274360016264 27.062274360016264 898
47.65 0.22950819672131148 18.659036834312683 26.299036834312684 953
55.85 0.22950819672131148 18.552537990143552 26.192537990143553 1117
64.0 0.22950819672131148 17.25545719948306 24.89545719948306 1280
67.0 0.2459016393442623 15.312117838468666 22.952117838468666 1340
75.35 0.2459016393442623 13.928164977047736 21.568164977047736 1507
78.35 0.2459016393442623 13.395823106972642 21.035823106972643 1567
89.9 0.2459016393442623 12.983814923862557 20.623814923862557 1798
90.45 0.2459016393442623 11.781843066936645 19.421843066936646 1809
101.2 0.2459016393442623 10.480009398318373 18.120009398318373 2024
102.35 0.26229508196721313 9.83152831478343 17.47152831478343 2047
105.35 0.26229508196721313 8.517526804675153 16.157526804675154 2107
132.35 0.26229508196721313 8.197397826152379 15.83739782615238 2647
144.25 0.26229508196721313 7.371291465395106 15.011291465395106 2885
204.95 0.26229508196721313 7.1082654496623325 14.748265449662332 4099
250.0 0.26229508196721313 6.816313892144126 14.456313892144125 5000
270.05 0.26229508196721313 6.446251330817433 14.086251330817433 5401
311.25 0.2786885245901639 6.219190827362325 13.859190827362324 6225
321.05 0.2786885245901639 5.991538958727568 13.631538958727567 6421
336.95 0.2786885245901639 5.448621911290126 13.088621911290126 6739
442.35 0.2786885245901639 5.067890090307778 12.707890090307778 8847
483.5 0.2786885245901639 5.00667571427464 12.64667571427464 9670
494.2 0.2786885245901639 4.756822740634036 12.396822740634036 9884
