5.9 0.21311475409836064 28.83181515858385 -70.41818484141615 118
26.3 0.21311475409836064 26.761459275908535 -72.48854072409146 526
29.0 0.22950819672131148 22.90412878077683 -76.34587121922317 580
43.05 0.22950819672131148 19.925658072229538 -79.32434192777046 861
45.2 0.22950819672131148 19.47762302953828 -79.77237697046172 904
47.9 0.2459016393442623 10.778856983133167 -88.47114301686683 958
86.95 0.2459016393442623 10.372221344603162 -88.87777865539684 1739
95.05 0.26229508196721313 9.83540894175033 -89.41459105824967 1901
99.55 0.26229508196721313 7.881117524006214 -91.36888247599379 1991
117.75 0.26229508196721313 7.705566602283199 -91.5444333977168 2355
119.8 0.26229508196721313 7.654377626966735 -91.59562237303327 2396
133.3 0.26229508196721313 7.398651142428989 -91.85134885757101 2666
143.5 0.26229508196721313 6.83627909932008 -92.41372090067992 2870
151.6 0.2786885245901639 6.159711565341041 -93.09028843465896 3032
157.0 0.2786885245901639 5.797465599721647 -93.45253440027835 3140
212.75 0.2786885245901639 5.230784412200592 -94.01921558779941 4255
236.9 0.2786885245901639 4.863851756011641 -94.38614824398836 4738
254.25 0.2786885245901639 4.662869628613578 -94.58713037138642 5085
278.05 0.2786885245901639 4.646495740903532 -94.60350425909647 5561
286.2 0.2786885245901639 4.540863270013773 -94.70913672998623 5724
291.55 0.2786885245901639 4.238073683969532 -95.01192631603047 5831
304.75 0.29508196721311475 3.8532024057026177 -95.39679759429738 6095
310.15 0.29508196721311475 3.8101635839557844 -95.43983641604422 6203
312.85 0.29508196721311475 3.5860478034696683 -95.66395219653033 6257
353.35 0.29508196721311475 3.5385181458168518 -95.71148185418315 7067
400.7 0.29508196721311475 3.5361310977112907 -95.71386890228871 8014
435.8 0.29508196721311475 3.140520437040493 -96.1094795629595 8716
