3.35 0.06557377049180328 2093.0799635517515 1870.0999635517514 67
5.9 0.06557377049180328 1948.8135191914691 1725.8335191914691 118
11.1 0.06557377049180328 1867.649840469239 1644.669840469239 222
16.1 0.06557377049180328 1840.2425179362356 1617.2625179362356 322
18.65 0.08196721311475409 1542.6444905958824 1319.6644905958824 373
28.85 0.08196721311475409 1500.1139919916945 1277.1339919916945 577
31.4 0.08196721311475409 1397.891948791682 1174.9119487916819 628
41.55 0.08196721311475409 1347.621123391397 1124.641123391397 831
51.8 0.08196721311475409 1339.4988707839902 1116.5188707839902 1036
56.85 0.08196721311475409 1305.2092776778459 1082.2292776778459 1137
62.95 0.08196721311475409 1299.0019324105608 1076.0219324105608 1259
64.5 0.08196721311475409 1071.098444823574 848.118444823574 1290
78.25 0.08196721311475409 1048.6768815424805 825.6968815424805 1565
84.9 0.08196721311475409 1013.2305882186338 790.2505882186338 1698
97.65 0.09836065573770492 976.5393392832655 753.5593392832654 1953
102.9 0.09836065573770492 897.3660718388596 674.3860718388596 2058
126.3 0.09836065573770492 844.33597861067 621.35597861067 2526
128.4 0.09836065573770492 802.920996081459 579.9409960814589 2568
151.75 0.09836065573770492 774.0433389057196 551.0633389057195 3035
169.65 0.09836065573770492 760.1581071677476 537.1781071677476 3393
184.5 0.09836065573770492 747.3736186571399 524.3936186571399 3690
199.8 0.09836065573770492 741.484603780386 518.504603780386 3996
204.9 0.09836065573770492 733.9858980569394 511.0058980569394 4098
215.3 0.09836065573770492 721.2122314148403 498.23223141484027 4306
218.6 0.09836065573770492 717.5070725061323 494.5270725061323 4372
221.15 0.09836065573770492 675.5374080211932 452.55740802119317 4423
227.5 0.09836065573770492 633.087760155109 410.10776015510896 4550
265.75 0.11475409836065574 587.8674715575992 364.88747155759916 5315
278.5 0.11475409836065574 568.3495940547157 345.36959405471566 5570
315.65 0.11475409836065574 536.7335919265423 313.7535919265423 6313
378.75 0.11475409836065574 505.60624278233036 282.62624278233034 7575
413.5 0.11475409836065574 497.77093665212533 274.7909366521253 8270
422.05 0.11475409836065574 472.4936925987988 249.51369259879883 8441
425.95 0.11475409836065574 457.8930373012525 234.9130373012525 8519
461.65 0.11475409836065574 424.53482737736414 201.55482737736415 9233
