% fevals/dim | frac | F - F_opt (92.94) | best fitness | fevals
1.55 0.09836065573770492 845.5781938862622 938.5181938862622 31
7.6 0.09836065573770492 721.1249417377317 814.0649417377317 152
14.55 0.09836065573770492 702.0816136538183 795.0216136538183 291
17.1 0.09836065573770492 649.4044313462502 742.3444313462503 342
22.75 0.13114754098360656 251.9469455388209 344.8869455388209 455
40.95 0.14754098360655737 235.8770215167517 328.8170215167517 819
43.55 0.14754098360655737 207.0519388286931 299.9919388286931 871
46.15 0.18032786885245902 95.02232323043114 187.96232323043114 923
113.75 0.19672131147540983 55.84177774333904 148.78177774333903 2275
164.75 0.19672131147540983 52.93152776906504 145.87152776906504 3295
283.45 0.19672131147540983 49.91759546430475 142.85759546430475 5669
304.1 0.19672131147540983 41.80218699307824 134.74218699307823 6082
427.85 0.19672131147540983 41.30186587445118 134.24186587445118 8557
439.3 0.19672131147540983 40.88016550340734 133.82016550340734 8786
467.05 0.19672131147540983 40.02487687224331 132.9648768722433 9341
469.95 0.21311475409836064 38.693004789974935 131.63300478997493 9399
475.85 0.21311475409836064 37.62789405206439 130.5678940520644 9517
497.75 0.21311475409836064 31.018880332376128 123.95888033237613 9955
