% fevals/dim | frac | F - F_opt (-39.43) | best fitness | fevals
11.35 0.21311475409836064 34.81169244891932 -4.618307551080683 227
128.5 0.21311475409836064 32.899590048264095 -6.530409951735905 2570
178.25 0.21311475409836064 32.51231170901325 -6.917688290986753 3565
233.55 0.21311475409836064 29.302960329693757 -10.127039670306242 4671
406.35 0.21311475409836064 27.958342537169464 -11.471657462830535 8127
740.95 0.22950819672131148 25.114388013098356 -14.315611986901644 14819
1875.45 0.22950819672131148 21.215633191697215 -18.214366808302785 37509
2821.35 0.2459016393442623 15.767913893069398 -23.6620861069306 56427
2885.45 0.2459016393442623 15.499715997253855 -23.930284002746145 57709
3461.45 0.2459016393442623 15.366019420580717 -24.063980579419283 69229
4338.15 0.2459016393442623 15.138784232144065 -24.291215767855935 86763
6072.65 0.2459016393442623 14.817356326607154 -24.612643673392846 121453
6776.55 0.2459016393442623 13.61337559681327 -25.81662440318673 135531
