4.95 0.19672131147540983 44.270644319993075 4.840644319993075 99
46.7 0.19672131147540983 43.17782981617275 3.7478298161727537 934
361.55 0.19672131147540983 42.897333281639085 3.4673332816390854 7231
371.05 0.19672131147540983 41.06072331796941 1.6307233179694123 7421
498.0 0.21311475409836064 30.400611512710974 -9.029388487289026 9960
1358.5 0.21311475409836064 27.83675584360282 -11.59324415639718 27170
1948.95 0.21311475409836064 27.318021892375047 -12.111978107624953 38979
2037.75 0.22950819672131148 21.47544088128199 -17.95455911871801 40755
2221.7 0.22950819672131148 16.737200273760024 -22.692799726239976 44434
3151.0 0.2459016393442623 15.096883069703562 -24.333116930296438 63020
3823.4 0.2459016393442623 14.43597706682121 -24.99402293317879 76468
5032.0 0.2459016393442623 13.863768189273252 -25.566231810726748 100640
5818.25 0.2459016393442623 13.717698068215498 -25.712301931784502 116365
5988.9 0.2459016393442623 13.479609273334493 -25.950390726665507 119778
6192.4 0.2459016393442623 12.441558755213013 -26.988441244786987 123848
6644.1 0.2459016393442623 11.870733617054299 -27.5592663829457 132882
6808.3 0.26229508196721313 9.44267450263225 -29.98732549736775 136166
7154.0 0.26229508196721313 9.149784264142625 -30.280215735857375 143080
7242.95 0.26229508196721313 8.358530695257024 -31.071469304742976 144859
8654.05 0.26229508196721313 8.227358967968414 -31.202641032031586 173081
9119.1 0.26229508196721313 7.571152709986656 -31.858847290013344 182382
9772.2 0.26229508196721313 7.554965736170541 -31.87503426382946 195444
