% fevals/dim | frac | F - F_opt (-99.25) | best fitness | fevals
7.05 0.21311475409836064 34.05065251297299 -65.19934748702701 141
42.95 0.21311475409836064 31.979161983801333 -67.27083801619867 859
84.9 0.21311475409836064 28.383917317479117 -70.86608268252088 1698
104.3 0.22950819672131148 19.118499945355794 -80.1315000546442 2086
176.85 0.22950819672131148 16.232419584724568 -83.01758041527543 3537
216.75 0.2459016393442623 15.019244345391229 -84.23075565460877 4335
229.7 0.2459016393442623 13.643615039636884 -85.60638496036312 4594
305.95 0.2459016393442623 11.794585941082758 -87.45541405891724 6119
363.4 0.2459016393442623 11.459097176306585 -87.79090282369341 7268
390.0 0.2459016393442623 10.591376326756773 -88.65862367324323 7800
420.5 0.26229508196721313 9.426467067859448 -89.82353293214055 8410
472.85 0.26229508196721313 9.163813336902805 -90.0861866630972 9457
525.9 0.26229508196721313 9.084645197464084 -90.16535480253592 10518
590.4 0.26229508196721313 7.56006457882043 -91.68993542117957 11808
662.0 0.26229508196721313 7.126904473157126 -92.12309552684287 13240
703.9 0.29508196721311475 3.7809817139841897 -95.46901828601581 14078
856.9 0.29508196721311475 3.6962230336460493 -95.55377696635395 17138
1044.15 0.29508196721311475 3.549355145118483 -95.70064485488152 20883
1061.8 0.29508196721311475 3.346016383240155 -95.90398361675985 21236
1211.5 0.29508196721311475 3.047475834655458 -96.20252416534454 24230
1388.3 0.29508196721311475 2.9292653582789825 -96.32073464172102 27766
1486.15 0.29508196721311475 2.8896522285915722 -96.36034777140843 29723
1553.5 0.29508196721311475 2.876588580855639 -96.37341141914436 31070
1592.5 0.29508196721311475 2.808943868216062 -96.44105613178394 31850
1626.3 0.3114754098360656 2.305499673656655 -96.94450032634334 32526
2021.2 0.3114754098360656 2.0230600413166115 -97.22693995868339 40424
2446.2 0.3114754098360656 1.959823383213731 -97.29017661678627 48924
2468.35 0.3114754098360656 1.8359374875952312 -97.41406251240477 49367
2587.35 0.3114754098360656 1.6346973742200532 -97.61530262577995 51747
2949.55 0.3114754098360656 1.6064587330401423 -97.64354126695986 58991
3224.9 0.3114754098360656 1.5993368873470502 -97.65066311265295 64498
3265.5 0.32786885245901637 1.3282393502601764 -97.92176064973982 65310
3606.95 0.32786885245901637 1.305297619992615 -97.94470238000739 72139
3815.7 0.32786885245901637 1.2099231077106651 -98.04007689228933 76314
4056.95 0.32786885245901637 1.1004448749063727 -98.14955512509363 81139
4469.2 0.3442622950819672 0.9454646678182144 -98.30453533218179 89384
4860.2 0.3442622950819672 0.8370863661280339 -98.41291363387197 97204
