% fevals/dim | frac | F - F_opt (-39.43) | best fitness | fevals
11.35 0.21311475409836064 34.81169244891932 -4.618307551080683 227
21.3 0.21311475409836064 32.16845137400648 -7.26154862599352 426
73.85 0.21311475409836064 28.349160004210997 -11.080839995789002 1477
104.15 0.22950819672131148 23.457784704644826 -15.972215295355173 2083
382.75 0.22950819672131148 16.525278311608616 -22.904721688391383 7655
564.1 0.2459016393442623 15.816748954161653 -23.613251045838346 11282
781.5 0.2459016393442623 15.816316636854054 -23.613683363145945 15630
989.4 0.2459016393442623 15.794825608003052 -23.635174391996948 19788
1036.7 0.2459016393442623 15.058558478402269 -24.37144152159773 20734
1077.55 0.2459016393442623 11.034979133718114 -28.395020866281886 21551
1516.3 0.26229508196721313 9.053652744135576 -30.376347255864424 30326
1921.65 0.26229508196721313 8.947328918831936 -30.482671081168064 38433
2083.6 0.2786885245901639 5.886313423979786 -33.543686576020214 41672
2262.8 0.2786885245901639 5.066139107656021 -34.36386089234398 45256
2675.35 0.2786885245901639 4.299197707194587 -35.13080229280541 53507
3021.0 0.2786885245901639 4.109897318195699 -35.3201026818043 60420
3439.6 0.29508196721311475 3.8504379359987553 -35.579562064001244 68792
3544.4 0.29508196721311475 3.7311016609788936 -35.698898339021106 70888
3572.3 0.29508196721311475 3.4080278480434814 -36.02197215195652 71446
3709.25 0.29508196721311475 3.3618606633559907 -36.06813933664401 74185
3760.35 0.29508196721311475 2.82307969551465 -36.60692030448535 75207
3772.05 0.29508196721311475 2.761475615732948 -36.66852438426705 75441
3816.15 0.29508196721311475 2.5810175636881496 -36.84898243631185 76323
3981.3 0.3114754098360656 2.42895656742116 -37.00104343257884 79626
4038.2 0.32786885245901637 1.3959452596184008 -38.0340547403816 80764
4871.0 0.32786885245901637 1.2181218065889823 -38.21187819341102 97420
5184.6 0.32786885245901637 1.0439914574904705 -38.38600854250953 103692
5444.1 0.32786885245901637 1.0217919771496682 -38.40820802285033 108882
5499.9 0.3442622950819672 0.830037119270493 -38.59996288072951 109998
6207.0 0.3442622950819672 0.719311615441292 -38.71068838455871 124140
6458.1 0.3442622950819672 0.6993562749049644 -38.730643725095035 129162
8687.15 0.36065573770491804 0.5922598050138106 -38.83774019498619 173743
