% fevals/dim | frac | F - F_opt (-462.09) | best fitness | fevals
5.8 0.09836065573770492 764.1441148024916 302.0541148024916 116
11.35 0.09836065573770492 639.3825711342464 177.29257113424643 227
21.75 0.11475409836065574 513.287849233535 51.19784923353501 435
50.25 0.11475409836065574 478.80008718463046 16.71008718463048 1005
61.35 0.11475409836065574 451.29224331647015 -10.797756683529826 1227
74.05 0.13114754098360656 396.98752727180647 -65.1024727281935 1481
93.1 0.13114754098360656 376.3671850644713 -85.72281493552867 1862
118.5 0.13114754098360656 339.00073057214985 -123.08926942785013 2370
129.55 0.13114754098360656 335.88257705272974 -126.20742294727023 2591
164.55 0.13114754098360656 278.41421467864365 -183.67578532135633 3291
221.7 0.13114754098360656 258.7181037238211 -203.37189627617886 4434
268.85 0.14754098360655737 242.43620705516364 -219.65379294483634 5377
274.85 0.14754098360655737 239.85098755460044 -222.23901244539954 5497
296.15 0.14754098360655737 237.68990402378597 -224.400095976214 5923
315.2 0.14754098360655737 228.798751669919 -233.29124833008098 6304
319.3 0.14754098360655737 215.50721369413708 -246.5827863058629 6386
353.0 0.14754098360655737 181.5544583311139 -280.5355416688861 7060
522.4 0.14754098360655737 180.89703866249795 -281.192961337502 10448
529.1 0.14754098360655737 178.87535612021765 -283.21464387978233 10582
577.85 0.14754098360655737 171.96036910527482 -290.12963089472515 11557
634.5 0.14754098360655737 165.90486348534267 -296.1851365146573 12690
677.65 0.14754098360655737 164.93220465478163 -297.15779534521835 13553
702.35 0.14754098360655737 163.94039510177748 -298.1496048982225 14047
815.1 0.14754098360655737 159.68397356884196 -302.406026431158 16302
837.7 0.16393442622950818 156.7536848343022 -305.3363151656978 16754
1074.1 0.16393442622950818 155.46755350383933 -306.62244649616065 21482
