% fevals/dim | frac | F - F_opt (-99.25) | best fitness | fevals
3.3 0.19672131147540983 45.66414173804887 -53.58585826195113 66
7.55 0.21311475409836064 38.99537317903986 -60.25462682096014 151
11.8 0.21311475409836064 37.06682279558866 -62.18317720441134 236
13.4 0.21311475409836064 36.04964318105415 -63.20035681894585 268
22.05 0.21311475409836064 33.30092745925123 -65.94907254074877 441
34.8 0.22950819672131148 24.942795696567387 -74.30720430343261 696
49.1 0.22950819672131148 24.89736271456748 -74.35263728543252 982
73.05 0.22950819672131148 22.829614459812177 -76.42038554018782 1461
87.35 0.22950819672131148 22.619314131835935 -76.63068586816406 1747
109.55 0.22950819672131148 20.726501442706706 -78.5234985572933 2191
118.05 0.22950819672131148 19.632651374750324 -79.61734862524968 2361
126.85 0.22950819672131148 19.071740347121164 -80.17825965287884 2537
135.05 0.22950819672131148 17.433517578733984 -81.81648242126602 2701
143.55 0.22950819672131148 17.04833292799006 -82.20166707200994 2871
161.35 0.22950819672131148 16.972882439834848 -82.27711756016515 3227
176.7 0.2459016393442623 14.6561763979862 -84.5938236020138 3534
194.55 0.2459016393442623 13.495486469281232 -85.75451353071877 3891
202.2 0.2459016393442623 12.732804676527394 -86.5171953234726 4044
243.8 0.2459016393442623 11.55368027855954 -87.69631972144046 4876
312.15 0.26229508196721313 9.914042650021855 -89.33595734997814 6243
375.9 0.26229508196721313 9.09782590914078 -90.15217409085922 7518
385.1 0.26229508196721313 8.030360704695525 -91.21963929530448 7702
411.6 0.26229508196721313 7.885105191595557 -91.36489480840444 8232
427.6 0.26229508196721313 7.402968077669229 -91.84703192233077 8552
429.9 0.26229508196721313 6.334186613840899 -92.9158133861591 8598
470.3 0.2786885245901639 6.056024966276993 -93.193975033723 9406
500.05 0.2786885245901639 5.245733286450729 -94.00426671354927 10001
515.2 0.2786885245901639 5.107647035757765 -94.14235296424224 10304
522.25 0.2786885245901639 4.902065982059298 -94.3479340179407 10445
540.65 0.2786885245901639 4.878901428777041 -94.37109857122296 10813
546.8 0.2786885245901639 4.219401642782643 -95.03059835721736 10936
553.45 0.2786885245901639 4.142595522876235 -95.10740447712377 11069
563.8 0.2786885245901639 4.015181969637283 -95.23481803036272 11276
600.2 0.29508196721311475 3.609970254932577 -95.64002974506742 12004
653.05 0.29508196721311475 3.4780796613299287 -95.77192033867007 13061
657.3 0.29508196721311475 3.165480222309995 -96.08451977769 13146
713.5 0.29508196721311475 2.9215059369477956 -96.3284940630522 14270
729.55 0.3114754098360656 2.5021936336486448 -96.74780636635136 14591
751.85 0.3114754098360656 2.3803694385533447 -96.86963056144666 15037
784.8 0.3114754098360656 1.9675682404623274 -97.28243175953767 15696
791.4 0.3114754098360656 1.8536963482034707 -97.39630365179653 15828
808.4 0.3114754098360656 1.7899647258823848 -97.46003527411762 16168
819.85 0.3114754098360656 1.702492933702942 -97.54750706629706 16397
832.6 0.3114754098360656 1.6094598873858246 -97.64054011261418 16652
880.65 0.32786885245901637 1.477784612888584 -97.77221538711142 17613
905.55 0.32786885245901637 1.3669219334934866 -97.88307806650651 18111
972.8 0.32786885245901637 1.1784720556283048 -98.0715279443717 19456
994.05 0.32786885245901637 1.0071674489773699 -98.24283255102263 19881
1002.05 0.3442622950819672 0.8370863661280339 -98.41291363387197 20041
1036.55 0.3442622950819672 0.7979643610457572 -98.45203563895424 20731
1084.05 0.3442622950819672 0.7481528617000066 -98.5018471383 21681
1677.2 0.3442622950819672 0.6682132200603519 -98.58178677993965 33544
1827.8 0.36065573770491804 0.5629661379421549 -98.68703386205785 36556
