10.05 0.09836065573770492 786.4473572053455 324.3573572053455 201
16.25 0.11475409836065574 590.9701445171753 128.88014451717532 325
42.4 0.11475409836065574 585.6538973987458 123.56389739874584 848
47.85 0.11475409836065574 582.4673412069193 120.37734120691931 957
50.6 0.11475409836065574 495.4238400605339 33.33384006053393 1012
55.2 0.11475409836065574 431.9891504866614 -30.100849513338574 1104
69.15 0.11475409836065574 413.0381893837479 -49.051810616252055 1383
74.9 0.11475409836065574 407.6015901249574 -54.48840987504258 1498
83.0 0.13114754098360656 391.2691019160313 -70.8208980839687 1660
90.15 0.13114754098360656 383.57115695310154 -78.51884304689844 1803
96.05 0.13114754098360656 377.40372011759916 -84.68627988240081 1921
100.0 0.13114754098360656 345.04882793782997 -117.04117206217 2000
104.15 0.13114754098360656 341.59428648671917 -120.4957135132808 2083
106.2 0.13114754098360656 322.7235502814584 -139.36644971854156 2124
114.3 0.13114754098360656 313.46881516486866 -148.62118483513132 2286
124.4 0.13114754098360656 302.02542157404355 -160.06457842595643 2488
138.6 0.13114754098360656 273.9325261391482 -188.15747386085178 2772
150.75 0.13114754098360656 271.9457342794227 -190.14426572057727 3015
158.6 0.14754098360655737 234.31183173024866 -227.77816826975132 3172
194.25 0.14754098360655737 225.4892258580197 -236.60077414198028 3885
198.3 0.14754098360655737 224.12823306370396 -237.96176693629602 3966
202.35 0.14754098360655737 218.25447214094797 -243.835527859052 4047
214.5 0.14754098360655737 210.75743350090482 -251.33256649909515 4290
255.0 0.14754098360655737 209.3964407065891 -252.69355929341089 5100
259.05 0.14754098360655737 204.69620522626576 -257.3937947737342 5181
281.55 0.14754098360655737 194.94574557260233 -267.14425442739764 5631
285.6 0.14754098360655737 194.89852552692645 -267.1914744730735 5712
297.0 0.14754098360655737 194.34833833788554 -267.74166166211444 5940
314.0 0.14754098360655737 182.49052098958958 -279.5994790104104 6280
341.55 0.14754098360655737 170.0887832258054 -292.0012167741946 6831
406.35 0.14754098360655737 168.76774962121584 -293.32225037878413 8127
452.55 0.14754098360655737 166.2704082112287 -295.8195917887713 9051
459.05 0.14754098360655737 165.8092963441955 -296.2807036558045 9181
495.5 0.14754098360655737 164.91845554122375 -297.1715444587762 9910
499.5 0.14754098360655737 162.26998534332557 -299.8200146566744 9990
591.95 0.14754098360655737 162.0969503654369 -299.9930496345631 11839
598.05 0.14754098360655737 160.34288992955868 -301.7471100704413 11961
614.6 0.14754098360655737 159.05675859909587 -303.0332414009041 12292
618.65 0.16393442622950818 157.99081685072804 -304.09918314927194 12373
679.05 0.16393442622950818 157.81962658266997 -304.27037341733 13581
708.25 0.16393442622950818 156.53349525220716 -305.5565047477928 14165
748.25 0.16393442622950818 155.46755350383933 -306.62244649616065 14965
