% fevals/dim | frac | F - F_opt (30.85) | best fitness | fevals
2.5 0.0 145925.4509761858 145956.3009761858 50
13.3 0.0 129025.23451931699 129056.084519317 266
16.5 0.0 65859.99125842341 65890.84125842342 330
27.3 0.0 54264.88766470099 54295.73766470099 546
68.55 0.0 48518.32919987314 48549.179199873135 1371
78.55 0.0 33674.69478142069 33705.544781420685 1571
83.3 0.0 32718.21653362502 32749.066533625017 1666
114.2 0.0 16243.765647871014 16274.615647871015 2284
123.6 0.01639344262295082 8067.026898896097 8097.876898896097 2472
135.3 0.09836065573770492 889.4705493368897 920.3205493368897 2706
154.85 0.11475409836065574 441.96981607536696 472.819816075367 3097
220.0 0.13114754098360656 382.5042716021211 413.3542716021211 4400
261.75 0.13114754098360656 372.4243025338382 403.27430253383824 5235
275.05 0.13114754098360656 354.87674209980514 385.72674209980516 5501
305.05 0.13114754098360656 340.844269011313 371.694269011313 6101
308.75 0.14754098360655737 215.65489178837882 246.5048917883788 6175
427.55 0.14754098360655737 215.2997181927993 246.1497181927993 8551
503.15 0.14754098360655737 215.28825118356332 246.1382511835633 10063
666.15 0.14754098360655737 214.7481816908652 245.5981816908652 13323
696.25 0.14754098360655737 213.3138109908219 244.1638109908219 13925
703.95 0.14754098360655737 196.9810461141675 227.8310461141675 14079
807.15 0.16393442622950818 155.9216209719117 186.7716209719117 16143
990.75 0.16393442622950818 150.77049424458312 181.6204942445831 19815
1060.95 0.16393442622950818 124.93980788092429 155.7898078809243 21219
1158.2 0.16393442622950818 116.23097727888407 147.08097727888406 23164
1395.8 0.16393442622950818 111.43307322171421 142.2830732217142 27916
1657.15 0.16393442622950818 108.3190156213858 139.1690156213858 33143
1760.3 0.18032786885245902 74.27748370530341 105.1274837053034 35206
1938.5 0.18032786885245902 73.25845533961888 104.10845533961887 38770
1981.7 0.18032786885245902 71.81929283898307 102.66929283898307 39634
2003.05 0.18032786885245902 71.49843826714414 102.34843826714413 40061
2024.9 0.18032786885245902 66.8951734500022 97.7451734500022 40498
2046.25 0.18032786885245902 64.00055381773024 94.85055381773023 40925
2078.9 0.19672131147540983 52.001759032098114 82.85175903209812 41578
2116.7 0.19672131147540983 49.34021949854668 80.19021949854668 42334
2494.6 0.19672131147540983 47.67578816454024 78.52578816454024 49892
2538.0 0.19672131147540983 47.441050891278216 78.29105089127822 50760
2548.7 0.19672131147540983 46.65021318513791 77.50021318513791 50974
2564.8 0.19672131147540983 45.40955182465853 76.25955182465853 51296
2597.9 0.19672131147540983 44.73850755054382 75.58850755054382 51958
2613.6 0.19672131147540983 43.959932598780604 74.8099325987806 52272
2672.5 0.19672131147540983 42.79508996559252 73.64508996559252 53450
2705.9 0.21311475409836064 38.62506089597296 69.47506089597296 54118
2754.2 0.21311475409836064 37.53535599628676 68.38535599628676 55084
2846.3 0.21311475409836064 34.746103422627804 65.5961034226278 56926
2919.9 0.21311475409836064 33.64887517701741 64.49887517701741 58398
3104.8 0.21311475409836064 33.04941610644238 63.89941610644238 62096
3131.8 0.21311475409836064 29.087387903861107 59.93738790386111 62636
3540.8 0.21311475409836064 26.880318874954057 57.73031887495406 70816
5465.5 0.22950819672131148 23.850329068927486 54.70032906892749 109310
6642.85 0.22950819672131148 23.595875958009465 54.445875958009466 132857
