% fevals/dim | frac | F - F_opt (-39.43) | best fitness | fevals
6.5 0.19672131147540983 44.5083686066931 5.078368606693097 130
22.4 0.19672131147540983 39.89302174836046 0.46302174836046106 448
41.45 0.21311475409836064 39.319838693555 -0.11016130644500066 829
47.25 0.21311475409836064 28.79796969143724 -10.632030308562761 945
100.8 0.22950819672131148 24.796820512052786 -14.633179487947213 2016
123.75 0.22950819672131148 24.25631193483546 -15.17368806516454 2475
143.7 0.22950819672131148 23.122969712592578 -16.30703028740742 2874
162.0 0.22950819672131148 23.099790400882483 -16.330209599117516 3240
197.25 0.22950819672131148 22.578798506723107 -16.851201493276893 3945
213.05 0.2459016393442623 15.25477599356569 -24.17522400643431 4261
261.25 0.2459016393442623 12.116026952149156 -27.313973047850844 5225
442.1 0.2459016393442623 10.94313872641235 -28.48686127358765 8842
496.1 0.26229508196721313 9.546201289343045 -29.883798710656954 9922
534.35 0.26229508196721313 8.08084801639751 -31.34915198360249 10687
830.9 0.26229508196721313 7.478125049358862 -31.951874950641137 16618
851.05 0.26229508196721313 6.578290546083501 -32.8517094539165 17021
956.8 0.26229508196721313 6.555004441473024 -32.874995558526976 19136
1001.0 0.2786885245901639 6.3080190204456414 -33.12198097955436 20020
1016.3 0.29508196721311475 3.7043908970530026 -35.725609102947 20326
1201.9 0.29508196721311475 3.5001221438442442 -35.929877856155755 24038
1235.9 0.29508196721311475 3.3084720148110875 -36.12152798518891 24718
1240.15 0.29508196721311475 2.9924043741494586 -36.43759562585054 24803
1301.35 0.29508196721311475 2.8245583792559685 -36.60544162074403 26027
1415.0 0.29508196721311475 2.6513828995408204 -36.77861710045918 28300
1437.95 0.3114754098360656 2.1687843633839137 -37.261215636616086 28759
1545.05 0.3114754098360656 2.0184291772177616 -37.41157082278224 30901
1584.45 0.3114754098360656 1.9522975580081479 -37.47770244199185 31689
1623.35 0.3114754098360656 1.8711534965045473 -37.55884650349545 32467
1631.0 0.32786885245901637 1.566269304747287 -37.86373069525271 32620
1717.75 0.32786885245901637 1.3186614433368646 -38.111338556663135 34355
1827.75 0.32786885245901637 1.314222631512628 -38.11577736848737 36555
1861.45 0.32786885245901637 1.2532557781448475 -38.17674422185515 37229
1875.5 0.32786885245901637 1.188221098432379 -38.24177890156762 37510
1903.45 0.32786885245901637 1.1215208307300983 -38.3084791692699 38069
1964.05 0.32786885245901637 1.0018621562527557 -38.428137843747244 39281
1994.4 0.3442622950819672 0.8685130663046152 -38.561486933695384 39888
2048.8 0.3442622950819672 0.8454958497520053 -38.584504150247994 40976
2155.05 0.3442622950819672 0.814913694702831 -38.61508630529717 43101
2173.75 0.3442622950819672 0.7853444848155959 -38.644655515184404 43475
2201.8 0.36065573770491804 0.6269160521817483 -38.80308394781825 44036
2227.65 0.36065573770491804 0.6002304665308671 -38.82976953346913 44553
2385.75 0.36065573770491804 0.5922598050138106 -38.83774019498619 47715
2728.8 0.36065573770491804 0.5879495680103233 -38.842050431989676 54576
3116.3 0.36065573770491804 0.5341639381780396 -38.89583606182196 62326
4133.25 0.36065573770491804 0.5293336115617961 -38.900666388438204 82665
