% fevals/dim | frac | F - F_opt (-462.09) | best fitness | fevals
5.8 0.09836065573770492 764.1441148024916 302.0541148024916 116
5.9 0.09836065573770492 694.5628267489373 232.47282674893728 118
24.4 0.09836065573770492 639.9910001415215 177.90100014152148 488
34.0 0.11475409836065574 609.7655041696224 147.67550416962246 680
45.8 0.11475409836065574 428.49023814788063 -33.59976185211934 916
61.4 0.11475409836065574 417.4808636738136 -44.60913632618639 1228
96.5 0.11475409836065574 415.72651941516574 -46.363480584834235 1930
106.4 0.13114754098360656 368.64998238140754 -93.44001761859244 2128
131.4 0.13114754098360656 336.08477951099474 -126.00522048900524 2628
154.8 0.13114754098360656 293.64739104820836 -168.4426089517916 3096
207.45 0.13114754098360656 252.66823757804423 -209.42176242195575 4149
247.65 0.14754098360655737 247.05038614007483 -215.03961385992514 4953
259.9 0.14754098360655737 236.98265852034731 -225.10734147965266 5198
295.5 0.14754098360655737 230.65605596381354 -231.43394403618643 5910
320.15 0.14754098360655737 226.28452941531563 -235.80547058468434 6403
325.1 0.14754098360655737 212.91223907740812 -249.17776092259186 6502
332.35 0.14754098360655737 211.2822407725135 -250.80775922748649 6647
354.35 0.14754098360655737 201.88597537354298 -260.204024626457 7087
357.25 0.14754098360655737 184.96807711895025 -277.1219228810497 7145
477.9 0.14754098360655737 184.69040061256197 -277.399599387438 9558
485.95 0.14754098360655737 179.2027227892466 -282.8872772107534 9719
523.95 0.14754098360655737 175.01172683657688 -287.0782731634231 10479
543.45 0.14754098360655737 174.8857512048661 -287.2042487951339 10869
553.2 0.14754098360655737 165.75699171998713 -296.33300828001285 11064
623.4 0.14754098360655737 164.3959989256714 -297.6940010743286 12468
640.6 0.14754098360655737 162.69208263680844 -299.39791736319154 12812
687.4 0.14754098360655737 161.6261408884406 -300.4638591115594 13748
699.45 0.14754098360655737 161.42784904743104 -300.66215095256894 13989
749.65 0.16393442622950818 157.8944880465229 -304.1955119534771 14993
769.3 0.16393442622950818 157.37185967973744 -304.71814032026253 15386
962.7 0.16393442622950818 156.53349525220716 -305.5565047477928 19254
1106.5 0.16393442622950818 155.46755350383933 -306.62244649616065 22130
