% fevals/dim | frac | F - F_opt (32.7) | best fitness | fevals
3.6 0.19672131147540983 50.00299925814491 82.70299925814491 72
9.1 0.21311475409836064 36.05558019399875 68.75558019399875 182
30.45 0.22950819672131148 23.20464432220613 55.90464432220613 609
46.7 0.22950819672131148 21.642472523140384 54.34247252314039 934
52.2 0.22950819672131148 19.564969757731987 52.26496975773199 1044
63.45 0.22950819672131148 18.817375062532477 51.51737506253248 1269
79.7 0.22950819672131148 17.940664930251373 50.640664930251376 1594
96.45 0.22950819672131148 16.61599932418366 49.315999324183664 1929
133.2 0.2459016393442623 15.478363958908147 48.17836395890815 2664
189.7 0.2459016393442623 11.353660359482944 44.05366035948295 3794
239.7 0.26229508196721313 9.182740317151556 41.88274031715156 4794
250.7 0.26229508196721313 8.407388196056871 41.107388196056874 5014
256.2 0.26229508196721313 8.137975447958794 40.8379754479588 5124
355.4 0.26229508196721313 7.7798948190339985 40.479894819034 7108
366.2 0.26229508196721313 7.319582221639557 40.01958222163956 7324
399.2 0.2786885245901639 5.553109691059639 38.25310969105964 7984
448.7 0.2786885245901639 5.326895058190374 38.02689505819038 8974
574.3 0.2786885245901639 4.181386351570829 36.88138635157083 11486
640.7 0.29508196721311475 3.8140953791869094 36.51409537918691 12814
662.7 0.29508196721311475 3.7780751675163344 36.47807516751634 13254
690.2 0.29508196721311475 3.6554206269395593 36.35542062693956 13804
701.2 0.29508196721311475 3.4142218689432227 36.114221868943226 14024
717.3 0.29508196721311475 3.1338316733671974 35.8338316733672 14346
805.3 0.29508196721311475 2.9465768728043074 35.64657687280431 16106
827.3 0.29508196721311475 2.796144025322697 35.4961440253227 16546
865.8 0.29508196721311475 2.5918557235594406 35.29185572355944 17316
875.35 0.3114754098360656 2.417325973369941 35.117325973369944 17507
918.95 0.3114754098360656 2.231591817153344 34.93159181715335 18379
964.8 0.3114754098360656 2.0370074620214993 34.7370074620215 19296
968.85 0.3114754098360656 1.6563393516214688 34.35633935162147 19377
986.85 0.32786885245901637 1.562524043965901 34.262524043965904 19737
1073.35 0.32786885245901637 1.5348092069255799 34.23480920692558 21467
1090.4 0.32786885245901637 1.2865203004070693 33.98652030040707 21808
1122.05 0.32786885245901637 1.08324809029763 33.78324809029763 22441
1133.05 0.3442622950819672 0.9869535653878216 33.686953565387824 22661
1252.95 0.3442622950819672 0.9666614029516793 33.66666140295168 25059
1260.8 0.3442622950819672 0.7985024087832144 33.49850240878322 25216
1356.85 0.3442622950819672 0.7033757375879404 33.40337573758794 27137
1364.85 0.3442622950819672 0.7023697771419819 33.402369777141985 27297
1483.95 0.3442622950819672 0.69139918217153 33.39139918217153 29679
1538.35 0.36065573770491804 0.5609142817784587 33.26091428177846 30767
