% fevals/dim | frac | F - F_opt (-147.9) | best fitness | fevals
1.25 0.2459016393442623 13.8008236288683 -134.0991763711317 25
9.5 0.2459016393442623 12.39274002040392 -135.50725997959609 190
38.4 0.2459016393442623 11.142016324308429 -136.75798367569158 768
52.0 0.2459016393442623 10.787875380888067 -137.11212461911194 1040
60.25 0.2459016393442623 10.494429044396355 -137.40557095560365 1205
125.0 0.26229508196721313 9.421731428332066 -138.47826857166794 2500
149.7 0.26229508196721313 8.441183861327318 -139.4588161386727 2994
258.95 0.26229508196721313 7.490700595936488 -140.40929940406352 5179
300.2 0.2786885245901639 5.6824979914247535 -142.21750200857525 6004
680.9 0.2786885245901639 5.474402452356088 -142.42559754764392 13618
1052.0 0.2786885245901639 4.71755920446455 -143.18244079553546 21040
1860.65 0.2786885245901639 4.53959203380478 -143.36040796619523 37213
1894.25 0.2786885245901639 4.086641188801622 -143.81335881119838 37885
2537.2 0.29508196721311475 3.671648289423217 -144.2283517105768 50744
4088.2 0.29508196721311475 3.406031100574296 -144.4939688994257 81764
4302.25 0.29508196721311475 3.36731208942399 -144.53268791057602 86045
4397.95 0.29508196721311475 3.342687946449047 -144.55731205355096 87959
4484.2 0.29508196721311475 3.193651690937571 -144.70634830906243 89684
4879.75 0.29508196721311475 2.7833174122285413 -145.11668258777146 97595
6975.7 0.29508196721311475 2.7085207022915085 -145.1914792977085 139514
7941.5 0.29508196721311475 2.531164611005636 -145.36883538899437 158830
8687.6 0.3114754098360656 2.3654733104181673 -145.53452668958184 173752
