% fevals/dim | frac | F - F_opt (-99.25) | best fitness | fevals
3.3 0.19672131147540983 45.66414173804887 -53.58585826195113 66
10.0 0.21311475409836064 35.68678147483421 -63.56321852516579 200
23.9 0.21311475409836064 31.5500860055335 -67.6999139944665 478
79.5 0.21311475409836064 30.28770968978111 -68.96229031021889 1590
86.45 0.21311475409836064 27.579850901517233 -71.67014909848277 1729
99.3 0.21311475409836064 26.445056720733334 -72.80494327926667 1986
106.25 0.22950819672131148 24.913559018830625 -74.33644098116937 2125
121.2 0.22950819672131148 23.253906490951763 -75.99609350904824 2424
162.0 0.2459016393442623 15.297182187530368 -83.95281781246963 3240
220.0 0.2459016393442623 14.362573556442115 -84.88742644355789 4400
254.75 0.2459016393442623 13.618722639170613 -85.63127736082939 5095
340.9 0.2459016393442623 13.499027493958053 -85.75097250604195 6818
352.9 0.2459016393442623 13.201087723312938 -86.04891227668706 7058
354.8 0.2459016393442623 13.005375568322634 -86.24462443167737 7096
372.9 0.2459016393442623 12.71408802983423 -86.53591197016577 7458
379.7 0.2459016393442623 10.122569892457761 -89.12743010754224 7594
451.7 0.26229508196721313 9.567422534224633 -89.68257746577537 9034
493.4 0.26229508196721313 9.204492279404263 -90.04550772059574 9868
567.35 0.26229508196721313 8.351664688720504 -90.8983353112795 11347
604.6 0.26229508196721313 7.983718476165009 -91.26628152383499 12092
631.35 0.26229508196721313 6.622439504179326 -92.62756049582067 12627
668.8 0.2786885245901639 5.67215834544848 -93.57784165455152 13376
763.4 0.2786885245901639 5.030993898670928 -94.21900610132907 15268
803.6 0.2786885245901639 4.374829727316651 -94.87517027268335 16072
907.75 0.2786885245901639 4.208828019916211 -95.04117198008379 18155
964.95 0.29508196721311475 3.9209723904553186 -95.32902760954468 19299
974.35 0.29508196721311475 3.5268706322835612 -95.72312936771644 19487
1045.05 0.29508196721311475 3.4061053662674112 -95.84389463373259 20901
1106.5 0.29508196721311475 2.903062132800528 -96.34693786719947 22130
1196.75 0.29508196721311475 2.768925854869636 -96.48107414513036 23935
1231.5 0.29508196721311475 2.6302797785866545 -96.61972022141335 24630
1247.1 0.29508196721311475 2.6280793424334092 -96.62192065756659 24942
1252.35 0.3114754098360656 2.3417612561397334 -96.90823874386027 25047
1288.15 0.3114754098360656 2.1318910790149346 -97.11810892098507 25763
1343.75 0.3114754098360656 1.8736518935584314 -97.37634810644157 26875
1392.4 0.3114754098360656 1.830437404324627 -97.41956259567537 27848
1399.35 0.32786885245901637 1.429436144780155 -97.82056385521985 27987
1538.25 0.32786885245901637 1.3584397708338116 -97.89156022916619 30765
1573.75 0.32786885245901637 1.2260595362595552 -98.02394046374044 31475
1597.8 0.32786885245901637 1.1016890760261902 -98.14831092397381 31956
1615.45 0.3442622950819672 0.8082021937280928 -98.44179780627191 32309
1794.45 0.3442622950819672 0.7979643610457572 -98.45203563895424 35889
1825.35 0.3442622950819672 0.7538971981420701 -98.49610280185793 36507
1843.35 0.3442622950819672 0.679346534892133 -98.57065346510787 36867
1952.7 0.36065573770491804 0.5629661379421549 -98.68703386205785 39054
