% fevals/dim | frac | F - F_opt (-39.43) | best fitness | fevals
8.35 0.21311475409836064 39.79286791525523 0.36286791525522943 167
28.85 0.21311475409836064 35.7396516349271 -3.6903483650729 577
75.75 0.21311475409836064 34.67216295274204 -4.757837047257958 1515
104.5 0.21311475409836064 34.3087251071425 -5.1212748928575 2090
184.9 0.21311475409836064 27.802312501543835 -11.627687498456165 3698
214.3 0.21311475409836064 25.305725728142495 -14.124274271857505 4286
467.1 0.22950819672131148 22.854844366284915 -16.575155633715084 9342
564.95 0.22950819672131148 20.60098844912699 -18.82901155087301 11299
643.35 0.22950819672131148 18.998746235208035 -20.431253764791965 12867
890.35 0.22950819672131148 17.126424253896243 -22.303575746103757 17807
1029.05 0.22950819672131148 16.598546520705806 -22.831453479294193 20581
1441.5 0.22950819672131148 16.203807436070736 -23.226192563929263 28830
1460.8 0.2459016393442623 15.24688971177348 -24.18311028822652 29216
2075.25 0.2459016393442623 11.843002705589917 -27.586997294410082 41505
3553.55 0.2459016393442623 11.380910776100599 -28.0490892238994 71071
3616.8 0.2459016393442623 10.495079917752697 -28.934920082247302 72336
3656.0 0.26229508196721313 9.347395695062897 -30.082604304937103 73120
4401.75 0.2786885245901639 6.094386695687156 -33.335613304312844 88035
5981.1 0.2786885245901639 4.993332642667497 -34.4366673573325 119622
7879.4 0.29508196721311475 3.9797974187924012 -35.4502025812076 157588
8239.9 0.29508196721311475 3.9532233492681925 -35.47677665073181 164798
8449.6 0.29508196721311475 3.821778799516167 -35.60822120048383 168992
8778.6 0.29508196721311475 3.6632186601778045 -35.766781339822195 175572
8837.7 0.29508196721311475 3.472532991979243 -35.95746700802076 176754
9261.2 0.29508196721311475 3.409268525640286 -36.020731474359714 185224
9439.4 0.29508196721311475 2.90680789206791 -36.52319210793209 188788
