% fevals/dim | frac | F - F_opt (-462.09) | best fitness | fevals
6.55 0.09836065573770492 645.3566656328949 183.2666656328949 131
21.4 0.11475409836065574 594.5865304720817 132.4965304720817 428
37.0 0.11475409836065574 512.2242903211661 50.134290321166134 740
91.9 0.11475409836065574 472.3255428055429 10.235542805542934 1838
115.05 0.13114754098360656 349.5250273337699 -112.56497266623006 2301
122.85 0.13114754098360656 343.6088298544438 -118.48117014555618 2457
146.25 0.13114754098360656 333.66823034247136 -128.4217696575286 2925
156.45 0.13114754098360656 330.85218851418574 -131.23781148581423 3129
169.65 0.13114754098360656 330.02828985242047 -132.0617101475795 3393
200.85 0.13114754098360656 309.0623692658977 -153.02763073410227 4017
217.8 0.13114754098360656 308.07390138313 -154.01609861686995 4356
223.3 0.13114754098360656 284.25464388204443 -177.83535611795554 4466
249.2 0.13114754098360656 271.0510980416426 -191.03890195835737 4984
280.2 0.13114754098360656 257.2780785901673 -204.81192140983268 5604
319.4 0.14754098360655737 251.05823754599334 -211.03176245400664 6388
327.2 0.14754098360655737 226.92997606356812 -235.16002393643186 6544
358.2 0.14754098360655737 220.58093254043257 -241.5090674595674 7164
386.45 0.14754098360655737 203.11474276254393 -258.97525723745605 7729
435.1 0.14754098360655737 199.19367152190893 -262.89632847809105 8702
466.3 0.14754098360655737 187.49488166768896 -274.595118332311 9326
529.7 0.14754098360655737 179.73851981815557 -282.3514801818444 10594
568.7 0.14754098360655737 174.96456168901926 -287.1254383109807 11374
607.7 0.14754098360655737 170.3520585915005 -291.73794140849947 12154
654.5 0.14754098360655737 166.09777738279735 -295.99222261720263 13090
670.1 0.14754098360655737 165.0318356344295 -297.05816436557046 13402
755.9 0.14754098360655737 161.59287627919292 -300.49712372080705 15118
957.45 0.14754098360655737 159.72393275856808 -302.3660672414319 19149
1027.05 0.14754098360655737 159.60915438319574 -302.48084561680423 20541
1037.0 0.14754098360655737 158.90651285907592 -303.18348714092406 20740
1066.65 0.16393442622950818 157.81962658266997 -304.27037341733 21333
1103.3 0.16393442622950818 157.77966739294385 -304.3103326070561 22066
1205.65 0.16393442622950818 157.64452563727394 -304.44547436272603 24113
1210.0 0.16393442622950818 155.46755350383933 -306.62244649616065 24200
