% fevals/dim | frac | F - F_opt (-147.9) | best fitness | fevals
1.25 0.2459016393442623 13.8008236288683 -134.0991763711317 25
13.1 0.2459016393442623 11.420162739857318 -136.4798372601427 262
21.55 0.26229508196721313 9.889742414385182 -138.01025758561482 431
63.45 0.26229508196721313 9.829899394766272 -138.07010060523373 1269
70.05 0.26229508196721313 9.310757674146373 -138.58924232585363 1401
98.6 0.26229508196721313 7.963492887912281 -139.93650711208772 1972
171.2 0.26229508196721313 6.3681781755952045 -141.5318218244048 3424
283.4 0.2786885245901639 5.965747814218616 -141.9342521857814 5668
296.6 0.2786885245901639 5.278401385529122 -142.62159861447088 5932
585.5 0.2786885245901639 4.94605966986191 -142.9539403301381 11710
698.45 0.2786885245901639 4.4645576533536655 -143.43544234664634 13969
870.5 0.2786885245901639 4.215410212084464 -143.68458978791554 17410
987.8 0.29508196721311475 3.9746018452863723 -143.92539815471363 19756
1557.15 0.29508196721311475 3.787751553781078 -144.11224844621893 31143
1575.2 0.29508196721311475 3.708066572829267 -144.19193342717074 31504
1608.2 0.29508196721311475 3.523912049466503 -144.3760879505335 32164
1654.4 0.29508196721311475 2.9817135619659894 -144.91828643803402 33088
2058.75 0.29508196721311475 2.9716199631497773 -144.92838003685023 41175
2624.1 0.29508196721311475 2.6231863491659055 -145.2768136508341 52482
2637.3 0.3114754098360656 2.0621240467375515 -145.83787595326245 52746
3389.7 0.3114754098360656 1.9959210765641444 -145.90407892343586 67794
4181.7 0.3114754098360656 1.6914899629771867 -146.20851003702282 83634
5567.7 0.3114754098360656 1.6670928004785424 -146.23290719952146 111354
6360.45 0.3114754098360656 1.6456057855879465 -146.25439421441206 127209
8187.9 0.32786885245901637 1.45835254874234 -146.44164745125767 163758
8234.85 0.32786885245901637 1.204395495216744 -146.69560450478326 164697
