14.55 0.11475409836065574 515.8529888576388 495.52298885763884 291
21.6 0.11475409836065574 445.66505720075116 425.3350572007512 432
64.0 0.13114754098360656 372.65077362518855 352.32077362518856 1280
150.25 0.13114754098360656 308.98207578049335 288.65207578049336 3005
208.35 0.13114754098360656 285.3058742110192 264.97587421101923 4167
274.2 0.13114754098360656 270.8272743962498 250.4972743962498 5484
297.9 0.13114754098360656 269.36720736073966 249.03720736073967 5958
386.2 0.14754098360655737 212.41977552846834 192.08977552846835 7724
916.45 0.14754098360655737 202.39653709164628 182.0665370916463 18329
1023.25 0.14754098360655737 162.89822153469993 142.56822153469994 20465
4571.55 0.16393442622950818 158.1811625547548 137.8511625547548 91431
7531.55 0.16393442622950818 157.51735078877726 137.18735078877728 150631
8787.2 0.16393442622950818 121.00511627019307 100.67511627019307 175744
