10.85 0.2459016393442623 10.791053178337933 58.18105317833793 217
33.0 0.26229508196721313 9.045809478490831 56.43580947849083 660
60.35 0.26229508196721313 7.700077655082183 55.09007765508218 1207
99.6 0.26229508196721313 7.153191954180485 54.543191954180486 1992
111.35 0.2786885245901639 5.738090103564367 53.12809010356437 2227
326.05 0.2786885245901639 4.79836525812977 52.18836525812977 6521
365.7 0.2786885245901639 4.588608711126305 51.978608711126306 7314
387.15 0.2786885245901639 4.565144218872689 51.95514421887269 7743
453.05 0.29508196721311475 3.6764457630184353 51.066445763018436 9061
601.35 0.29508196721311475 3.4498603867065967 50.8398603867066 12027
952.5 0.29508196721311475 3.3491774230650577 50.73917742306506 19050
1002.95 0.29508196721311475 2.9887345525172293 50.37873455251723 20059
1052.6 0.29508196721311475 2.638577509426362 50.02857750942636 21052
1185.2 0.3114754098360656 2.461884428207469 49.85188442820747 23704
1434.3 0.3114754098360656 2.4333055564004056 49.823305556400406 28686
1698.7 0.3114754098360656 2.105602743013094 49.495602743013094 33974
1858.8 0.3114754098360656 1.7499047357139759 49.139904735713976 37176
2816.9 0.3114754098360656 1.6770574289515707 49.06705742895157 56338
3008.3 0.32786885245901637 1.5292772466316435 48.919277246631644 60166
3360.45 0.32786885245901637 1.3060250283151618 48.69602502831516 67209
4283.55 0.32786885245901637 1.2167388514099144 48.606738851409915 85671
5923.15 0.32786885245901637 1.2063109956305098 48.59631099563051 118463
6713.3 0.32786885245901637 1.2050975000921582 48.59509750009216 134266
9465.05 0.32786885245901637 1.1504052721859352 48.540405272185936 189301
9788.55 0.32786885245901637 1.1050551832868862 48.49505518328689 195771
