4.55 0.19672131147540983 48.16261568677084 8.732615686770842 91
11.05 0.21311475409836064 38.54552326605334 -0.8844767339466628 221
15.55 0.21311475409836064 35.97019421495047 -3.4598057850495323 311
20.3 0.21311475409836064 35.02402720500118 -4.405972794998817 406
24.8 0.21311475409836064 31.069845893313055 -8.360154106686945 496
57.75 0.21311475409836064 30.51712135183847 -8.91287864816153 1155
70.95 0.21311475409836064 27.492773729857745 -11.937226270142254 1419
98.2 0.21311475409836064 25.63721459314526 -13.79278540685474 1964
100.8 0.22950819672131148 24.75633174808482 -14.673668251915181 2016
105.3 0.22950819672131148 20.171190034500512 -19.258809965499488 2106
114.85 0.22950819672131148 19.61417842334026 -19.81582157665974 2297
119.35 0.22950819672131148 19.471643167992383 -19.958356832007617 2387
124.0 0.22950819672131148 18.567870364438782 -20.862129635561217 2480
132.3 0.22950819672131148 17.19922480173331 -22.23077519826669 2646
150.3 0.2459016393442623 13.929018549758677 -25.500981450241323 3006
168.85 0.2459016393442623 13.455269824061343 -25.974730175938657 3377
172.8 0.2459016393442623 12.164989594670793 -27.265010405329207 3456
277.65 0.2459016393442623 11.708698432904193 -27.721301567095807 5553
334.85 0.2459016393442623 10.209156606954863 -29.220843393045136 6697
361.65 0.26229508196721313 9.663613943431855 -29.766386056568145 7233
367.65 0.26229508196721313 9.36627848457831 -30.06372151542169 7353
407.15 0.26229508196721313 6.505699608348706 -32.92430039165129 8143
424.65 0.2786885245901639 6.055799287692217 -33.37420071230778 8493
469.65 0.2786885245901639 4.9173708320595395 -34.51262916794046 9393
564.15 0.2786885245901639 4.741351437433046 -34.688648562566954 11283
600.15 0.2786885245901639 4.68415705890488 -34.74584294109512 12003
683.85 0.29508196721311475 3.741856016995463 -35.68814398300454 13677
724.35 0.29508196721311475 3.622608159144278 -35.80739184085572 14487
742.35 0.29508196721311475 3.5237458643307775 -35.90625413566922 14847
782.6 0.29508196721311475 3.359981743647083 -36.07001825635292 15652
798.05 0.29508196721311475 3.301599854672318 -36.12840014532768 15961
804.85 0.29508196721311475 2.8703864305806377 -36.55961356941936 16097
818.35 0.29508196721311475 2.595282559366076 -36.83471744063392 16367
840.85 0.29508196721311475 2.5721967543811104 -36.85780324561889 16817
854.35 0.3114754098360656 2.3261915416615793 -37.10380845833842 17087
912.85 0.3114754098360656 2.1419699149897937 -37.288030085010206 18257
999.65 0.3114754098360656 1.8840261221368308 -37.54597387786317 19993
1010.85 0.3114754098360656 1.8473590068881336 -37.582640993111866 20217
1026.65 0.3114754098360656 1.663509807604882 -37.76649019239512 20533
1062.2 0.3114754098360656 1.6211780178533672 -37.80882198214663 21244
1114.35 0.32786885245901637 1.4899550979771163 -37.94004490202288 22287
1125.2 0.32786885245901637 1.323852626516711 -38.10614737348329 22504
1134.2 0.32786885245901637 1.1151173598148603 -38.31488264018514 22684
1170.2 0.32786885245901637 1.1005346666488194 -38.32946533335118 23404
1228.7 0.3442622950819672 0.7182405993311605 -38.71175940066884 24574
1282.7 0.36065573770491804 0.6221130059006441 -38.807886994099356 25654
1562.4 0.36065573770491804 0.5922598050138106 -38.83774019498619 31248
2177.35 0.36065573770491804 0.5879495680103233 -38.842050431989676 43547
2199.85 0.36065573770491804 0.5341639381780396 -38.89583606182196 43997
