% fevals/dim | frac | F - F_opt (-39.43) | best fitness | fevals
7.7 0.19672131147540983 40.4095151608224 0.9795151608224018 154
15.0 0.21311475409836064 31.527177312883964 -7.902822687116036 300
26.0 0.21311475409836064 28.5164433743105 -10.913556625689498 520
97.25 0.21311475409836064 25.928904402509357 -13.501095597490643 1945
147.0 0.21311475409836064 25.698401298148845 -13.731598701851155 2940
163.5 0.21311475409836064 25.467665295126903 -13.962334704873097 3270
166.25 0.22950819672131148 23.871709605426233 -15.558290394573767 3325
196.25 0.22950819672131148 22.086893601329507 -17.343106398670493 3925
262.25 0.22950819672131148 20.66336461144201 -18.76663538855799 5245
295.25 0.22950819672131148 18.59537743819769 -20.83462256180231 5905
465.25 0.22950819672131148 16.159434680458368 -23.27056531954163 9305
502.7 0.2459016393442623 12.942250815710683 -26.487749184289317 10054
618.2 0.2459016393442623 12.250422505953168 -27.179577494046832 12364
651.2 0.2459016393442623 12.027751534538623 -27.402248465461376 13024
675.95 0.2459016393442623 11.01345442979207 -28.41654557020793 13519
741.95 0.26229508196721313 7.892318505866761 -31.53768149413324 14839
832.7 0.26229508196721313 6.709249582971715 -32.720750417028285 16654
1368.95 0.26229508196721313 6.5062576342879765 -32.92374236571202 27379
1533.95 0.26229508196721313 6.434349080664759 -32.99565091933524 30679
1554.25 0.2786885245901639 5.632648076017958 -33.79735192398204 31085
1641.6 0.2786885245901639 4.92970227022213 -34.50029772977787 32832
2101.2 0.2786885245901639 4.657862087443732 -34.77213791255627 42024
2151.75 0.2786885245901639 4.1489341473874575 -35.28106585261254 43035
2222.5 0.2786885245901639 3.985790965657607 -35.44420903434239 44450
2272.0 0.29508196721311475 3.7359098565538815 -35.69409014344612 45440
2560.75 0.29508196721311475 3.3199139881100663 -36.11008601188993 51215
2598.6 0.29508196721311475 3.2652767624863515 -36.16472323751365 51972
2982.95 0.29508196721311475 3.1721506121241063 -36.25784938787589 59659
3033.35 0.29508196721311475 2.6375679110901658 -36.792432088909834 60667
3049.85 0.3114754098360656 2.4381184541318746 -36.991881545868125 60997
3091.1 0.3114754098360656 1.838942758563924 -37.591057241436076 61822
3363.35 0.32786885245901637 1.5794758530535518 -37.85052414694645 67267
3487.1 0.32786885245901637 1.4568735968902402 -37.97312640310976 69742
3718.1 0.32786885245901637 1.396929558315918 -38.03307044168408 74362
3809.65 0.32786885245901637 1.395978348376289 -38.03402165162371 76193
3900.4 0.32786885245901637 1.2385133756622722 -38.19148662433773 78008
4180.9 0.3442622950819672 0.9272466191152517 -38.50275338088475 83618
5255.45 0.3442622950819672 0.7945945648765758 -38.635405435123424 105109
5544.25 0.3442622950819672 0.784584097832159 -38.64541590216784 110885
5593.7 0.36065573770491804 0.5854479631177085 -38.84455203688229 111874
