% fevals/dim | frac | F - F_opt (-39.43) | best fitness | fevals
8.35 0.21311475409836064 39.79286791525523 0.36286791525522943 167
13.65 0.21311475409836064 30.18823415397093 -9.241765846029068 273
34.3 0.21311475409836064 28.384157531101188 -11.045842468898812 686
88.25 0.22950819672131148 24.533290508210097 -14.896709491789903 1765
96.9 0.22950819672131148 24.071724434738233 -15.358275565261767 1938
199.0 0.22950819672131148 18.204539240970334 -21.225460759029666 3980
291.6 0.22950819672131148 16.87535000655787 -22.55464999344213 5832
335.7 0.22950819672131148 16.66612967637995 -22.76387032362005 6714
343.5 0.2459016393442623 14.179999877519489 -25.25000012248051 6870
360.35 0.2459016393442623 13.388822982470256 -26.041177017529744 7207
438.65 0.2459016393442623 12.963103716353356 -26.466896283646644 8773
533.35 0.2459016393442623 11.528375235152616 -27.901624764847384 10667
674.15 0.2459016393442623 11.441890416082295 -27.988109583917705 13483
689.95 0.26229508196721313 8.064676690732107 -31.365323309267893 13799
905.55 0.26229508196721313 7.781690669254779 -31.64830933074522 18111
928.45 0.26229508196721313 7.7553605550687585 -31.67463944493124 18569
954.4 0.26229508196721313 7.029966921567983 -32.40003307843202 19088
1024.45 0.26229508196721313 6.619910683084846 -32.81008931691515 20489
1113.8 0.2786885245901639 5.778241037009977 -33.65175896299002 22276
1188.8 0.2786885245901639 5.6852908299304445 -33.744709170069555 23776
1283.1 0.2786885245901639 4.027933356164496 -35.402066643835504 25662
1499.35 0.29508196721311475 3.151670069520371 -36.27832993047963 29987
1585.85 0.29508196721311475 3.088511532999803 -36.3414884670002 31717
1706.95 0.29508196721311475 2.799070170030312 -36.63092982996969 34139
1750.2 0.29508196721311475 2.722066717164857 -36.70793328283514 35004
1816.85 0.29508196721311475 2.520060577030584 -36.909939422969416 36337
1853.15 0.3114754098360656 2.0697496680083773 -37.36025033199162 37063
1922.35 0.3114754098360656 2.027583130355069 -37.40241686964493 38447
1939.65 0.3114754098360656 1.7589681547975218 -37.67103184520248 38793
2100.35 0.3114754098360656 1.7341431906244296 -37.69585680937557 42007
2176.1 0.32786885245901637 1.5488935582318035 -37.881106441768196 43522
2224.4 0.32786885245901637 1.441393430202723 -37.98860656979728 44488
2234.75 0.32786885245901637 1.29143857715097 -38.13856142284903 44695
2280.95 0.32786885245901637 1.0471202758152458 -38.382879724184754 45619
2410.7 0.32786885245901637 1.0098225171319015 -38.4201774828681 48214
2505.85 0.3442622950819672 0.6993562749049644 -38.730643725095035 50117
2696.15 0.36065573770491804 0.5922598050138106 -38.83774019498619 53923
3297.6 0.36065573770491804 0.5879495680103233 -38.842050431989676 65952
3404.05 0.36065573770491804 0.5341639381780396 -38.89583606182196 68081
4011.15 0.36065573770491804 0.5293336115617961 -38.900666388438204 80223
