% fevals/dim | frac | F - F_opt (-39.43) | best fitness | fevals
6.5 0.19672131147540983 44.5083686066931 5.078368606693097 130
12.25 0.19672131147540983 40.36572377090334 0.935723770903337 245
15.8 0.21311475409836064 34.2431340339945 -5.186865966005499 316
30.3 0.21311475409836064 27.786604472781335 -11.643395527218665 606
57.25 0.21311475409836064 26.717243839301844 -12.712756160698156 1145
86.55 0.22950819672131148 23.937796999411653 -15.492203000588347 1731
117.3 0.22950819672131148 23.434828824730108 -15.995171175269892 2346
137.0 0.22950819672131148 19.98040838257069 -19.44959161742931 2740
144.55 0.22950819672131148 19.148804605488248 -20.28119539451175 2891
159.05 0.22950819672131148 17.86189982409402 -21.56810017590598 3181
189.0 0.2459016393442623 14.727792201644732 -24.702207798355268 3780
237.4 0.2459016393442623 14.357695145584252 -25.072304854415748 4748
244.4 0.2459016393442623 13.419551554006482 -26.010448445993518 4888
251.9 0.2459016393442623 13.26356311611995 -26.16643688388005 5038
394.75 0.2459016393442623 11.249533488557379 -28.18046651144262 7895
402.0 0.2459016393442623 11.105559599401293 -28.324440400598707 8040
416.5 0.26229508196721313 9.873779593889104 -29.556220406110896 8330
431.0 0.26229508196721313 9.392977929371863 -30.037022070628137 8620
502.75 0.26229508196721313 9.093354507901203 -30.336645492098796 10055
554.25 0.26229508196721313 6.852397753979311 -32.57760224602069 11085
756.85 0.26229508196721313 6.688169053968139 -32.74183094603186 15137
788.15 0.2786885245901639 5.430961633897972 -33.99903836610203 15763
795.4 0.2786885245901639 5.342631380870081 -34.08736861912992 15908
909.25 0.2786885245901639 5.260477985605142 -34.16952201439486 18185
925.75 0.29508196721311475 3.7963848891098593 -35.63361511089014 18515
983.75 0.29508196721311475 3.699684562347308 -35.73031543765269 19675
1049.0 0.29508196721311475 3.382555097564577 -36.04744490243542 20980
1098.85 0.29508196721311475 3.2720378154992886 -36.15796218450071 21977
1147.75 0.29508196721311475 2.9002381183113854 -36.529761881688614 22955
1155.0 0.29508196721311475 2.7159530082858154 -36.714046991714184 23100
1176.75 0.3114754098360656 2.480330864993796 -36.949669135006204 23535
1230.4 0.3114754098360656 2.4349222145165257 -36.995077785483474 24608
1273.75 0.3114754098360656 2.2634733223949866 -37.16652667760501 25475
1331.5 0.3114754098360656 1.8252228206458838 -37.604777179354116 26630
1418.5 0.32786885245901637 1.5376719764433346 -37.892328023556665 28370
1447.5 0.32786885245901637 1.4401429146417684 -37.98985708535823 28950
1533.95 0.32786885245901637 1.3395483347793231 -38.09045166522068 30679
1589.9 0.32786885245901637 1.2710500176315804 -38.15894998236842 31798
1671.7 0.32786885245901637 1.1635841787851362 -38.26641582121486 33434
1789.6 0.3442622950819672 0.9901360018122887 -38.43986399818771 35792
1804.3 0.3442622950819672 0.8361306303115228 -38.59386936968848 36086
1962.1 0.3442622950819672 0.7411053295151717 -38.68889467048483 39242
2036.3 0.3442622950819672 0.711656675337494 -38.718343324662506 40726
2047.75 0.36065573770491804 0.6002304665308671 -38.82976953346913 40955
2094.3 0.36065573770491804 0.5341639381780396 -38.89583606182196 41886
2935.95 0.36065573770491804 0.5293336115617961 -38.900666388438204 58719
