% fevals/dim | frac | F - F_opt (-568.88) | best fitness | fevals
6.1 0.0 1588513.9366885126 1587945.0566885127 122
80.85 0.0 718753.3007406748 718184.4207406748 1617
143.35 0.0 664094.9640676319 663526.0840676319 2867
231.35 0.0 523154.97071406577 522586.09071406577 4627
428.1 0.0 471908.811865837 471339.931865837 8562
491.8 0.0 412467.11865397793 411898.2386539779 9836
684.35 0.0 409420.9989256565 408852.1189256565 13687
689.9 0.0 341880.46132654283 341311.58132654283 13798
1089.9 0.0 323697.5180534027 323128.6380534027 21798
1441.3 0.0 311871.0147828041 311302.1347828041 28826
1535.05 0.0 309894.8521519999 309325.9721519999 30701
1628.8 0.0 308228.05899977376 307659.17899977375 32576
1829.2 0.0 307719.40323315933 307150.5232331593 36584
1841.3 0.0 300137.7928904642 299568.9128904642 36826
2191.3 0.0 299555.42221441574 298986.54221441573 43826
2222.55 0.0 295511.34508918144 294942.46508918144 44451
2441.3 0.0 295488.4388136458 294919.5588136458 48826
2510.05 0.0 295232.93063688057 294664.05063688057 50201
2685.05 0.0 294532.12994413736 293963.24994413735 53701
2710.05 0.0 294484.3286628557 293915.4486628557 54201
2791.3 0.0 294416.53224561224 293847.65224561223 55826
2972.55 0.0 294381.5711150244 293812.6911150244 59451
3047.55 0.0 294148.9039395859 293580.0239395859 60951
3102.4 0.0 294126.87224741327 293557.99224741326 62048
3177.35 0.0 294048.62190986506 293479.74190986506 63547
3258.6 0.0 293683.6373715636 293114.7573715636 65172
3321.1 0.0 292708.7402398742 292139.8602398742 66422
3441.3 0.0 292531.8320365449 291962.9520365449 68826
3522.55 0.0 292324.8362811965 291755.9562811965 70451
3708.6 0.0 292018.74704931886 291449.86704931885 74172
3764.85 0.0 291989.50058193004 291420.62058193004 75297
3885.05 0.0 291893.56562284974 291324.68562284973 77701
3891.3 0.0 291793.4674611709 291224.5874611709 77826
3991.3 0.0 291742.27190373547 291173.39190373546 79826
4053.8 0.0 291526.481607946 290957.601607946 81076
4122.55 0.0 291493.9428547477 290925.0628547477 82451
4241.3 0.0 291455.1159083671 290886.2359083671 84826
4516.3 0.0 291449.00630798796 290880.12630798796 90326
4635.05 0.0 291447.39693154633 290878.5169315463 92701
4710.05 0.0 291433.7986710677 290864.9186710677 94201
4847.55 0.0 291431.79860224784 290862.91860224784 96951
4941.3 0.0 291428.7033300493 290859.8233300493 98826
5460.05 0.0 291428.4658320344 290859.5858320344 109201
