8.95 0.19672131147540983 50.44976128901288 11.019761289012884 179
13.8 0.19672131147540983 44.52119669429466 5.091196694294659 276
20.15 0.21311475409836064 29.417987057665616 -10.012012942334383 403
33.7 0.22950819672131148 23.114152525964073 -16.315847474035927 674
77.25 0.22950819672131148 20.76794743370286 -18.662052566297138 1545
80.2 0.2459016393442623 15.718226841874948 -23.71177315812505 1604
116.25 0.2459016393442623 14.535690332071098 -24.8943096679289 2325
121.4 0.2459016393442623 14.423015774762703 -25.006984225237296 2428
131.15 0.2459016393442623 13.875359016928996 -25.554640983071003 2623
136.05 0.2459016393442623 13.666291836601417 -25.763708163398583 2721
141.5 0.2459016393442623 12.212936430313619 -27.21706356968638 2830
146.35 0.2459016393442623 11.582430739775447 -27.847569260224553 2927
161.8 0.2459016393442623 10.725012870301136 -28.704987129698864 3236
193.25 0.26229508196721313 9.48138260904507 -29.94861739095493 3865
202.65 0.26229508196721313 8.073156755513107 -31.356843244486893 4053
228.4 0.26229508196721313 6.877045386772082 -32.55295461322792 4568
285.95 0.2786885245901639 6.192671335815298 -33.2373286641847 5719
293.55 0.2786885245901639 5.621766500022993 -33.80823349997701 5871
298.7 0.2786885245901639 4.977883176112407 -34.45211682388759 5974
314.15 0.2786885245901639 4.035978606369213 -35.39402139363079 6283
391.4 0.29508196721311475 3.8417633288915383 -35.58823667110846 7828
406.85 0.29508196721311475 3.5896832567040775 -35.84031674329592 8137
468.65 0.29508196721311475 3.579979434986072 -35.85002056501393 9373
475.95 0.29508196721311475 2.904253766134758 -36.52574623386524 9519
548.4 0.29508196721311475 2.774407729968239 -36.65559227003176 10968
589.6 0.29508196721311475 2.689577167180296 -36.740422832819704 11792
609.15 0.3114754098360656 2.3809674664908727 -37.04903253350913 12183
658.1 0.3114754098360656 2.057709472467529 -37.37229052753247 13162
663.45 0.3114754098360656 2.0342851737274614 -37.39571482627254 13269
719.9 0.3114754098360656 1.7034503363613638 -37.726549663638636 14398
766.25 0.32786885245901637 1.4348415937429237 -37.995158406257076 15325
792.0 0.32786885245901637 1.4045196525930805 -38.02548034740692 15840
809.15 0.32786885245901637 1.386949222946761 -38.04305077705324 16183
957.5 0.32786885245901637 1.2362409203552502 -38.19375907964475 19150
1018.2 0.32786885245901637 1.2319170131296389 -38.19808298687036 20364
1140.9 0.3442622950819672 0.9887167364953982 -38.4412832635046 22818
1201.1 0.3442622950819672 0.9354770866997413 -38.49452291330026 24022
1259.15 0.36065573770491804 0.6269160521817483 -38.80308394781825 25183
1425.45 0.36065573770491804 0.6221130059006441 -38.807886994099356 28509
1813.55 0.36065573770491804 0.5922598050138106 -38.83774019498619 36271
2016.35 0.36065573770491804 0.5879495680103233 -38.842050431989676 40327
2082.1 0.36065573770491804 0.5341639381780396 -38.89583606182196 41642
