% fevals/dim | frac | F - F_opt (-568.88) | best fitness | fevals
1.1 0.0 4654146.880410097 4653578.000410097 22
5.55 0.0 4544427.189882435 4543858.309882435 111
6.65 0.0 2937943.274543216 2937374.394543216 133
15.5 0.0 2661055.11052151 2660486.23052151 310
19.85 0.0 2316638.690003798 2316069.810003798 397
24.6 0.0 1833374.613856424 1832805.7338564242 492
30.65 0.0 1569948.315200927 1569379.435200927 613
37.9 0.0 1158958.929183108 1158390.0491831081 758
46.4 0.0 1041778.1273899914 1041209.2473899914 928
48.35 0.0 931721.6388221125 931152.7588221125 967
53.25 0.0 861559.9175940987 860991.0375940987 1065
67.4 0.0 786597.7936981542 786028.9136981542 1348
73.35 0.0 755069.3473275632 754500.4673275632 1467
77.3 0.0 444803.1999750891 444234.3199750891 1546
86.15 0.0 438377.8354855974 437808.95548559737 1723
89.75 0.0 438024.5953972685 437455.7153972685 1795
104.5 0.0 423527.3175765375 422958.4375765375 2090
115.75 0.0 417581.66816745646 417012.78816745646 2315
119.25 0.0 391253.3197980493 390684.4397980493 2385
125.3 0.0 359427.05413807195 358858.17413807195 2506
131.05 0.0 352222.14640957664 351653.26640957664 2621
134.55 0.0 336891.6638801002 336322.7838801002 2691
146.35 0.0 333779.59939552535 333210.71939552535 2927
160.6 0.0 309447.5999107342 308878.7199107342 3212
193.3 0.0 299637.81833824306 299068.93833824305 3866
222.8 0.0 298823.8378305697 298254.9578305697 4456
237.55 0.0 297817.9801351829 297249.1001351829 4751
240.65 0.0 295833.6022335413 295264.7222335413 4813
255.5 0.0 294774.5859415225 294205.7059415225 5110
270.45 0.0 294616.37688627 294047.49688627 5409
274.35 0.0 294459.5300815378 293890.6500815378 5487
278.85 0.0 293566.5080335543 292997.6280335543 5577
283.55 0.0 293269.6527839802 292700.7727839802 5671
288.15 0.0 291534.2241404984 290965.3441404984 5763
306.7 0.0 290878.6407815161 290309.7607815161 6134
309.55 0.0 290668.6543056499 290099.7743056499 6191
312.5 0.0 290202.013034025 289633.13303402497 6250
315.55 0.0 289876.2705387468 289307.3905387468 6311
324.55 0.0 289851.38171526004 289282.50171526003 6491
336.35 0.0 289716.8876354504 289148.0076354504 6727
339.3 0.0 289714.2680467536 289145.3880467536 6786
354.05 0.0 289488.33522363176 288919.45522363175 7081
362.65 0.0 289365.8890386191 288797.0090386191 7253
364.95 0.0 289331.6998916822 288762.8198916822 7299
366.05 0.0 288752.6784500342 288183.79845003417 7321
400.35 0.0 288676.100276569 288107.220276569 8007
432.8 0.0 288642.30584424443 288073.4258442444 8656
445.15 0.0 288567.9619583278 287999.0819583278 8903
447.85 0.0 288545.8881809838 287977.0081809838 8957
471.45 0.0 288531.70831906085 287962.82831906085 9429
486.2 0.0 288520.0238119641 287951.1438119641 9724
487.0 0.0 288511.70995849726 287942.82995849726 9740
494.95 0.0 288509.0191142341 287940.1391142341 9899
500.05 0.0 288506.08337511943 287937.2033751194 10001
507.4 0.0 288451.279451534 287882.399451534 10148
551.0 0.0 288450.73738798546 287881.85738798545 11020
571.7 0.0 288443.80514096667 287874.92514096666 11434
575.95 0.0 288439.0197444764 287870.1397444764 11519
578.9 0.0 288431.2651881863 287862.3851881863 11578
643.7 0.0 288431.1875742818 287862.3075742818 12874
653.7 0.0 288430.95007626695 287862.07007626694 13074
