% fevals/dim | frac | F - F_opt (-568.88) | best fitness | fevals
6.1 0.0 1588513.9366885126 1587945.0566885127 122
44.4 0.0 1159138.9987304625 1158570.1187304626 888
113.15 0.0 1051729.5270908216 1051160.6470908218 2263
183.85 0.0 683090.0961388177 682521.2161388177 3677
707.0 0.0 629886.3585818799 629317.4785818799 14140
752.75 0.0 626530.7896867418 625961.9096867418 15055
792.15 0.0 582659.3716640347 582090.4916640347 15843
831.15 0.0 581139.2550455236 580570.3750455236 16623
879.1 0.0 539034.8943284587 538466.0143284587 17582
1013.4 0.0 510667.509760873 510098.629760873 20268
1029.95 0.0 503967.3976800504 503398.5176800504 20599
1206.7 0.0 487618.6266513442 487049.7466513442 24134
1373.15 0.0 453295.75202049006 452726.87202049006 27463
1410.4 0.0 450053.5991726246 449484.7191726246 28208
1589.5 0.0 409677.7128234974 409108.8328234974 31790
1882.3 0.0 389837.6937097409 389268.8137097409 37646
2030.8 0.0 373960.3762194368 373391.4962194368 40616
2177.65 0.0 368243.6945229296 367674.8145229296 43553
2244.7 0.0 363998.070763704 363429.190763704 44894
2296.0 0.0 351386.14955340023 350817.2695534002 45920
2323.0 0.0 336813.16127215105 336244.28127215104 46460
2471.2 0.0 329642.13532376953 329073.2553237695 49424
2962.6 0.0 328108.6389441416 327539.7589441416 59252
3180.5 0.0 323187.07727269724 322618.19727269723 63610
3289.7 0.0 312395.9299928295 311827.0499928295 65794
3367.7 0.0 303935.7148243629 303366.8348243629 67354
3859.1 0.0 302007.1515973729 301438.2715973729 77182
3944.9 0.0 300505.3645811456 299936.4845811456 78898
4061.9 0.0 298393.4551313233 297824.5751313233 81238
4319.3 0.0 297859.9777017238 297291.0977017238 86386
4724.9 0.0 297043.0968703074 296474.2168703074 94498
4834.1 0.0 295685.1001969427 295116.2201969427 96682
5013.5 0.0 294906.83080553066 294337.95080553065 100270
5520.5 0.0 293812.4396222586 293243.5596222586 110410
6214.7 0.0 293729.47968569177 293160.59968569176 124294
6323.9 0.0 292998.3236011426 292429.4436011426 126478
6362.9 0.0 292955.3227365266 292386.4427365266 127258
6370.7 0.0 292002.1179337534 291433.2379337534 127414
6690.5 0.0 291895.4120375919 291326.5320375919 133810
7025.9 0.0 291796.7864402534 291227.90644025337 140518
7384.7 0.0 291542.51031626324 290973.63031626324 147694
7618.7 0.0 291522.8957458616 290954.0157458616 152374
7681.1 0.0 291458.6648703478 290889.7848703478 153622
7704.5 0.0 291431.0581849938 290862.1781849938 154090
8375.3 0.0 291428.7033300493 290859.8233300493 167506
8710.7 0.0 291428.4658320344 290859.5858320344 174214
