% fevals/dim | frac | F - F_opt (32.7) | best fitness | fevals
3.6 0.19672131147540983 50.00299925814491 82.70299925814491 72
6.0 0.21311475409836064 34.40689470669945 67.10689470669945 120
23.95 0.22950819672131148 18.668540013857452 51.368540013857455 479
88.05 0.22950819672131148 17.128956050617937 49.82895605061794 1761
104.55 0.2459016393442623 14.332159514636395 47.0321595146364 2091
133.9 0.2459016393442623 14.129038268889417 46.82903826888942 2678
166.25 0.2459016393442623 13.233913088836943 45.933913088836945 3325
182.75 0.2459016393442623 12.168140521294482 44.868140521294485 3655
238.45 0.2459016393442623 12.056412266311462 44.756412266311465 4769
287.2 0.2459016393442623 11.422982139406102 44.122982139406105 5744
303.7 0.2459016393442623 10.587931736476477 43.28793173647648 6074
395.65 0.2459016393442623 10.08829192389689 42.78829192389689 7913
401.15 0.26229508196721313 9.834490431390869 42.53449043139087 8023
449.25 0.26229508196721313 8.681600961694997 41.381600961695 8985
468.7 0.26229508196721313 7.121759532524933 39.821759532524936 9374
518.2 0.26229508196721313 6.387691832568109 39.08769183256811 10364
617.55 0.2786885245901639 6.278500450773571 38.97850045077357 12351
629.05 0.2786885245901639 6.013739204415515 38.71373920441552 12581
639.55 0.2786885245901639 4.14413828705699 36.84413828705699 12791
700.05 0.29508196721311475 3.790702891008003 36.490702891008006 14001
784.85 0.29508196721311475 3.1242284734219012 35.824228473421904 15697
817.85 0.29508196721311475 2.5999774699212637 35.29997746992127 16357
911.55 0.29508196721311475 2.5260232781908343 35.22602327819084 18231
938.85 0.3114754098360656 2.3338187752349313 35.033818775234934 18777
951.9 0.3114754098360656 2.2892137028376993 34.9892137028377 19038
960.85 0.3114754098360656 2.155533699773457 34.85553369977346 19217
999.35 0.3114754098360656 2.1063860879345455 34.80638608793455 19987
1015.85 0.3114754098360656 1.9817404767760465 34.68174047677605 20317
1023.4 0.32786885245901637 1.5311568687206218 34.231156868720625 20468
1107.4 0.32786885245901637 1.4943820419636609 34.194382041963664 22148
1126.65 0.32786885245901637 1.2617789605278276 33.96177896052783 22533
1157.35 0.32786885245901637 1.1456180923424526 33.845618092342455 23147
1220.15 0.32786885245901637 1.0104751075979408 33.710475107597944 24403
1263.15 0.3442622950819672 0.9852396063671307 33.68523960636713 25263
1300.65 0.3442622950819672 0.8848199747298224 33.584819974729825 26013
1358.9 0.3442622950819672 0.8826561811844797 33.58265618118448 27178
1373.35 0.3442622950819672 0.8259097748599871 33.52590977485999 27467
1403.7 0.3442622950819672 0.7709687482315104 33.47096874823151 28074
1458.7 0.3442622950819672 0.7033757375879404 33.40337573758794 29174
1490.9 0.3442622950819672 0.673041788606632 33.373041788606635 29818
1951.5 0.36065573770491804 0.5609142817784587 33.26091428177846 39030
