4.95 0.2459016393442623 13.753078740515193 61.14307874051519 99
9.55 0.2459016393442623 12.96188811687302 60.35188811687302 191
20.5 0.26229508196721313 9.964927511850618 57.35492751185062 410
36.3 0.26229508196721313 8.003644668160469 55.39364466816047 726
58.15 0.26229508196721313 7.449340839902504 54.839340839902505 1163
64.2 0.26229508196721313 7.331576671523877 54.72157667152388 1284
136.75 0.26229508196721313 6.382631267619622 53.77263126761962 2735
185.8 0.2786885245901639 6.11999889007123 53.50999889007123 3716
254.85 0.2786885245901639 6.054312002593619 53.44431200259362 5097
306.0 0.2786885245901639 5.646143967778812 53.03614396777881 6120
343.85 0.2786885245901639 5.395871142916171 52.78587114291617 6877
354.05 0.2786885245901639 5.330192584379795 52.720192584379795 7081
446.0 0.2786885245901639 4.918599650939754 52.308599650939755 8920
538.5 0.2786885245901639 4.127506575916414 51.517506575916414 10770
622.2 0.29508196721311475 3.6471258025524804 51.03712580255248 12444
927.15 0.29508196721311475 3.4195975041963607 50.80959750419636 18543
1268.15 0.29508196721311475 2.985548281466592 50.37554828146659 25363
1687.05 0.29508196721311475 2.887868565195852 50.27786856519585 33741
1808.35 0.29508196721311475 2.72265265650465 50.11265265650465 36167
1833.05 0.29508196721311475 2.622232045667239 50.01223204566724 36661
1953.95 0.29508196721311475 2.5616989309367213 49.95169893093672 39079
2306.0 0.3114754098360656 2.461844059756686 49.85184405975669 46120
2380.8 0.3114754098360656 2.137245613074647 49.52724561307465 47616
2524.95 0.3114754098360656 1.9018429788396887 49.29184297883969 50499
2566.8 0.3114754098360656 1.6286482501654902 49.01864825016549 51336
4877.15 0.32786885245901637 1.4691617402763484 48.85916174027635 97543
9760.7 0.32786885245901637 1.2993982101653145 48.689398210165315 195214
