13.45 0.09836065573770492 759.8206290405924 297.7306290405924 269
30.1 0.11475409836065574 614.6576450366231 152.5676450366231 602
39.15 0.11475409836065574 609.6085362303663 147.51853623036635 783
56.2 0.11475409836065574 587.5828248029524 125.49282480295238 1124
67.7 0.11475409836065574 576.1533845763558 114.06338457635587 1354
72.4 0.11475409836065574 474.3838478606348 12.293847860634799 1448
115.35 0.11475409836065574 408.79878428740244 -53.291215712597534 2307
122.85 0.11475409836065574 400.85967642413874 -61.230323575861235 2457
137.6 0.13114754098360656 358.9892136763739 -103.1007863236261 2752
158.75 0.13114754098360656 311.2698251710243 -150.82017482897567 3175
193.35 0.13114754098360656 294.48941350814465 -167.60058649185532 3867
198.7 0.13114754098360656 290.3552942505595 -171.73470574944048 3974
234.1 0.13114754098360656 263.08247328893475 -199.00752671106522 4682
259.5 0.13114754098360656 262.1671379667979 -199.92286203320208 5190
276.25 0.13114754098360656 256.61444345842375 -205.47555654157622 5525
290.35 0.14754098360655737 249.2205763382259 -212.86942366177408 5807
297.1 0.14754098360655737 240.0347107636478 -222.05528923635217 5942
306.45 0.14754098360655737 235.82936275510446 -226.26063724489552 6129
320.25 0.14754098360655737 227.44357548242158 -234.6464245175784 6405
347.3 0.14754098360655737 198.95161142424428 -263.1383885757557 6946
399.0 0.14754098360655737 194.94938374005045 -267.1406162599495 7980
408.4 0.14754098360655737 191.50776773908905 -270.5822322609109 8168
422.5 0.14754098360655737 190.1467749447733 -271.94322505522666 8450
423.15 0.14754098360655737 189.08876052248735 -273.0012394775126 8463
442.45 0.14754098360655737 183.21871178233596 -278.871288217664 8849
502.45 0.14754098360655737 176.49556443625812 -285.59443556374185 10049
531.35 0.14754098360655737 175.70514128204564 -286.38485871795433 10627
544.75 0.14754098360655737 172.64735221904544 -289.44264778095453 10895
558.85 0.14754098360655737 168.71204193892692 -293.37795806107306 11177
563.55 0.14754098360655737 163.85113446841206 -298.2388655315879 11271
662.25 0.14754098360655737 163.43555807134118 -298.6544419286588 13245
669.45 0.14754098360655737 163.34312250617353 -298.74687749382645 13389
685.0 0.14754098360655737 162.05699117571072 -300.03300882428925 13700
697.0 0.14754098360655737 161.21862674818044 -300.87137325181953 13940
706.6 0.14754098360655737 159.23698899146467 -302.8530110085353 14132
725.4 0.16393442622950818 157.77966739294385 -304.3103326070561 14508
767.7 0.16393442622950818 156.53349525220716 -305.5565047477928 15354
1045.45 0.16393442622950818 155.46755350383933 -306.62244649616065 20909
