% fevals/dim | frac | F - F_opt (-16.94) | best fitness | fevals
5.2 0.18032786885245902 71.49406210511349 54.55406210511349 104
7.55 0.19672131147540983 52.80383390258302 35.863833902583025 151
34.5 0.19672131147540983 44.60649688462835 27.666496884628348 690
40.9 0.19672131147540983 43.60574530287027 26.665745302870267 818
46.95 0.19672131147540983 41.87360328773167 24.933603287731668 939
53.7 0.21311475409836064 33.99600862221813 17.056008622218126 1074
120.95 0.21311475409836064 31.347418407511658 14.407418407511656 2419
184.4 0.21311475409836064 29.669193614700223 12.729193614700222 3688
191.95 0.22950819672131148 21.08827380156818 4.14827380156818 3839
347.95 0.22950819672131148 20.93669482058009 3.996694820580089 6959
362.45 0.22950819672131148 18.065094384481426 1.1250943844814252 7249
371.15 0.22950819672131148 17.87851098082215 0.9385109808221479 7423
445.85 0.22950819672131148 17.406555322062186 0.46655532206218453 8917
479.3 0.22950819672131148 16.841072882372313 -0.09892711762768869 9586
482.0 0.22950819672131148 16.305016489176033 -0.6349835108239681 9640
497.0 0.22950819672131148 16.211063233188998 -0.7289367668110032 9940
529.05 0.22950819672131148 16.069915380118744 -0.8700846198812577 10581
563.45 0.2459016393442623 13.862387437766852 -3.077612562233149 11269
586.65 0.2459016393442623 12.598088749260713 -4.3419112507392885 11733
919.45 0.2459016393442623 12.268821933170482 -4.671178066829519 18389
1175.4 0.2459016393442623 11.829937815858063 -5.110062184141938 23508
1220.0 0.2459016393442623 11.016325808491828 -5.923674191508173 24400
1496.2 0.2459016393442623 10.311827102972872 -6.628172897027129 29924
1541.45 0.2459016393442623 10.066761798544904 -6.873238201455097 30829
1616.8 0.26229508196721313 9.946020863227199 -6.993979136772802 32336
1968.8 0.26229508196721313 9.845429788264033 -7.094570211735968 39376
2047.0 0.26229508196721313 9.27645585303127 -7.66354414696873 40940
2071.2 0.26229508196721313 8.841552260876842 -8.09844773912316 41424
2085.4 0.26229508196721313 7.963366007594232 -8.97663399240577 41708
3083.4 0.26229508196721313 6.647595972890475 -10.292404027109527 61668
3128.2 0.2786885245901639 5.779589318211425 -11.160410681788576 62564
4197.4 0.2786885245901639 4.725276882717122 -12.21472311728288 83948
5554.2 0.2786885245901639 4.500214904965514 -12.439785095034487 111084
5944.6 0.2786885245901639 4.462375311197839 -12.477624688802162 118892
6309.4 0.2786885245901639 4.017952245226233 -12.922047754773768 126188
7039.0 0.29508196721311475 3.9407737571047257 -12.999226242895276 140780
