% fevals/dim | frac | F - F_opt (30.85) | best fitness | fevals
2.5 0.0 145925.4509761858 145956.3009761858 50
12.0 0.0 117848.2587397006 117879.1087397006 240
16.7 0.0 112157.01242166475 112187.86242166476 334
29.3 0.0 88361.8212297931 88392.67122979311 586
33.0 0.0 79996.33155466703 80027.18155466704 660
37.2 0.0 64007.84899234551 64038.69899234551 744
42.95 0.0 42452.062002661085 42482.91200266108 859
51.35 0.0 11140.681716603103 11171.531716603104 1027
59.4 0.03278688524590164 4586.838042088952 4617.688042088952 1188
86.5 0.13114754098360656 296.65678641655575 327.50678641655577 1730
527.5 0.13114754098360656 283.59484106430597 314.444841064306 10550
645.1 0.13114754098360656 281.8558993705331 312.70589937053313 12902
691.3 0.13114754098360656 255.28091050102287 286.13091050102287 13826
905.5 0.14754098360655737 230.7516082328294 261.6016082328294 18110
1093.8 0.14754098360655737 214.9109817601023 245.76098176010228 21876
1108.95 0.14754098360655737 211.3582496309977 242.2082496309977 22179
1297.95 0.16393442622950818 141.25236450127179 172.10236450127178 25959
1407.15 0.16393442622950818 137.57863353947388 168.42863353947388 28143
1423.95 0.16393442622950818 115.86672008001432 146.7167200800143 28479
1558.35 0.16393442622950818 115.74841791572152 146.5984179157215 31167
1730.55 0.16393442622950818 112.00189450281596 142.85189450281595 34611
1835.55 0.16393442622950818 109.344141256103 140.194141256103 36711
1978.35 0.16393442622950818 107.96500216209768 138.81500216209767 39567
2035.7 0.16393442622950818 107.62350906510738 138.47350906510738 40714
2072.4 0.18032786885245902 82.91662682560056 113.76662682560055 41448
2192.4 0.18032786885245902 74.60314321223186 105.45314321223185 43848
2332.8 0.18032786885245902 69.264921653709 100.11492165370899 46656
2341.2 0.19672131147540983 62.67442725942151 93.52442725942151 46824
2463.0 0.19672131147540983 61.527185430926856 92.37718543092686 49260
2487.6 0.19672131147540983 60.34893229983492 91.19893229983492 49752
2517.0 0.19672131147540983 58.44512428689345 89.29512428689345 50340
2525.4 0.19672131147540983 57.7410200727136 88.5910200727136 50508
2542.2 0.19672131147540983 56.0845338359964 86.9345338359964 50844
2626.2 0.19672131147540983 53.29301784858989 84.14301784858989 52524
2727.65 0.19672131147540983 50.477836747341804 81.3278367473418 54553
2760.6 0.19672131147540983 43.868553359888004 74.718553359888 55212
2836.2 0.19672131147540983 42.356534905869346 73.20653490586935 56724
2893.6 0.21311475409836064 38.98190643606787 69.83190643606787 57872
3082.6 0.21311475409836064 36.63833429374116 67.48833429374116 61652
3196.0 0.21311475409836064 36.14263012999651 66.99263012999651 63920
3207.25 0.21311475409836064 34.618015031353075 65.46801503135308 64145
3247.1 0.21311475409836064 29.087387903861107 59.93738790386111 64942
3570.5 0.21311475409836064 26.880318874954057 57.73031887495406 71410
3768.5 0.21311475409836064 26.80640553689458 57.65640553689458 75370
5642.2 0.22950819672131148 23.850329068927486 54.70032906892749 112844
5684.2 0.22950819672131148 23.451918386471547 54.30191838647155 113684
