% fevals/dim | frac | F - F_opt (-462.09) | best fitness | fevals
5.8 0.09836065573770492 764.1441148024916 302.0541148024916 116
9.2 0.09836065573770492 716.2312230600296 254.14122306002963 184
30.9 0.09836065573770492 680.031142315845 217.94114231584507 618
37.8 0.11475409836065574 563.6316636820227 101.54166368202272 756
106.2 0.11475409836065574 521.5441542423312 59.454154242331185 2124
127.4 0.11475409836065574 479.78285961836593 17.692859618365958 2548
138.1 0.11475409836065574 473.72105469039116 11.631054690391181 2762
159.4 0.11475409836065574 448.14604304545617 -13.943956954543808 3188
189.05 0.13114754098360656 390.46790216945493 -71.62209783054504 3781
228.85 0.13114754098360656 386.30580850774714 -75.78419149225283 4577
249.0 0.13114754098360656 385.86885570038146 -76.22114429961852 4980
259.7 0.13114754098360656 366.211023164457 -95.87897683554297 5194
266.95 0.13114754098360656 336.03444826412345 -126.05555173587652 5339
288.75 0.13114754098360656 297.9494874224615 -164.14051257753846 5775
327.15 0.13114754098360656 277.06777143595485 -185.02222856404512 6543
402.6 0.13114754098360656 252.70204805848482 -209.38795194151515 8052
450.45 0.13114754098360656 251.76232111572062 -210.32767888427935 9009
458.3 0.14754098360655737 243.71319437904657 -218.3768056209534 9166
471.1 0.14754098360655737 239.3744748710787 -222.71552512892129 9422
477.05 0.14754098360655737 235.78589282511507 -226.3041071748849 9541
488.55 0.14754098360655737 234.9028036858022 -227.18719631419776 9771
506.3 0.14754098360655737 228.92532725255307 -233.1646727474469 10126
512.9 0.14754098360655737 215.64444019551786 -246.44555980448212 10258
521.85 0.14754098360655737 214.32239990897185 -247.76760009102813 10437
563.5 0.14754098360655737 199.0095766574878 -263.0804233425122 11270
569.9 0.14754098360655737 197.39123912502004 -264.69876087497994 11398
591.2 0.14754098360655737 196.9358622144286 -265.1541377855714 11824
629.35 0.14754098360655737 191.58405903190237 -270.5059409680976 12587
636.0 0.14754098360655737 190.46134923302355 -271.6286507669764 12720
674.4 0.14754098360655737 189.1752179025607 -272.9147820974393 13488
699.35 0.14754098360655737 187.18640529588208 -274.9035947041179 13987
722.45 0.14754098360655737 183.77038645329236 -278.3196135467076 14449
731.75 0.14754098360655737 178.02789332816127 -284.0621066718387 14635
800.15 0.14754098360655737 173.39680419100438 -288.6931958089956 16003
808.9 0.14754098360655737 171.93944361025882 -290.15055638974115 16178
880.9 0.14754098360655737 164.44453161918898 -297.645468380811 17618
948.05 0.14754098360655737 159.9566395263784 -302.13336047362156 18961
1166.5 0.16393442622950818 158.07471843889175 -304.0152815611082 23330
1204.9 0.16393442622950818 156.82854629815512 -305.26145370184486 24098
1261.65 0.16393442622950818 156.53349525220716 -305.5565047477928 25233
1416.1 0.16393442622950818 155.46755350383933 -306.62244649616065 28322
