% fevals/dim | frac | F - F_opt (-568.88) | best fitness | fevals
6.1 0.0 1588513.9366885126 1587945.0566885127 122
18.15 0.0 1507478.882908978 1506910.0029089781 363
40.4 0.0 1034740.4076139289 1034171.5276139289 808
75.1 0.0 887015.2453289325 886446.3653289325 1502
81.95 0.0 874956.2003696596 874387.3203696596 1639
101.15 0.0 847548.8643857557 846979.9843857557 2023
113.65 0.0 843080.5469639599 842511.6669639599 2273
130.45 0.0 826999.7664020895 826430.8864020895 2609
134.55 0.0 545603.4476401769 545034.5676401769 2691
162.0 0.0 458430.2240827862 457861.3440827862 3240
185.75 0.0 443981.8708234182 443412.9908234182 3715
211.35 0.0 412419.36037665297 411850.48037665297 4227
231.25 0.0 395726.79045918415 395157.91045918415 4625
268.6 0.0 394196.331366409 393627.451366409 5372
285.45 0.0 386808.6940855085 386239.8140855085 5709
307.0 0.0 377489.01156784315 376920.13156784314 6140
309.7 0.0 369953.8913206534 369385.0113206534 6194
315.2 0.0 359662.25386590604 359093.37386590603 6304
328.2 0.0 352945.5898732301 352376.7098732301 6564
373.7 0.0 351878.6853900908 351309.8053900908 7474
425.55 0.0 334442.58896624844 333873.70896624844 8511
495.95 0.0 332828.07217391493 332259.1921739149 9919
510.4 0.0 319733.1884447981 319164.3084447981 10208
529.6 0.0 311561.5857099864 310992.7057099864 10592
576.85 0.0 307713.08175152144 307144.20175152144 11537
656.85 0.0 302644.4868368653 302075.6068368653 13137
687.95 0.0 299807.572499861 299238.692499861 13759
733.65 0.0 298362.9639753006 297794.0839753006 14673
754.95 0.0 296882.4201228184 296313.5401228184 15099
806.4 0.0 294321.03833228216 293752.15833228215 16128
810.4 0.0 291182.50781650865 290613.62781650864 16208
900.4 0.0 290309.7483298999 289740.8683298999 18008
913.2 0.0 289989.331560075 289420.451560075 18264
938.8 0.0 289832.2761970548 289263.39619705477 18776
959.8 0.0 289320.365298896 288751.485298896 19196
960.6 0.0 289181.9653240269 288613.0853240269 19212
979.8 0.0 289173.0211914091 288604.1411914091 19596
986.5 0.0 289065.4519299382 288496.5719299382 19730
1014.55 0.0 289025.88413130795 288457.00413130794 20291
1031.0 0.0 288993.0225944617 288424.1425944617 20620
1040.1 0.0 288895.64603671373 288326.7660367137 20802
1050.2 0.0 288812.12612079503 288243.246120795 21004
1094.25 0.0 288810.9700023022 288242.0900023022 21885
1095.0 0.0 288729.0285453381 288160.1485453381 21900
1101.4 0.0 288692.4364595565 288123.5564595565 22028
1165.4 0.0 288668.68386896676 288099.80386896676 23308
1177.45 0.0 288644.7523416665 288075.8723416665 23549
1178.6 0.0 288644.52688579 288075.64688579 23572
1184.6 0.0 288598.9642882528 288030.0842882528 23692
1214.25 0.0 288569.996504023 288001.11650402297 24285
1241.55 0.0 288554.6339735452 287985.7539735452 24831
1255.0 0.0 288544.85217123287 287975.97217123286 25100
1273.45 0.0 288483.9648917391 287915.08489173907 25469
1290.75 0.0 288465.5345565651 287896.6545565651 25815
1309.95 0.0 288464.31104411796 287895.43104411796 26199
1347.5 0.0 288455.4761245035 287886.59612450347 26950
1386.4 0.0 288445.6824275012 287876.8024275012 27728
1421.45 0.0 288440.16564301914 287871.28564301913 28429
1449.7 0.0 288439.61921881983 287870.7392188198 28994
1458.55 0.0 288433.0723390283 287864.1923390283 29171
1509.75 0.0 288431.42738311744 287862.54738311743 30195
1516.15 0.0 288430.95007626695 287862.07007626694 30323
