% fevals/dim | frac | F - F_opt (-568.88) | best fitness | fevals
6.1 0.0 1588513.9366885126 1587945.0566885127 122
84.65 0.0 1489936.8490091895 1489367.9690091896 1693
93.55 0.0 1029883.4486677055 1029314.5686677055 1871
124.95 0.0 1027669.5820988875 1027100.7020988875 2499
128.15 0.0 666141.608329515 665572.728329515 2563
136.0 0.0 664812.8352588587 664243.9552588587 2720
142.45 0.0 511256.6554368438 510687.7754368438 2849
205.25 0.0 478227.26966297283 477658.3896629728 4105
228.8 0.0 475174.58341395593 474605.7034139559 4576
257.95 0.0 368765.5454367874 368196.6654367874 5159
265.8 0.0 367421.95027511194 366853.07027511194 5316
273.55 0.0 357768.85415140935 357199.97415140935 5471
287.7 0.0 315501.6696278463 314932.7896278463 5754
303.4 0.0 305645.6836216309 305076.8036216309 6068
311.25 0.0 305478.13139834185 304909.25139834185 6225
334.8 0.0 303228.2602996973 302659.3802996973 6696
436.85 0.0 302605.7823812838 302036.9023812838 8737
453.8 0.0 294667.47725993214 294098.59725993214 9076
524.45 0.0 294544.3382953498 293975.4582953498 10489
530.35 0.0 290296.82255786564 289727.94255786564 10607
557.15 0.0 290141.44357543386 289572.56357543386 11143
668.75 0.0 290070.27081331343 289501.3908133134 13375
682.75 0.0 289991.80359192926 289422.92359192926 13655
706.95 0.0 289769.0537645492 289200.1737645492 14139
722.0 0.0 289629.997707046 289061.117707046 14440
742.25 0.0 289472.2930255074 288903.4130255074 14845
756.0 0.0 288925.22056423884 288356.34056423884 15120
816.25 0.0 288771.35028905177 288202.47028905177 16325
839.8 0.0 288751.7357186501 288182.8557186501 16796
844.55 0.0 288674.61213478463 288105.73213478463 16891
850.2 0.0 288651.60846143303 288082.728461433 17004
879.05 0.0 288576.48465590633 288007.6046559063 17581
910.45 0.0 288497.9548321294 287929.0748321294 18209
973.25 0.0 288483.8792648003 287914.9992648003 19465
988.95 0.0 288480.7173352627 287911.8373352627 19779
1053.3 0.0 288480.6087067034 287911.7287067034 21066
1067.45 0.0 288467.30469487177 287898.42469487176 21349
1106.7 0.0 288434.76594167354 287865.88594167354 22134
1302.95 0.0 288432.41108672903 287863.531086729 26059
1352.0 0.0 288432.2512026186 287863.3712026186 27040
1362.7 0.0 288431.7424950368 287862.8624950368 27254
1394.1 0.0 288431.6648811323 287862.7848811323 27882
1407.7 0.0 288431.02769017144 287862.14769017143 28154
1451.05 0.0 288430.95007626695 287862.07007626694 29021
