9.45 0.11475409836065574 614.189838700609 521.719838700609 189
15.8 0.11475409836065574 564.9173902065309 472.4473902065308 316
22.4 0.11475409836065574 564.8401565657679 472.37015656576784 448
30.7 0.11475409836065574 536.2216948815737 443.7516948815737 614
49.15 0.11475409836065574 482.00887271170814 389.5388727117081 983
102.75 0.11475409836065574 476.7681510630192 384.2981510630192 2055
111.55 0.13114754098360656 374.3835132225605 281.9135132225605 2231
132.55 0.13114754098360656 372.6098005363717 280.1398005363717 2651
148.65 0.13114754098360656 350.7806088028857 258.31060880288567 2973
205.25 0.13114754098360656 312.66217213248734 220.19217213248734 4105
237.35 0.13114754098360656 290.8346597251247 198.3646597251247 4747
252.25 0.13114754098360656 277.73581335941583 185.26581335941583 5045
305.85 0.14754098360655737 239.0938718857195 146.6238718857195 6117
320.75 0.14754098360655737 225.77212863008668 133.30212863008668 6415
437.9 0.14754098360655737 205.9745274708548 113.50452747085481 8758
796.2 0.14754098360655737 203.70018638964635 111.23018638964635 15924
817.2 0.14754098360655737 191.16589272504382 98.69589272504382 16344
881.3 0.14754098360655737 174.75068056365532 82.28068056365532 17626
1267.5 0.16393442622950818 157.06827296331278 64.59827296331278 25350
1842.7 0.16393442622950818 153.47206585977497 61.00206585977497 36854
2158.6 0.16393442622950818 147.0951405196426 54.6251405196426 43172
2791.2 0.16393442622950818 143.70969718166066 51.23969718166066 55824
2870.75 0.16393442622950818 142.95429755093818 50.48429755093818 57415
2886.5 0.16393442622950818 142.67170068612702 50.201700686127026 57730
3876.45 0.16393442622950818 131.58489918189528 39.11489918189528 77529
6508.25 0.16393442622950818 125.88595820777175 33.41595820777175 130165
7968.0 0.16393442622950818 121.14170937117694 28.671709371176945 159360
8229.7 0.16393442622950818 119.32568865659982 26.855688656599824 164594
