% fevals/dim | frac | F - F_opt (-147.9) | best fitness | fevals
1.25 0.2459016393442623 13.8008236288683 -134.0991763711317 25
29.05 0.2459016393442623 12.563631689299456 -135.33636831070055 581
40.75 0.2459016393442623 11.554066809118865 -136.34593319088114 815
62.65 0.26229508196721313 9.561617665607315 -138.3383823343927 1253
207.5 0.26229508196721313 6.634586147198377 -141.26541385280163 4150
442.35 0.26229508196721313 6.500439680681382 -141.39956031931862 8847
515.95 0.2786885245901639 5.824082188211804 -142.0759178117882 10319
563.65 0.2786885245901639 5.697743354602693 -142.2022566453973 11273
602.8 0.2786885245901639 5.543539642524081 -142.35646035747592 12056
711.95 0.2786885245901639 5.191032352705946 -142.70896764729406 14239
874.2 0.2786885245901639 4.6998488949446084 -143.2001511050554 17484
929.8 0.2786885245901639 4.556370846792333 -143.34362915320767 18596
943.4 0.2786885245901639 4.520178984928265 -143.37982101507174 18868
990.1 0.2786885245901639 4.156813986996866 -143.74318601300314 19802
1166.75 0.29508196721311475 3.773789482118218 -144.1262105178818 23335
1369.3 0.29508196721311475 3.1897996677325295 -144.71020033226748 27386
1789.25 0.29508196721311475 3.019710047603752 -144.88028995239625 35785
1801.3 0.29508196721311475 2.8712908332547897 -145.02870916674522 36026
2325.9 0.29508196721311475 2.843068794139043 -145.05693120586096 46518
2399.45 0.29508196721311475 2.6888603882476048 -145.2111396117524 47989
2508.1 0.3114754098360656 2.471036833180733 -145.42896316681927 50162
2520.3 0.3114754098360656 2.3307147171412907 -145.56928528285871 50406
3395.75 0.3114754098360656 2.2823001516834722 -145.61769984831653 67915
3528.35 0.3114754098360656 2.174964066792427 -145.72503593320758 70567
3725.65 0.3114754098360656 1.8314100105058913 -146.06858998949411 74513
4483.85 0.3114754098360656 1.7587415090813465 -146.14125849091866 89677
5320.05 0.3114754098360656 1.7560439649268176 -146.1439560350732 106401
6911.25 0.32786885245901637 1.4269411373693401 -146.47305886263067 138225
