4.9 0.19672131147540983 47.64479695052469 -51.60520304947531 98
8.35 0.19672131147540983 44.55969245989411 -54.69030754010589 167
81.15 0.19672131147540983 43.13307369112192 -56.11692630887808 1623
84.45 0.21311475409836064 33.78071225354361 -65.46928774645639 1689
173.35 0.21311475409836064 32.958638285194354 -66.29136171480565 3467
195.25 0.21311475409836064 31.749060360187897 -67.5009396398121 3905
201.15 0.21311475409836064 31.633973527365214 -67.61602647263479 4023
216.45 0.22950819672131148 22.1812450668306 -77.0687549331694 4329
219.15 0.22950819672131148 20.779442173975127 -78.47055782602487 4383
321.15 0.22950819672131148 20.348419791020802 -78.9015802089792 6423
399.45 0.22950819672131148 16.3367618951835 -82.9132381048165 7989
510.45 0.2459016393442623 15.418771239443885 -83.83122876055612 10209
531.15 0.2459016393442623 14.782412471621086 -84.46758752837891 10623
639.45 0.2459016393442623 13.052608083879448 -86.19739191612055 12789
747.45 0.2459016393442623 12.680552690821997 -86.569447309178 14949
795.45 0.2459016393442623 12.0908939521984 -87.1591060478016 15909
804.45 0.2459016393442623 11.765513536335177 -87.48448646366482 16089
885.45 0.2459016393442623 10.745175885344565 -88.50482411465543 17709
909.45 0.26229508196721313 8.689881292340175 -90.56011870765983 18189
930.45 0.26229508196721313 8.416083310046872 -90.83391668995313 18609
1323.45 0.26229508196721313 8.369859091547596 -90.8801409084524 26469
1781.75 0.26229508196721313 7.960456634307562 -91.28954336569244 35635
1844.75 0.26229508196721313 7.633556104104258 -91.61644389589574 36895
2123.75 0.26229508196721313 7.018863611343448 -92.23113638865655 42475
2222.75 0.26229508196721313 6.484025527092442 -92.76597447290756 44455
2276.75 0.2786885245901639 6.235759516835273 -93.01424048316473 45535
2603.75 0.2786885245901639 5.484486709098505 -93.7655132909015 52075
2628.45 0.2786885245901639 5.137446375909732 -94.11255362409027 52569
3005.75 0.2786885245901639 4.698150099488274 -94.55184990051173 60115
3192.45 0.2786885245901639 4.164992965511772 -95.08500703448823 63849
3222.45 0.29508196721311475 3.7199829949781105 -95.53001700502189 64449
3437.75 0.29508196721311475 3.69517234482025 -95.55482765517975 68755
3531.45 0.29508196721311475 3.2730597274183424 -95.97694027258166 70629
3747.45 0.29508196721311475 3.2602827426833443 -95.98971725731666 74949
4374.45 0.29508196721311475 3.0489021876153544 -96.20109781238465 87489
4409.3 0.29508196721311475 3.032171685722645 -96.21782831427736 88186
4481.15 0.29508196721311475 2.879508742581393 -96.3704912574186 89623
4484.15 0.29508196721311475 2.6297663855024354 -96.62023361449756 89683
4645.0 0.3114754098360656 2.3950136966922457 -96.85498630330775 92900
4709.15 0.3114754098360656 2.134859822621877 -97.11514017737812 94183
4952.15 0.3114754098360656 1.84297215156883 -97.40702784843117 99043
5240.15 0.3114754098360656 1.814161887634711 -97.43583811236529 104803
5371.0 0.32786885245901637 1.2783943548768946 -97.9716056451231 107420
5452.0 0.32786885245901637 1.0948066779944554 -98.15519332200554 109040
5656.0 0.3442622950819672 0.9108292353303113 -98.33917076466969 113120
5932.0 0.3442622950819672 0.8760490124201539 -98.37395098757985 118640
6866.55 0.3442622950819672 0.7476213022416687 -98.50237869775833 137331
8143.55 0.36065573770491804 0.5629661379421549 -98.68703386205785 162871
