13.35 0.04918032786885246 2635.997550524822 2499.237550524822 267
44.35 0.06557377049180328 1602.6141008710974 1465.8541008710974 887
47.0 0.08196721311475409 1196.5141593072779 1059.7541593072779 940
59.4 0.08196721311475409 1095.8589486823607 959.0989486823607 1188
62.75 0.11475409836065574 628.9215326435016 492.1615326435016 1255
75.6 0.11475409836065574 484.40542309233746 347.64542309233747 1512
81.1 0.14754098360655737 217.6920678738862 80.93206787388621 1622
95.75 0.19672131147540983 45.50839057350127 -91.25160942649872 1915
102.9 0.19672131147540983 45.39421642435053 -91.36578357564946 2058
108.75 0.22950819672131148 23.33887463070849 -113.4211253692915 2175
126.7 0.2786885245901639 4.128354119923301 -132.6316458800767 2534
148.45 0.29508196721311475 3.897931156141226 -132.86206884385876 2969
190.4 0.29508196721311475 3.89787278762887 -132.86212721237112 3808
196.15 0.29508196721311475 3.888016528081522 -132.87198347191847 3923
199.05 0.29508196721311475 3.646995068358706 -133.11300493164129 3981
206.15 0.29508196721311475 3.582006045623757 -133.17799395437623 4123
212.6 0.29508196721311475 3.5510034303394207 -133.20899656966057 4252
231.4 0.29508196721311475 3.389362449502869 -133.37063755049712 4628
253.5 0.29508196721311475 3.3381256401462736 -133.42187435985372 5070
260.0 0.29508196721311475 3.3257942601336765 -133.43420573986631 5200
273.2 0.29508196721311475 3.0494877749143825 -133.7105122250856 5464
332.55 0.29508196721311475 2.864756800718709 -133.89524319928128 6651
363.55 0.29508196721311475 2.845057980737522 -133.91494201926247 7271
375.45 0.29508196721311475 2.8036401640989084 -133.95635983590108 7509
385.4 0.29508196721311475 2.7984817618923046 -133.9615182381077 7708
405.5 0.29508196721311475 2.7787829419111176 -133.98121705808887 8110
416.7 0.29508196721311475 2.7399238104135577 -134.02007618958643 8334
420.95 0.29508196721311475 2.6224684538710505 -134.13753154612894 8419
