27.65 0.14754098360655737 196.30538279369318 129.9153827936932 553
50.55 0.14754098360655737 176.76553311882412 110.37553311882412 1011
65.6 0.16393442622950818 152.67992125471807 86.28992125471807 1312
82.7 0.16393442622950818 113.8113513722394 47.4213513722394 1654
88.0 0.18032786885245902 97.01754231717072 30.62754231717072 1760
117.0 0.18032786885245902 84.67370682257638 18.283706822576377 2340
142.6 0.18032786885245902 81.5283591680587 15.138359168058699 2852
157.6 0.18032786885245902 76.19340682929322 9.803406829293223 3152
166.55 0.19672131147540983 51.025431743967104 -15.364568256032896 3331
186.35 0.21311475409836064 25.501432302560012 -40.88856769743999 3727
244.2 0.22950819672131148 20.529011578178682 -45.86098842182132 4884
286.55 0.22950819672131148 17.469367236557744 -48.920632763442256 5731
313.95 0.2459016393442623 11.451645015759944 -54.93835498424006 6279
330.45 0.26229508196721313 9.66586047714351 -56.72413952285649 6609
