8.5 0.0 16174.624591695674 16037.864591695674 170
16.15 0.01639344262295082 9269.581143944872 9132.821143944871 323
20.8 0.01639344262295082 8678.585612581639 8541.825612581639 416
22.05 0.03278688524590164 5193.5724545341545 5056.812454534154 441
28.45 0.03278688524590164 5148.716825562696 5011.9568255626955 569
32.6 0.03278688524590164 4388.831806765073 4252.071806765073 652
35.15 0.06557377049180328 2242.531896718797 2105.7718967187966 703
39.1 0.06557377049180328 1717.1916186772858 1580.4316186772858 782
44.45 0.11475409836065574 628.2098945189429 491.44989451894287 889
58.9 0.13114754098360656 394.3836900727047 257.62369007270473 1178
66.25 0.13114754098360656 384.2762289312785 247.51622893127853 1325
75.3 0.18032786885245902 64.5687788044674 -72.19122119553259 1506
95.8 0.18032786885245902 63.849801810979315 -72.91019818902068 1916
99.35 0.18032786885245902 63.61352183570483 -73.14647816429516 1987
107.8 0.18032786885245902 63.60963839097367 -73.15036160902632 2156
109.95 0.2786885245901639 4.7731882231172165 -131.98681177688277 2199
128.7 0.2786885245901639 4.766640165430317 -131.99335983456967 2574
135.0 0.2786885245901639 4.584604574635819 -132.17539542536417 2700
140.75 0.2786885245901639 4.191050149943834 -132.56894985005616 2815
147.55 0.2786885245901639 4.039916833611585 -132.7200831663884 2951
162.8 0.2786885245901639 4.0197188684060166 -132.74028113159397 3256
170.9 0.29508196721311475 3.895299788849826 -132.86470021115016 3418
177.75 0.29508196721311475 3.530847125410588 -133.2291528745894 3555
207.75 0.29508196721311475 3.4585635765638187 -133.30143642343617 4155
224.3 0.29508196721311475 3.449217884140012 -133.31078211585998 4486
242.3 0.29508196721311475 3.3769343352932424 -133.38306566470675 4846
248.4 0.29508196721311475 3.2601081764229036 -133.4998918235771 4968
