11.9 0.14754098360655737 167.34119523976756 100.95119523976756 238
48.15 0.16393442622950818 148.0351785013174 81.6451785013174 963
98.3 0.16393442622950818 130.99652036333003 64.60652036333003 1966
114.4 0.18032786885245902 97.88545174966518 31.49545174966518 2288
131.3 0.18032786885245902 73.22499030947665 6.834990309476652 2626
143.85 0.18032786885245902 71.33031773957342 4.940317739573416 2877
153.3 0.18032786885245902 63.99874097391024 -2.391259026089763 3066
178.25 0.19672131147540983 60.564291705636386 -5.825708294363615 3565
185.2 0.19672131147540983 49.94221337987888 -16.44778662012112 3704
195.7 0.21311475409836064 30.704705979320877 -35.68529402067912 3914
216.15 0.22950819672131148 17.261398659451956 -49.128601340548045 4323
240.05 0.2459016393442623 10.245674165281201 -56.1443258347188 4801
