11.95 0.0 13933.082090020967 13796.322090020967 239
21.7 0.03278688524590164 5464.065351986804 5327.3053519868035 434
39.8 0.03278688524590164 5254.358770483097 5117.598770483097 796
41.9 0.04918032786885246 2979.604004449142 2842.8440044491417 838
48.7 0.04918032786885246 2540.8496581901763 2404.089658190176 974
50.55 0.11475409836065574 581.8524485416139 445.09244854161386 1011
79.65 0.11475409836065574 406.7318013008116 269.9718013008116 1593
90.75 0.14754098360655737 185.0745310558595 48.314531055859504 1815
97.7 0.19672131147540983 44.90164960843295 -91.85835039156704 1954
104.25 0.26229508196721313 9.243475033613237 -127.51652496638675 2085
122.1 0.2786885245901639 4.888207418783679 -131.8717925812163 2442
133.3 0.2786885245901639 4.6048014765312075 -132.15519852346878 2666
139.1 0.2786885245901639 4.419612645923081 -132.3403873540769 2782
198.6 0.2786885245901639 4.086781866328664 -132.67321813367133 3972
209.8 0.29508196721311475 3.8889682304411792 -132.8710317695588 4196
238.35 0.29508196721311475 3.4779280568352817 -133.2820719431647 4767
312.3 0.29508196721311475 3.234555330249208 -133.52544466975078 6246
401.65 0.29508196721311475 3.1812055393434377 -133.57879446065655 8033
410.75 0.29508196721311475 3.139163616671766 -133.62083638332822 8215
416.8 0.29508196721311475 3.1191756195836433 -133.64082438041635 8336
421.85 0.29508196721311475 3.0733935077912236 -133.68660649220877 8437
439.3 0.29508196721311475 3.056226837191275 -133.70377316280872 8786
450.2 0.29508196721311475 3.039341685432305 -133.7206583145677 9004
459.15 0.29508196721311475 2.9939212479753508 -133.76607875202464 9183
473.9 0.29508196721311475 2.937637298795721 -133.82236270120427 9478
488.05 0.29508196721311475 2.931529653880091 -133.8284703461199 9761
494.45 0.29508196721311475 2.9065301830245005 -133.8534698169755 9889
