10.6 0.06557377049180328 1644.3038799809162 1421.3238799809162 212
14.45 0.08196721311475409 1480.284556029086 1257.304556029086 289
15.85 0.08196721311475409 1438.56634484022 1215.58634484022 317
23.4 0.08196721311475409 1337.4861053592576 1114.5061053592576 468
36.4 0.08196721311475409 1300.9739978255136 1077.9939978255136 728
51.3 0.08196721311475409 1275.5361232626663 1052.5561232626662 1026
55.9 0.08196721311475409 1252.2756492620917 1029.2956492620917 1118
57.45 0.08196721311475409 1142.580786413619 919.6007864136191 1149
62.95 0.08196721311475409 1126.7683422436623 903.7883422436623 1259
107.55 0.08196721311475409 1034.5563260689023 811.5763260689023 2151
132.8 0.08196721311475409 1022.8862221241136 799.9062221241136 2656
145.5 0.09836065573770492 990.7256395608305 767.7456395608305 2910
162.2 0.09836065573770492 962.5931580491902 739.6131580491901 3244
220.85 0.09836065573770492 959.101987820609 736.121987820609 4417
235.6 0.09836065573770492 945.4533959694704 722.4733959694704 4712
239.2 0.09836065573770492 927.5585593470137 704.5785593470137 4784
261.55 0.09836065573770492 907.3405601028677 684.3605601028677 5231
282.0 0.09836065573770492 899.2553630684398 676.2753630684398 5640
302.3 0.09836065573770492 894.5729760404952 671.5929760404952 6046
308.9 0.09836065573770492 885.4548589996856 662.4748589996856 6178
320.65 0.09836065573770492 861.5541260026608 638.5741260026608 6413
339.85 0.09836065573770492 840.0842031772889 617.1042031772889 6797
357.0 0.09836065573770492 814.272967739339 591.292967739339 7140
370.9 0.09836065573770492 807.7533025266406 584.7733025266406 7418
374.65 0.09836065573770492 767.7979357921198 544.8179357921198 7493
427.25 0.09836065573770492 726.948212876776 503.96821287677597 8545
483.65 0.09836065573770492 725.2092497028194 502.2292497028194 9673
488.0 0.09836065573770492 714.2495560081004 491.2695560081004 9760
488.35 0.09836065573770492 706.5493552822064 483.5693552822064 9767
