33.9 0.0 13770.204212521574 13633.444212521574 678
40.65 0.0 11265.994762672628 11129.234762672628 813
50.35 0.03278688524590164 5522.435898813835 5385.6758988138345 1007
77.7 0.04918032786885246 2969.335609935636 2832.575609935636 1554
98.45 0.06557377049180328 1699.907018648713 1563.147018648713 1969
126.9 0.08196721311475409 1286.427534363392 1149.667534363392 2538
131.05 0.08196721311475409 1260.9211019757745 1124.1611019757745 2621
143.3 0.11475409836065574 628.9658867939518 492.2058867939518 2866
162.0 0.11475409836065574 485.89892704100276 349.1389270410028 3240
172.95 0.11475409836065574 470.4771130085032 333.7171130085032 3459
183.2 0.26229508196721313 7.083652585897909 -129.67634741410208 3664
203.3 0.2786885245901639 6.269062663330573 -130.49093733666942 4066
247.5 0.29508196721311475 3.855343073075204 -132.9046569269248 4950
346.6 0.29508196721311475 3.8496963847563563 -132.91030361524363 6932
373.65 0.29508196721311475 3.68453707392095 -133.07546292607904 7473
406.45 0.29508196721311475 3.6711145817816373 -133.08888541821835 8129
418.2 0.29508196721311475 3.6346287245177393 -133.12537127548225 8364
434.95 0.29508196721311475 3.5562725717655326 -133.20372742823446 8699
449.9 0.29508196721311475 3.5479758203877907 -133.2120241796122 8998
487.9 0.29508196721311475 3.4938959981265327 -133.26610400187346 9758
