12.5 0.0 21621.724665367175 21431.934665367175 250
15.15 0.0 21279.56720674957 21089.777206749568 303
19.1 0.0 13840.806282355976 13651.016282355975 382
26.15 0.01639344262295082 9970.81272928397 9781.02272928397 523
28.95 0.01639344262295082 8760.060841258372 8570.27084125837 579
33.9 0.01639344262295082 6690.38037598797 6500.59037598797 678
36.3 0.03278688524590164 5998.7129525767705 5808.9229525767705 726
43.3 0.03278688524590164 5730.354912650369 5540.5649126503695 866
49.8 0.03278688524590164 5420.988948967171 5231.198948967171 996
55.0 0.04918032786885246 3571.54439825037 3381.75439825037 1100
70.25 0.04918032786885246 3034.9575587719696 2845.1675587719697 1405
92.55 0.04918032786885246 2794.0697670535696 2604.2797670535697 1851
106.45 0.04918032786885246 2769.06608872717 2579.27608872717 2129
119.7 0.04918032786885246 2752.4272275047697 2562.6372275047697 2394
129.2 0.06557377049180328 2372.6864420839697 2182.8964420839698 2584
163.9 0.06557377049180328 2364.0308816263696 2174.2408816263696 3278
169.8 0.06557377049180328 2292.890524413569 2103.100524413569 3396
177.65 0.06557377049180328 2185.111155955969 1995.321155955969 3553
180.35 0.06557377049180328 2154.3121376231693 1964.5221376231693 3607
194.55 0.06557377049180328 2112.262753738369 1922.4727537383692 3891
201.6 0.06557377049180328 2046.5327691655696 1856.7427691655696 4032
210.7 0.06557377049180328 2004.4833852807694 1814.6933852807695 4214
220.85 0.06557377049180328 1947.4089611655697 1757.6189611655698 4417
