17.4 0.0 33674.35117222797 33484.56117222797 348
24.1 0.0 23983.369098979972 23793.57909897997 482
28.25 0.0 18145.40582474637 17955.615824746368 565
34.3 0.0 14494.462219725574 14304.672219725573 686
44.85 0.0 11955.939605795971 11766.14960579597 897
46.6 0.01639344262295082 7080.70537734157 6890.91537734157 932
62.85 0.03278688524590164 5224.2488003463695 5034.45880034637 1257
71.8 0.03278688524590164 4179.563846835969 3989.7738468359694 1436
79.55 0.04918032786885246 3671.27102473677 3481.48102473677 1591
91.3 0.04918032786885246 3311.20835440077 3121.41835440077 1826
98.55 0.04918032786885246 2817.4016479399693 2627.6116479399693 1971
110.3 0.04918032786885246 2768.1823590023696 2578.3923590023696 2206
113.95 0.04918032786885246 2702.35932502157 2512.56932502157 2279
118.6 0.06557377049180328 1811.80829373517 1622.0182937351701 2372
123.4 0.08196721311475409 1280.8516142151689 1091.061614215169 2468
157.2 0.08196721311475409 1258.5065552519693 1068.7165552519693 3144
163.9 0.09836065573770492 790.8601330791689 601.070133079169 3278
166.9 0.09836065573770492 734.238801005569 544.4488010055691 3338
210.15 0.09836065573770492 726.9531271559694 537.1631271559694 4203
230.05 0.09836065573770492 707.6372038535692 517.8472038535692 4601
238.85 0.09836065573770492 669.2010754695692 479.41107546956925 4777
242.3 0.11475409836065574 612.1706352775692 422.38063527756924 4846
249.75 0.11475409836065574 505.2850213255691 315.49502132556916 4995
264.4 0.11475409836065574 446.49129335116913 256.70129335116917 5288
270.1 0.11475409836065574 436.40367735116905 246.61367735116906 5402
290.0 0.11475409836065574 406.20550796876915 216.41550796876916 5800
303.05 0.11475409836065574 400.24121332556905 210.45121332556906 6061
315.35 0.13114754098360656 382.4172506503691 192.62725065036912 6307
317.1 0.13114754098360656 360.42509187916914 170.63509187916915 6342
321.4 0.13114754098360656 271.445494336769 81.65549433676901 6428
346.4 0.14754098360655737 230.47572903756904 40.68572903756905 6928
382.55 0.14754098360655737 213.836867815169 24.04686781516901 7651
