15.95 0.0 15008.674413153001 14871.914413153001 319
32.85 0.01639344262295082 8501.181393976698 8364.421393976698 657
39.1 0.01639344262295082 7807.902765564365 7671.142765564365 782
45.0 0.03278688524590164 4375.47533541525 4238.71533541525 900
59.2 0.03278688524590164 3999.558317638387 3862.798317638387 1184
67.8 0.08196721311475409 1112.5916482156272 975.8316482156272 1356
89.1 0.09836065573770492 665.6693560678646 528.9093560678646 1782
101.25 0.11475409836065574 534.4388633250834 397.6788633250834 2025
110.85 0.13114754098360656 278.00260856355743 141.24260856355744 2217
139.0 0.14754098360655737 185.8017962277489 49.041796227748904 2780
158.75 0.26229508196721313 6.756294121593726 -130.00370587840627 3175
166.8 0.2786885245901639 4.7492074759090315 -132.01079252409096 3336
180.35 0.2786885245901639 4.637721431676852 -132.12227856832314 3607
190.55 0.2786885245901639 4.356785383370578 -132.4032146166294 3811
201.8 0.29508196721311475 3.9562650979464706 -132.80373490205352 4036
216.85 0.29508196721311475 3.7263612306873313 -133.03363876931266 4337
222.55 0.29508196721311475 3.605231595904968 -133.15476840409502 4451
292.9 0.29508196721311475 3.3021567481665954 -133.4578432518334 5858
402.0 0.29508196721311475 3.2306669536384334 -133.52933304636156 8040
449.85 0.29508196721311475 3.1645480454716335 -133.59545195452836 8997
