47.1 0.14754098360655737 192.3784065560541 125.9884065560541 942
55.35 0.14754098360655737 187.16101901330657 120.77101901330657 1107
66.0 0.14754098360655737 171.21823921839345 104.82823921839345 1320
86.75 0.14754098360655737 162.52905285179457 96.13905285179457 1735
112.1 0.16393442622950818 141.72116785837537 75.33116785837537 2242
135.4 0.16393442622950818 126.54087983567221 60.150879835672214 2708
141.55 0.16393442622950818 126.30872861366487 59.91872861366487 2831
156.15 0.18032786885245902 88.10347173070781 21.71347173070781 3123
182.85 0.18032786885245902 79.59568235236779 13.205682352367788 3657
200.65 0.18032786885245902 76.251586284907 9.861586284907006 4013
240.3 0.18032786885245902 74.77606762512653 8.386067625126529 4806
251.55 0.18032786885245902 67.38161467747273 0.9916146774727252 5031
259.8 0.19672131147540983 56.14890233358013 -10.241097666419869 5196
294.8 0.19672131147540983 49.895703808722615 -16.494296191277385 5896
388.95 0.19672131147540983 45.66877017701435 -20.72122982298565 7779
411.55 0.19672131147540983 41.58397759723486 -24.806022402765137 8231
417.55 0.21311475409836064 32.098970001339076 -34.291029998660925 8351
