10.45 0.0 11973.771003439866 11828.191003439866 209
16.4 0.03278688524590164 5041.877763591259 4896.297763591259 328
26.8 0.03278688524590164 4081.3952013710473 3935.8152013710474 536
31.6 0.04918032786885246 3509.054363023837 3363.474363023837 632
35.75 0.04918032786885246 2840.995984347072 2695.415984347072 715
40.8 0.06557377049180328 1853.4400867203872 1707.8600867203872 816
42.0 0.06557377049180328 1774.2390491494345 1628.6590491494346 840
47.45 0.11475409836065574 479.32796173119516 333.7479617311951 949
52.45 0.13114754098360656 350.6529225794661 205.0729225794661 1049
60.9 0.19672131147540983 60.09728878801427 -85.48271121198574 1218
87.5 0.19672131147540983 59.75189946750487 -85.82810053249514 1750
93.05 0.2786885245901639 4.710526540831864 -140.86947345916815 1861
103.5 0.2786885245901639 4.2853054314266785 -141.29469456857333 2070
124.15 0.2786885245901639 4.043888964619953 -141.53611103538006 2483
147.15 0.29508196721311475 3.878102759166609 -141.7018972408334 2943
176.95 0.29508196721311475 3.8387714428557445 -141.74122855714427 3539
197.95 0.29508196721311475 3.8129092409605505 -141.76709075903946 3959
207.45 0.29508196721311475 3.557219109956378 -142.02278089004363 4149
218.45 0.29508196721311475 3.541714739286192 -142.03828526071382 4369
251.45 0.29508196721311475 3.5131271812472846 -142.06687281875273 5029
259.8 0.29508196721311475 3.5006153094217893 -142.07938469057822 5196
274.25 0.29508196721311475 3.412759253618333 -142.16724074638168 5485
280.15 0.29508196721311475 3.3023209509555613 -142.27767904904445 5603
