100.1 0.06557377049180328 1645.6834003183099 1422.7034003183098 2002
150.85 0.08196721311475409 1547.771502870349 1324.791502870349 3017
176.6 0.08196721311475409 1377.666047989698 1154.686047989698 3532
203.05 0.08196721311475409 1301.1353942442513 1078.1553942442513 4061
220.2 0.08196721311475409 1243.363680470112 1020.383680470112 4404
250.15 0.08196721311475409 1223.3048204630531 1000.3248204630531 5003
263.55 0.08196721311475409 1178.4284524291363 955.4484524291363 5271
322.75 0.08196721311475409 1128.1410691606288 905.1610691606288 6455
330.6 0.08196721311475409 1027.3746165076834 804.3946165076834 6612
393.2 0.09836065573770492 957.7124783069713 734.7324783069713 7864
458.15 0.09836065573770492 956.6249724166851 733.644972416685 9163
484.7 0.09836065573770492 944.9882551829712 722.0082551829712 9694
