12.05 0.0 33494.96340467917 33305.17340467917 241
22.5 0.0 25543.572396746375 25353.782396746374 450
26.65 0.0 10305.405790599174 10115.615790599173 533
27.9 0.01639344262295082 9326.061016295169 9136.271016295168 558
35.2 0.01639344262295082 9048.185089629571 8858.39508962957 704
40.9 0.01639344262295082 6727.894315261571 6538.104315261571 818
55.65 0.03278688524590164 6034.705619760771 5844.915619760771 1113
67.95 0.03278688524590164 4908.6218348967695 4718.83183489677 1359
85.15 0.03278688524590164 4877.40046750477 4687.61046750477 1703
88.6 0.03278688524590164 4776.298131607169 4586.508131607169 1772
93.4 0.04918032786885246 3759.1922196391706 3569.4022196391707 1868
106.9 0.04918032786885246 2779.3379970919696 2589.5479970919696 2138
124.1 0.04918032786885246 2760.1451685639695 2570.3551685639695 2482
126.4 0.06557377049180328 2297.379445114369 2107.589445114369 2528
139.7 0.06557377049180328 2037.1615720903692 1847.3715720903692 2794
153.55 0.06557377049180328 1796.2593897927693 1606.4693897927693 3071
157.65 0.08196721311475409 1518.350371335169 1328.560371335169 3153
169.35 0.09836065573770492 954.0166875399694 764.2266875399695 3387
191.8 0.09836065573770492 826.0486099559694 636.2586099559694 3836
201.55 0.09836065573770492 803.1845151367693 613.3945151367693 4031
249.4 0.11475409836065574 617.5508941543694 427.76089415436945 4988
263.95 0.11475409836065574 579.6691262695692 389.87912626956927 5279
282.35 0.11475409836065574 496.38097135756914 306.5909713575692 5647
304.1 0.11475409836065574 433.2442807975691 243.4542807975691 6082
317.4 0.11475409836065574 429.95741895756913 240.16741895756914 6348
329.0 0.13114754098360656 378.24905455436914 188.45905455436915 6580
331.7 0.13114754098360656 368.64604456076904 178.85604456076905 6634
351.3 0.13114754098360656 366.8207283975691 177.0307283975691 7026
406.15 0.13114754098360656 357.217718403969 167.427718403969 8123
