11.6 0.0 33185.75817603917 32995.96817603917 232
21.05 0.0 20647.720141162372 20457.93014116237 421
24.4 0.0 18008.109276653573 17818.319276653572 488
32.25 0.0 10291.778500672766 10101.988500672765 645
43.0 0.03278688524590164 4533.037127392769 4343.2471273927695 860
54.55 0.04918032786885246 2895.7460641799694 2705.9560641799694 1091
73.5 0.06557377049180328 2306.6006312615696 2116.8106312615696 1470
86.85 0.06557377049180328 1864.632291699969 1674.842291699969 1737
99.95 0.06557377049180328 1802.3123109479686 1612.5223109479687 1999
107.05 0.06557377049180328 1731.7400190279695 1541.9500190279696 2141
113.95 0.06557377049180328 1602.6816844039693 1412.8916844039693 2279
119.65 0.08196721311475409 1104.0496803079693 914.2596803079693 2393
140.7 0.09836065573770492 734.2873083111687 544.4973083111687 2814
168.55 0.09836065573770492 702.6341166151691 512.8441166151691 3371
180.35 0.09836065573770492 680.4386446439692 490.6486446439692 3607
184.0 0.11475409836065574 626.0644118599691 436.2744118599692 3680
185.8 0.11475409836065574 470.8232103591689 281.03321035916895 3716
192.25 0.13114754098360656 309.38417909836903 119.59417909836904 3845
263.85 0.14754098360655737 247.51550402956886 57.72550402956887 5277
267.7 0.14754098360655737 224.044954461569 34.254954461569014 5354
313.0 0.14754098360655737 213.836867815169 24.04686781516901 6260
344.45 0.14754098360655737 172.78200272396901 -17.007997276030977 6889
359.2 0.16393442622950818 156.14314150156895 -33.646858498431044 7184
