17.1 0.0 11712.679195409233 11575.919195409233 342
22.55 0.03278688524590164 6198.79960062337 6062.03960062337 451
31.7 0.04918032786885246 3098.6648804074666 2961.9048804074664 634
37.55 0.08196721311475409 1313.6688314280022 1176.9088314280023 751
51.45 0.09836065573770492 751.6742279368896 614.9142279368896 1029
57.8 0.11475409836065574 487.24814367202106 350.48814367202107 1156
63.6 0.2786885245901639 6.283806923464226 -130.47619307653576 1272
66.35 0.2786885245901639 6.257119176562611 -130.50288082343738 1327
103.7 0.2786885245901639 4.1907334914955925 -132.5692665085044 2074
135.7 0.29508196721311475 3.9614983001663404 -132.79850169983365 2714
150.55 0.29508196721311475 3.8740401537440334 -132.88595984625596 3011
160.35 0.29508196721311475 3.8529569480188 -132.9070430519812 3207
163.6 0.29508196721311475 3.5766414778292415 -133.18335852217075 3272
193.25 0.29508196721311475 3.393921414572816 -133.36607858542718 3865
221.6 0.29508196721311475 3.3046179951892043 -133.4553820048108 4432
234.25 0.29508196721311475 3.280967001991627 -133.47903299800836 4685
238.5 0.29508196721311475 3.2386287742362185 -133.52137122576377 4770
270.1 0.29508196721311475 3.1891362984549403 -133.57086370154505 5402
282.8 0.29508196721311475 3.1725268161521 -133.5874731838479 5656
285.9 0.29508196721311475 3.1267447043596803 -133.6332552956403 5718
304.85 0.29508196721311475 3.014489099146175 -133.74551090085382 6097
329.15 0.29508196721311475 3.0137134960763206 -133.74628650392367 6583
340.4 0.29508196721311475 2.9192736282151657 -133.84072637178483 6808
358.9 0.29508196721311475 2.910222472116658 -133.84977752788333 7178
373.5 0.29508196721311475 2.82726533017086 -133.93273466982913 7470
381.6 0.29508196721311475 2.8182141740723523 -133.94178582592764 7632
406.2 0.29508196721311475 2.8094580480698994 -133.9505419519301 8124
