% fevals/dim | frac | F - F_opt (-16.94) | best fitness | fevals
3.05 0.18032786885245902 81.60858584225052 64.66858584225052 61
14.55 0.18032786885245902 65.01806408349466 48.07806408349467 291
21.1 0.19672131147540983 56.81349865489122 39.87349865489122 422
40.5 0.19672131147540983 42.50378096763032 25.56378096763032 810
60.5 0.19672131147540983 41.016787709953206 24.076787709953205 1210
65.3 0.21311475409836064 37.17664019929595 20.23664019929595 1306
68.55 0.21311475409836064 28.85571705060743 11.91571705060743 1371
90.65 0.21311475409836064 27.105232369591235 10.165232369591234 1813
111.1 0.21311475409836064 27.070240302523107 10.130240302523106 2222
136.05 0.21311475409836064 25.406238343949887 8.466238343949886 2721
141.85 0.22950819672131148 21.4752032983988 4.535203298398798 2837
174.5 0.22950819672131148 21.3236265477698 4.383626547769797 3490
188.4 0.22950819672131148 17.34024196627478 0.4002419662747805 3768
198.35 0.22950819672131148 16.769064846368142 -0.1709351536318593 3967
269.1 0.22950819672131148 16.549726259623267 -0.3902737403767347 5382
300.4 0.2459016393442623 15.423253837172751 -1.5167461628272498 6008
309.7 0.2459016393442623 14.172266380204432 -2.7677336197955693 6194
313.6 0.2459016393442623 13.360347367718106 -3.5796526322818956 6272
368.5 0.2459016393442623 13.216030101049906 -3.723969898950095 7370
392.7 0.2459016393442623 11.682478866491433 -5.257521133508568 7854
399.95 0.26229508196721313 9.26842655837363 -7.6715734416263714 7999
