5.4 0.2459016393442623 12.363658596612197 59.7536585966122 108
9.3 0.2459016393442623 11.556296662601234 58.946296662601235 186
11.8 0.2459016393442623 11.02717670442216 58.41717670442216 236
13.9 0.2459016393442623 10.350337764084834 57.740337764084835 278
20.15 0.26229508196721313 8.79890789560315 56.18890789560315 403
23.4 0.26229508196721313 8.428985534606902 55.8189855346069 468
34.2 0.26229508196721313 7.2028587656656455 54.592858765665646 684
36.5 0.26229508196721313 6.896720613035512 54.28672061303551 730
45.0 0.2786885245901639 6.192485036956832 53.58248503695683 900
62.0 0.2786885245901639 5.597164922298859 52.98716492229886 1240
76.65 0.2786885245901639 4.867731778424869 52.25773177842487 1533
79.8 0.2786885245901639 4.649328117361392 52.03932811736139 1596
110.0 0.2786885245901639 4.204330888360332 51.59433088836033 2200
115.25 0.2786885245901639 4.188138999281271 51.57813899928127 2305
120.6 0.2786885245901639 4.160318072959107 51.55031807295911 2412
134.05 0.29508196721311475 3.7256408331414193 51.11564083314142 2681
166.1 0.29508196721311475 3.614058458335073 51.004058458335074 3322
172.5 0.29508196721311475 3.111068488536418 50.50106848853642 3450
207.35 0.29508196721311475 3.0561316659438944 50.446131665943895 4147
237.75 0.29508196721311475 2.800593336548957 50.19059333654896 4755
261.85 0.29508196721311475 2.7319038758755454 50.121903875875546 5237
319.2 0.29508196721311475 2.6373662301851297 50.02736623018513 6384
414.25 0.3114754098360656 2.041202763071311 49.43120276307131 8285
438.25 0.3114754098360656 1.6888617924182583 49.07886179241826 8765
