5.0 0.21311475409836064 31.006370008779562 -8.423629991220437 100
7.35 0.21311475409836064 27.654398974364046 -11.775601025635954 147
18.95 0.22950819672131148 24.117763230952903 -15.312236769047097 379
22.65 0.22950819672131148 15.96670668276283 -23.46329331723717 453
51.9 0.2459016393442623 11.301524560381914 -28.128475439618086 1038
70.15 0.26229508196721313 9.354001881682233 -30.075998118317766 1403
89.45 0.26229508196721313 8.55474341812161 -30.87525658187839 1789
97.9 0.26229508196721313 7.402135466062276 -32.02786453393772 1958
119.3 0.26229508196721313 7.199282598419501 -32.2307174015805 2386
122.05 0.2786885245901639 6.092519264853827 -33.33748073514617 2441
157.1 0.2786885245901639 5.788154619506173 -33.64184538049383 3142
165.85 0.2786885245901639 5.754627134877829 -33.67537286512217 3317
179.15 0.2786885245901639 5.743566486285481 -33.68643351371452 3583
183.5 0.2786885245901639 4.968086626740565 -34.461913373259435 3670
198.0 0.2786885245901639 4.397825761727788 -35.03217423827221 3960
205.8 0.29508196721311475 3.85298754695156 -35.57701245304844 4116
243.05 0.29508196721311475 3.8097158191470584 -35.62028418085294 4861
244.85 0.29508196721311475 3.3682757846840303 -36.06172421531597 4897
261.65 0.29508196721311475 2.9820707535811906 -36.44792924641881 5233
299.45 0.29508196721311475 2.8406787966114635 -36.589321203388536 5989
322.35 0.29508196721311475 2.82188054586895 -36.60811945413105 6447
328.15 0.29508196721311475 2.5635782832942127 -36.86642171670579 6563
340.7 0.3114754098360656 2.4372242743738113 -36.99277572562619 6814
355.8 0.3114754098360656 2.3808222719182695 -37.04917772808173 7116
363.0 0.3114754098360656 2.370188459381268 -37.05981154061873 7260
385.5 0.3114754098360656 2.240535158651774 -37.189464841348226 7710
401.9 0.3114754098360656 2.182910236672953 -37.24708976332705 8038
408.85 0.3114754098360656 2.15091624892176 -37.27908375107824 8177
416.15 0.3114754098360656 2.00169250266039 -37.42830749733961 8323
420.95 0.3114754098360656 1.9794671120622667 -37.45053288793773 8419
