7.7 0.22950819672131148 17.640165717523452 50.340165717523455 154
24.45 0.22950819672131148 15.866930313553084 48.56693031355309 489
30.4 0.2459016393442623 13.137777283184548 45.83777728318455 608
36.65 0.2459016393442623 12.967124716395858 45.66712471639586 733
40.3 0.2459016393442623 12.83252941945969 45.53252941945969 806
43.3 0.2459016393442623 11.926459495935084 44.62645949593509 866
46.25 0.26229508196721313 9.566206760357787 42.26620676035779 925
50.8 0.26229508196721313 8.868114773154467 41.56811477315447 1016
69.75 0.26229508196721313 8.25259419422136 40.95259419422136 1395
77.4 0.26229508196721313 7.857919287651569 40.55791928765157 1548
84.2 0.26229508196721313 6.863327846765451 39.56332784676545 1684
91.15 0.2786885245901639 6.288180968275697 38.9881809682757 1823
107.15 0.2786885245901639 6.16827401870794 38.86827401870794 2143
109.65 0.2786885245901639 5.9111895263211025 38.611189526321105 2193
125.9 0.2786885245901639 5.643119320505981 38.343119320505984 2518
137.8 0.2786885245901639 5.617452673953025 38.31745267395303 2756
154.7 0.2786885245901639 5.317603569629377 38.01760356962938 3094
164.6 0.2786885245901639 5.249235792512081 37.949235792512084 3292
173.2 0.2786885245901639 5.128678550592461 37.828678550592464 3464
184.05 0.2786885245901639 5.050098001115096 37.7500980011151 3681
188.55 0.2786885245901639 4.914187953087762 37.614187953087765 3771
202.45 0.2786885245901639 4.769838649100031 37.46983864910003 4049
223.25 0.2786885245901639 4.733617682718098 37.4336176827181 4465
243.2 0.2786885245901639 4.729500022496161 37.429500022496164 4864
245.05 0.2786885245901639 4.526357476473173 37.226357476473176 4901
271.0 0.2786885245901639 4.467940804836125 37.16794080483613 5420
280.85 0.2786885245901639 4.39257685205439 37.09257685205439 5617
