15.25 0.0 33894.19019302798 33704.40019302798 305
62.85 0.0 29524.913316071168 29335.123316071167 1257
87.8 0.0 21935.65343264717 21745.86343264717 1756
113.6 0.0 16804.441773696773 16614.651773696773 2272
147.3 0.0 13632.014490672775 13442.224490672774 2946
182.2 0.0 13386.997737936768 13197.207737936767 3644
207.75 0.0 10522.478937664768 10332.688937664767 4155
241.2 0.01639344262295082 7557.581354010368 7367.791354010368 4824
318.8 0.01639344262295082 7188.884435642369 6999.094435642369 6376
338.05 0.01639344262295082 6716.21560703117 6526.42560703117 6761
350.4 0.03278688524590164 5523.21516036237 5333.42516036237 7008
362.45 0.04918032786885246 3774.1944305383695 3584.4044305383695 7249
406.55 0.04918032786885246 2802.447389431169 2612.657389431169 8131
