% fevals/dim | frac | F - F_opt (-16.94) | best fitness | fevals
3.05 0.18032786885245902 81.60858584225052 64.66858584225052 61
7.2 0.19672131147540983 61.92844191698987 44.98844191698987 144
10.7 0.19672131147540983 48.991199175028925 32.05119917502893 214
14.8 0.19672131147540983 40.04515328677798 23.10515328677798 296
21.05 0.21311475409836064 36.22076062632544 19.280760626325442 421
26.5 0.21311475409836064 28.906432107725422 11.96643210772542 530
46.15 0.22950819672131148 24.40773690176201 7.467736901762009 923
62.5 0.22950819672131148 24.16755002464809 7.227550024648089 1250
66.55 0.22950819672131148 21.423071204036965 4.483071204036964 1331
88.55 0.22950819672131148 19.733053307023802 2.7930533070238006 1771
99.0 0.22950819672131148 18.974063932011035 2.0340639320110334 1980
124.9 0.22950819672131148 16.301423736921674 -0.6385762630783276 2498
128.4 0.22950819672131148 16.1805735554402 -0.7594264445598 2568
172.85 0.22950819672131148 15.980219682531642 -0.9597803174683595 3457
198.4 0.2459016393442623 15.200893075238282 -1.7391069247617192 3968
232.8 0.2459016393442623 14.458431994306846 -2.4815680056931555 4656
299.05 0.2459016393442623 12.226372633281207 -4.713627366718795 5981
400.9 0.2459016393442623 12.184791800488988 -4.755208199511014 8018
431.6 0.2459016393442623 10.778087359293721 -6.16191264070628 8632
