% fevals/dim | frac | F - F_opt (-16.94) | best fitness | fevals
3.05 0.18032786885245902 81.60858584225052 64.66858584225052 61
6.55 0.18032786885245902 79.29692685619104 62.35692685619104 131
18.95 0.18032786885245902 64.37605450453117 47.43605450453117 379
22.5 0.19672131147540983 53.86969354594903 36.929693545949036 450
37.65 0.19672131147540983 48.83091857165869 31.89091857165869 753
39.5 0.19672131147540983 42.652583423267025 25.712583423267024 790
51.3 0.21311475409836064 34.29927710578655 17.35927710578655 1026
79.5 0.21311475409836064 30.86292920603352 13.922929206033519 1590
85.1 0.21311475409836064 26.93999277567814 9.999992775678137 1702
110.15 0.21311475409836064 26.7470905044987 9.8070905044987 2203
114.8 0.22950819672131148 24.636097791309762 7.696097791309761 2296
124.35 0.22950819672131148 22.960148996507947 6.020148996507945 2487
136.3 0.22950819672131148 22.29834508637295 5.35834508637295 2726
153.45 0.22950819672131148 21.011480680219947 4.0714806802199455 3069
173.8 0.22950819672131148 18.19021130579454 1.25021130579454 3476
224.35 0.22950819672131148 17.254915876483643 0.31491587648364217 4487
243.1 0.2459016393442623 14.906427785834605 -2.033572214165396 4862
270.25 0.2459016393442623 13.845589338870113 -3.0944106611298885 5405
390.6 0.2459016393442623 11.17635458880708 -5.763645411192922 7812
459.65 0.2459016393442623 10.411128770179147 -6.528871229820854 9193
