% fevals/dim | frac | F - F_opt (-568.88) | best fitness | fevals
2.85 0.0 4569104.467545462 4568535.587545462 57
8.25 0.0 1714583.5025801056 1714014.6225801057 165
14.1 0.0 1450837.851294213 1450268.971294213 282
19.55 0.0 1174041.5434072562 1173472.6634072564 391
37.75 0.0 1061244.3090763232 1060675.4290763233 755
41.65 0.0 433758.65138358396 433189.77138358395 833
57.25 0.0 398398.61943277525 397829.73943277524 1145
64.85 0.0 347724.31374164927 347155.43374164926 1297
104.95 0.0 347676.9355885281 347108.0555885281 2099
123.25 0.0 336694.5002008327 336125.6202008327 2465
124.8 0.0 320896.8940222924 320328.0140222924 2496
132.15 0.0 315815.7349913145 315246.85499131447 2643
159.15 0.0 307929.5429861672 307360.6629861672 3183
177.7 0.0 304099.3674421242 303530.48744212417 3554
181.45 0.0 300599.6035272015 300030.7235272015 3629
188.65 0.0 296224.5994643718 295655.7194643718 3773
197.3 0.0 296132.147662723 295563.26766272297 3946
202.25 0.0 294441.92698110477 293873.04698110477 4045
206.9 0.0 290757.14675944863 290188.2667594486 4138
211.7 0.0 290204.11974927183 289635.23974927183 4234
251.35 0.0 289562.2222038789 288993.3422038789 5027
272.95 0.0 289500.1354375483 288931.2554375483 5459
281.75 0.0 289336.4959496707 288767.61594967067 5635
294.5 0.0 288819.70957568614 288250.82957568613 5890
300.75 0.0 288723.26594164444 288154.38594164443 6015
341.0 0.0 288703.70757947 288134.82757947 6820
351.85 0.0 288702.4064531183 288133.5264531183 7037
