11.2 0.01639344262295082 9220.07970305122 9083.31970305122 224
14.85 0.01639344262295082 6535.816960326411 6399.056960326411 297
23.8 0.03278688524590164 4525.87452752592 4389.11452752592 476
32.2 0.04918032786885246 2755.9683784842764 2619.208378484276 644
34.9 0.06557377049180328 1740.679438572538 1603.919438572538 698
43.75 0.11475409836065574 411.43764480476443 274.67764480476444 875
46.45 0.16393442622950818 134.41389923981447 -2.3461007601855215 929
55.7 0.22950819672131148 22.643151308585516 -114.11684869141448 1114
83.55 0.2786885245901639 4.821437734568633 -131.93856226543136 1671
89.85 0.2786885245901639 4.551849270652468 -132.20815072934752 1797
94.75 0.2786885245901639 4.176114160709147 -132.58388583929084 1895
101.35 0.29508196721311475 3.975913016566153 -132.78408698343384 2027
113.35 0.29508196721311475 3.8115414339830522 -132.94845856601694 2267
118.7 0.29508196721311475 3.6882457782275253 -133.07175422177247 2374
122.95 0.29508196721311475 3.448771617359739 -133.31122838264025 2459
124.8 0.29508196721311475 3.4158412000743397 -133.34415879992565 2496
141.85 0.29508196721311475 3.3693956471364572 -133.39060435286353 2837
167.25 0.29508196721311475 3.3534496059790797 -133.4065503940209 3345
171.75 0.29508196721311475 3.33339177706182 -133.42660822293817 3435
186.25 0.29508196721311475 3.3070040530411973 -133.4529959469588 3725
186.35 0.29508196721311475 3.1816482227039558 -133.57835177729604 3727
196.05 0.29508196721311475 3.119256628608696 -133.6407433713913 3921
231.3 0.29508196721311475 3.0658606139952553 -133.69413938600474 4626
