% fevals/dim | frac | F - F_opt (92.94) | best fitness | fevals
1.7 0.08196721311475409 1212.2255932630094 1305.1655932630094 34
2.95 0.08196721311475409 1005.9294660119454 1098.8694660119454 59
5.15 0.09836065573770492 891.7962272604268 984.7362272604269 103
9.8 0.09836065573770492 649.5337096610897 742.4737096610897 196
12.35 0.11475409836065574 436.6804510710843 529.6204510710843 247
12.8 0.13114754098360656 295.78756965020824 388.72756965020824 256
22.35 0.13114754098360656 279.26576147378034 372.20576147378034 447
23.75 0.14754098360655737 247.1946714859243 340.1346714859243 475
31.65 0.14754098360655737 218.20768810924727 311.14768810924727 633
35.55 0.14754098360655737 191.3098839261715 284.2498839261715 711
36.5 0.14754098360655737 167.87481819887046 260.81481819887046 730
51.1 0.16393442622950818 111.9665488663494 204.9065488663494 1022
57.85 0.16393442622950818 103.42074210239127 196.36074210239127 1157
65.45 0.16393442622950818 102.56961759756564 195.50961759756564 1309
72.9 0.18032786885245902 80.61821708701149 173.55821708701149 1458
83.45 0.18032786885245902 72.33937863473466 165.27937863473466 1669
94.0 0.18032786885245902 64.51507253764763 157.45507253764762 1880
110.85 0.19672131147540983 58.221261814376845 151.16126181437684 2217
118.55 0.19672131147540983 43.379684513706906 136.3196845137069 2371
128.6 0.21311475409836064 35.88697391626033 128.82697391626033 2572
213.65 0.21311475409836064 34.62232706551839 127.56232706551839 4273
217.2 0.21311475409836064 31.170331303667865 124.11033130366786 4344
221.5 0.21311475409836064 28.945879204845397 121.8858792048454 4430
248.2 0.21311475409836064 27.916315943136055 120.85631594313605 4964
