% fevals/dim | frac | F - F_opt (92.94) | best fitness | fevals
2.6 0.09836065573770492 829.4094926283183 922.3494926283183 52
8.25 0.09836065573770492 765.6913479861907 858.6313479861908 165
17.15 0.09836065573770492 706.2040357470535 799.1440357470535 343
19.3 0.11475409836065574 457.7109218105689 550.6509218105689 386
36.3 0.13114754098360656 363.02378235998816 455.96378235998816 726
54.05 0.14754098360655737 203.08175528498646 296.02175528498645 1081
141.15 0.14754098360655737 185.90728629596163 278.8472862959616 2823
158.75 0.16393442622950818 152.46448412473012 245.40448412473012 3175
211.25 0.16393442622950818 127.01397288669739 219.9539728866974 4225
300.85 0.16393442622950818 126.48865955067643 219.42865955067643 6017
322.15 0.18032786885245902 90.86627529033018 183.80627529033018 6443
330.5 0.18032786885245902 84.90540387927547 177.84540387927547 6610
347.05 0.18032786885245902 67.42713229669408 160.36713229669408 6941
388.85 0.18032786885245902 65.3422900812786 158.2822900812786 7777
