% fevals/dim | frac | F - F_opt (3.82) | best fitness | fevals
2.4 0.11475409836065574 535.7145400043536 539.5345400043536 48
5.95 0.11475409836065574 458.1264514317163 461.9464514317163 119
9.45 0.13114754098360656 354.0885198190258 357.9085198190258 189
15.2 0.14754098360655737 205.41546304629347 209.23546304629346 304
27.9 0.18032786885245902 93.85475730741139 97.67475730741138 558
55.0 0.18032786885245902 76.78563418005464 80.60563418005464 1100
83.8 0.18032786885245902 74.37719315439311 78.1971931543931 1676
100.3 0.18032786885245902 69.41842075525399 73.23842075525398 2006
112.2 0.18032786885245902 65.96904280540576 69.78904280540576 2244
130.35 0.21311475409836064 38.92171557883415 42.74171557883415 2607
264.25 0.21311475409836064 38.24883480251544 42.06883480251544 5285
278.9 0.21311475409836064 27.575835192618072 31.395835192618073 5578
290.7 0.21311475409836064 26.87441812107092 30.69441812107092 5814
296.55 0.22950819672131148 23.580218437422413 27.400218437422414 5931
345.9 0.22950819672131148 23.27353306590326 27.09353306590326 6918
391.8 0.22950819672131148 22.73031041034079 26.55031041034079 7836
412.65 0.22950819672131148 21.748512574281833 25.568512574281833 8253
433.3 0.22950819672131148 21.22834427572432 25.04834427572432 8666
