18.5 0.0 17395.389715486068 17258.62971548607 370
33.5 0.0 10789.16764800836 10652.40764800836 670
42.35 0.0 10299.464078243562 10162.704078243562 847
55.05 0.01639344262295082 9562.963790114949 9426.203790114949 1101
65.75 0.01639344262295082 8310.451302062727 8173.691302062727 1315
70.05 0.06557377049180328 2166.049161893974 2029.289161893974 1401
114.15 0.06557377049180328 1795.6139787774382 1658.8539787774382 2283
126.75 0.08196721311475409 1220.8707375326208 1084.1107375326208 2535
135.6 0.09836065573770492 907.5705585942626 770.8105585942626 2712
140.3 0.14754098360655737 162.9296681074604 26.16966810746041 2806
184.3 0.16393442622950818 114.46660438782983 -22.29339561217016 3686
229.35 0.2786885245901639 4.555163216545878 -132.2048367834541 4587
234.35 0.2786885245901639 4.4829025915933585 -132.27709740840663 4687
262.3 0.2786885245901639 4.0945848024769305 -132.66541519752306 5246
265.6 0.29508196721311475 3.7123513352146347 -133.04764866478536 5312
282.3 0.29508196721311475 3.588665136766025 -133.17133486323397 5646
291.0 0.29508196721311475 3.547095083269511 -133.21290491673048 5820
335.6 0.29508196721311475 3.391426119319391 -133.3685738806806 6712
346.4 0.29508196721311475 3.2111297754074144 -133.54887022459258 6928
385.55 0.29508196721311475 3.2073206082725676 -133.55267939172742 7711
391.4 0.29508196721311475 3.0354795447005927 -133.7245204552994 7828
416.4 0.29508196721311475 2.52524221662091 -134.23475778337908 8328
481.4 0.3114754098360656 2.50024274576532 -134.25975725423467 9628
