11.75 0.21311475409836064 27.058201561084957 59.75820156108496 235
16.3 0.21311475409836064 25.85683397953173 58.55683397953173 326
21.35 0.22950819672131148 21.13261777335417 53.83261777335417 427
30.2 0.22950819672131148 17.10732527447294 49.807325274472944 604
33.3 0.2459016393442623 13.577939817418567 46.27793981741857 666
47.9 0.2459016393442623 13.06303671547019 45.76303671547019 958
53.8 0.2459016393442623 12.481829488750627 45.18182948875063 1076
64.5 0.2459016393442623 12.055581529909361 44.755581529909364 1290
84.55 0.2459016393442623 11.463935266925048 44.16393526692505 1691
89.45 0.2459016393442623 10.552327859360169 43.25232785936017 1789
91.55 0.2459016393442623 10.075924244427654 42.77592424442766 1831
96.75 0.26229508196721313 9.673352263967601 42.373352263967604 1935
106.1 0.26229508196721313 7.931031448806593 40.631031448806596 2122
123.8 0.26229508196721313 7.549088390930471 40.249088390930474 2476
135.65 0.26229508196721313 7.324885457666262 40.024885457666265 2713
147.9 0.2786885245901639 6.282076230550537 38.98207623055054 2958
170.4 0.2786885245901639 6.1102829950455515 38.810282995045554 3408
173.35 0.2786885245901639 5.843191108038404 38.54319110803841 3467
177.95 0.2786885245901639 5.837746061005163 38.537746061005166 3559
181.15 0.2786885245901639 5.442114747265265 38.14211474726527 3623
189.9 0.2786885245901639 5.223332500917579 37.92333250091758 3798
195.25 0.2786885245901639 4.8705926786355604 37.57059267863556 3905
202.0 0.2786885245901639 4.615217956730483 37.315217956730486 4040
221.85 0.2786885245901639 4.362317818817978 37.06231781881798 4437
244.9 0.2786885245901639 4.062243572804469 36.76224357280447 4898
259.0 0.2786885245901639 4.057160096129955 36.75716009612996 5180
265.7 0.2786885245901639 4.031320771327998 36.731320771328 5314
270.7 0.2786885245901639 3.9942587592507124 36.694258759250715 5414
273.85 0.29508196721311475 3.7453343639059895 36.44533436390599 5477
281.65 0.29508196721311475 3.625837831085512 36.325837831085515 5633
285.15 0.29508196721311475 3.53468064191501 36.23468064191501 5703
300.75 0.29508196721311475 3.2870566252521343 35.98705662525214 6015
317.5 0.29508196721311475 3.115577131041306 35.81557713104131 6350
326.15 0.29508196721311475 2.9725089585855926 35.672508958585595 6523
332.55 0.29508196721311475 2.734766350007753 35.434766350007756 6651
342.3 0.3114754098360656 2.4073401606643188 35.10734016066432 6846
371.35 0.3114754098360656 2.363341402630269 35.06334140263027 7427
386.05 0.3114754098360656 2.3412933589726563 35.04129335897266 7721
407.65 0.3114754098360656 2.3040562563877387 35.00405625638774 8153
425.45 0.3114754098360656 2.2662584063429705 34.96625840634297 8509
429.4 0.3114754098360656 2.2152995798599733 34.915299579859976 8588
