% fevals/dim | frac | F - F_opt (-209.88) | best fitness | fevals
1.7 0.0 2122907.2674226547 2122697.387422655 34
9.25 0.0 1885844.2176316662 1885634.3376316663 185
14.9 0.0 1260787.3895237206 1260577.5095237207 298
26.65 0.0 501119.11356109224 500909.23356109223 533
42.65 0.0 408864.27320067835 408654.39320067834 853
45.55 0.0 274049.9062033802 273840.0262033802 911
53.05 0.0 261750.35337782287 261540.47337782287 1061
58.9 0.0 161239.02222743383 161029.14222743383 1178
72.4 0.0 149904.7049796417 149694.8249796417 1448
81.4 0.0 138906.3030170385 138696.4230170385 1628
86.3 0.0 134720.23384239263 134510.35384239262 1726
90.7 0.0 118822.44684287645 118612.56684287645 1814
98.35 0.0 115450.504852647 115240.624852647 1967
100.05 0.0 99806.60651697313 99596.72651697313 2001
102.75 0.0 99153.48169683026 98943.60169683026 2055
105.8 0.0 98632.44790480488 98422.56790480488 2116
109.7 0.0 96201.62598940164 95991.74598940164 2194
114.4 0.0 86495.2258931266 86285.34589312659 2288
130.95 0.0 85495.72718486062 85285.84718486061 2619
136.2 0.0 85441.31218072998 85231.43218072997 2724
141.3 0.0 84995.17690622812 84785.29690622812 2826
150.6 0.0 84487.90890892287 84278.02890892286 3012
157.35 0.0 84429.520905081 84219.64090508099 3147
159.85 0.0 83947.13903797776 83737.25903797775 3197
178.75 0.0 83934.54382961585 83724.66382961585 3575
181.85 0.0 83866.10460126246 83656.22460126245 3637
193.1 0.0 83841.54666275154 83631.66666275154 3862
196.0 0.0 83814.46955627242 83604.58955627242 3920
198.85 0.0 83745.60169457545 83535.72169457545 3977
200.95 0.0 83737.11733640631 83527.23733640631 4019
210.25 0.0 83709.75142506744 83499.87142506744 4205
216.75 0.0 83699.29139972905 83489.41139972904 4335
229.6 0.0 83690.8070415599 83480.9270415599 4592
233.4 0.0 83690.51823670015 83480.63823670015 4668
