% fevals/dim | frac | F - F_opt (7.64) | best fitness | fevals
2.25 0.19672131147540983 61.56471789121497 69.20471789121497 45
7.95 0.19672131147540983 60.26586820464888 67.90586820464888 159
13.05 0.19672131147540983 50.50787229052754 58.14787229052754 261
16.8 0.19672131147540983 46.94549838635923 54.585498386359234 336
18.35 0.19672131147540983 40.09886945133353 47.73886945133353 367
21.1 0.21311475409836064 34.13642945553787 41.77642945553787 422
25.2 0.21311475409836064 31.145111193583517 38.78511119358352 504
32.0 0.22950819672131148 22.361657464576243 30.001657464576244 640
43.95 0.22950819672131148 19.571966810815198 27.2119668108152 879
57.95 0.22950819672131148 19.188369093228093 26.828369093228094 1159
63.0 0.22950819672131148 18.932337882503646 26.572337882503646 1260
66.2 0.22950819672131148 16.72974744849327 24.36974744849327 1324
78.0 0.2459016393442623 13.821791565057108 21.46179156505711 1560
85.05 0.2459016393442623 12.313023744911725 19.953023744911725 1701
94.0 0.2459016393442623 12.117502012673729 19.75750201267373 1880
101.55 0.2459016393442623 11.58123220446813 19.22123220446813 2031
102.25 0.2459016393442623 11.30252652748997 18.94252652748997 2045
107.05 0.2459016393442623 10.0391375489625 17.6791375489625 2141
111.0 0.26229508196721313 9.761159681164909 17.40115968116491 2220
124.1 0.26229508196721313 9.659606719139187 17.299606719139188 2482
139.9 0.26229508196721313 9.429423661853992 17.069423661853993 2798
144.55 0.26229508196721313 8.817146985026287 16.457146985026288 2891
164.65 0.26229508196721313 8.68954541724754 16.32954541724754 3293
171.55 0.26229508196721313 7.9321147789490345 15.572114778949034 3431
180.3 0.26229508196721313 7.612599678453567 15.252599678453567 3606
204.55 0.26229508196721313 7.523840118831399 15.163840118831398 4091
207.9 0.26229508196721313 7.482867314559496 15.122867314559496 4158
213.15 0.26229508196721313 7.256500115360521 14.89650011536052 4263
239.05 0.26229508196721313 7.158312470034386 14.798312470034386 4781
262.15 0.26229508196721313 7.074001337374784 14.714001337374784 5243
