9.0 0.2459016393442623 13.359480861335136 60.74948086133514 180
10.25 0.2459016393442623 11.88175350033719 59.27175350033719 205
14.15 0.2459016393442623 10.214695678058888 57.60469567805889 283
22.0 0.26229508196721313 9.766542282580822 57.15654228258082 440
23.95 0.26229508196721313 9.323561593595038 56.71356159359504 479
30.55 0.26229508196721313 8.56319088756986 55.95319088756986 611
31.95 0.26229508196721313 7.1846893403186485 54.57468934031865 639
35.35 0.26229508196721313 6.980036361805112 54.37003636180511 707
41.35 0.2786885245901639 5.372276540890347 52.76227654089035 827
57.4 0.2786885245901639 4.696445218680957 52.08644521868096 1148
76.0 0.2786885245901639 4.6263084160696195 52.01630841606962 1520
83.9 0.2786885245901639 4.245687425607493 51.63568742560749 1678
87.45 0.2786885245901639 4.16563990632622 51.55563990632622 1749
121.05 0.2786885245901639 4.0599199565074215 51.44991995650742 2421
132.4 0.29508196721311475 3.8403600352917096 51.23036003529171 2648
144.85 0.29508196721311475 3.697833210510062 51.08783321051006 2897
150.05 0.29508196721311475 3.5872897173937375 50.97728971739374 3001
175.4 0.29508196721311475 3.126253509018369 50.51625350901837 3508
215.05 0.29508196721311475 2.842532746962661 50.23253274696266 4301
317.7 0.29508196721311475 2.7565137490907645 50.146513749090765 6354
393.95 0.3114754098360656 2.3396690393568065 49.72966903935681 7879
408.5 0.3114754098360656 2.2116571576193564 49.60165715761936 8170
