% fevals/dim | frac | F - F_opt (-209.88) | best fitness | fevals
1.7 0.0 2122907.2674226547 2122697.387422655 34
9.75 0.0 1009872.719960868 1009662.839960868 195
13.05 0.0 458661.52924368484 458451.64924368483 261
21.05 0.0 322934.4624811941 322724.5824811941 421
27.75 0.0 255633.5704626253 255423.6904626253 555
28.75 0.0 162327.85207950062 162117.9720795006 575
42.6 0.0 145035.26635981933 144825.38635981933 852
48.15 0.0 124029.0763900738 123819.19639007379 963
54.25 0.0 121338.45212662326 121128.57212662326 1085
60.95 0.0 119063.49260065214 118853.61260065214 1219
71.2 0.0 94399.80039746649 94189.92039746649 1424
76.55 0.0 93523.86251550245 93313.98251550244 1531
81.25 0.0 92473.11839172892 92263.23839172891 1625
82.8 0.0 89914.57743699853 89704.69743699853 1656
88.9 0.0 89775.11383010879 89565.23383010879 1778
90.9 0.0 87640.33076434536 87430.45076434535 1818
103.8 0.0 87436.21784113604 87226.33784113603 2076
105.1 0.0 87373.25924077407 87163.37924077407 2102
109.55 0.0 85420.34613262938 85210.46613262937 2191
112.0 0.0 85201.2185212639 84991.3385212639 2240
120.55 0.0 84750.25880659162 84540.37880659162 2411
126.7 0.0 84530.06694635637 84320.18694635636 2534
127.95 0.0 84409.12188851091 84199.24188851091 2559
131.8 0.0 84205.10901842779 83995.22901842778 2636
134.75 0.0 84095.83663189289 83885.95663189288 2695
139.0 0.0 84093.84018321293 83883.96018321293 2780
141.55 0.0 83944.85661757576 83734.97661757575 2831
146.95 0.0 83917.3087684134 83707.42876841339 2939
148.7 0.0 83810.44739243282 83600.56739243281 2974
161.2 0.0 83768.88225528435 83559.00225528434 3224
