% fevals/dim | frac | F - F_opt (99.53) | best fitness | fevals
2.25 0.13114754098360656 252.91753323909782 352.4475332390978 45
3.8 0.14754098360655737 240.46565350472835 339.99565350472835 76
13.2 0.14754098360655737 208.29729687454048 307.8272968745405 264
22.4 0.14754098360655737 206.4632459974193 305.9932459974193 448
26.85 0.14754098360655737 177.8489841348895 277.3789841348895 537
42.05 0.14754098360655737 176.3523934846397 275.8823934846397 841
44.7 0.16393442622950818 147.8827226791005 247.4127226791005 894
57.9 0.16393442622950818 145.33641184399278 244.86641184399278 1158
64.4 0.16393442622950818 113.7397257228065 213.2697257228065 1288
102.9 0.16393442622950818 112.1614146185837 211.6914146185837 2058
105.7 0.16393442622950818 111.51846040467993 211.04846040467993 2114
110.3 0.18032786885245902 97.70800712423969 197.2380071242397 2206
119.5 0.18032786885245902 94.00152962183833 193.53152962183833 2390
132.55 0.18032786885245902 92.48204352002139 192.0120435200214 2651
136.6 0.18032786885245902 90.80768436352457 190.33768436352457 2732
140.2 0.18032786885245902 80.54693719484618 180.07693719484618 2804
151.45 0.18032786885245902 80.1042031008077 179.6342031008077 3029
160.25 0.18032786885245902 79.46663733267977 178.99663733267977 3205
164.8 0.18032786885245902 75.31421851693739 174.8442185169374 3296
175.8 0.18032786885245902 74.89669331187653 174.42669331187653 3516
178.1 0.18032786885245902 72.15082156082136 171.68082156082136 3562
188.15 0.18032786885245902 70.15082156082136 169.68082156082136 3763
190.45 0.18032786885245902 69.4668309477552 168.9968309477552 3809
194.15 0.18032786885245902 67.37860184204575 166.90860184204575 3883
198.1 0.19672131147540983 59.104997808557016 158.63499780855702 3962
202.45 0.19672131147540983 57.830722822853886 157.3607228228539 4049
235.95 0.19672131147540983 56.830722822853886 156.3607228228539 4719
246.15 0.19672131147540983 55.20694608366517 154.73694608366517 4923
259.8 0.19672131147540983 54.20694608366517 153.73694608366517 5196
