22.75 0.18032786885245902 69.99328333390287 21.393283333902865 455
39.8 0.18032786885245902 63.58888472048235 14.988884720482346 796
60.7 0.19672131147540983 55.22825387538193 6.62825387538193 1214
65.05 0.19672131147540983 52.65972465914494 4.0597246591449405 1301
75.15 0.19672131147540983 44.679160342126245 -3.9208396578737563 1503
113.4 0.19672131147540983 41.60829433591054 -6.991705664089459 2268
118.6 0.21311475409836064 37.81525926206177 -10.784740737938229 2372
128.3 0.21311475409836064 32.164981569644354 -16.435018430355647 2566
133.3 0.21311475409836064 26.933456525077485 -21.666543474922516 2666
175.65 0.21311475409836064 26.82013890452077 -21.77986109547923 3513
198.25 0.21311475409836064 25.626742431462052 -22.97325756853795 3965
210.45 0.22950819672131148 23.959165248048357 -24.640834751951644 4209
243.65 0.22950819672131148 23.181639057452003 -25.418360942548 4873
248.55 0.22950819672131148 20.382770873805416 -28.217229126194585 4971
283.4 0.22950819672131148 19.387990713063477 -29.212009286936524 5668
302.55 0.22950819672131148 18.943762868284026 -29.656237131715976 6051
354.95 0.22950819672131148 17.872485495108187 -30.727514504891815 7099
378.45 0.22950819672131148 16.70603368406581 -31.89396631593419 7569
485.0 0.22950819672131148 16.44028512355206 -32.15971487644794 9700
493.8 0.2459016393442623 15.688134525878866 -32.911865474121136 9876
506.4 0.2459016393442623 15.64592405995198 -32.95407594004802 10128
523.65 0.2459016393442623 15.240236873498255 -33.35976312650175 10473
574.95 0.2459016393442623 14.736198074249472 -33.86380192575053 11499
602.4 0.2459016393442623 14.622702336925627 -33.977297663074374 12048
617.7 0.2459016393442623 14.488479705079193 -34.11152029492081 12354
