58.2 0.18032786885245902 70.6539755830514 22.053975583051404 1164
71.15 0.18032786885245902 69.75167465930555 21.15167465930555 1423
98.7 0.18032786885245902 66.22577920116312 17.62577920116312 1974
250.35 0.18032786885245902 66.08991396927837 17.48991396927837 5007
257.05 0.18032786885245902 65.97376887018923 17.37376887018923 5141
265.15 0.19672131147540983 59.48655468959352 10.886554689593517 5303
493.75 0.19672131147540983 58.943664316656495 10.343664316656493 9875
546.75 0.19672131147540983 49.50995775641176 0.9099577564117567 10935
607.55 0.19672131147540983 44.28059145803427 -4.319408541965728 12151
634.15 0.19672131147540983 42.54357961994395 -6.056420380056053 12683
852.65 0.21311475409836064 39.77723441914545 -8.82276558085455 17053
880.2 0.21311475409836064 31.315179396849377 -17.284820603150624 17604
989.75 0.21311475409836064 28.788724424561853 -19.81127557543815 19795
1223.7 0.21311475409836064 27.48312020326969 -21.116879796730313 24474
1344.85 0.22950819672131148 24.474510504310587 -24.125489495689415 26897
1651.15 0.22950819672131148 23.92240958855457 -24.677590411445433 33023
1656.45 0.22950819672131148 21.2581225647034 -27.341877435296603 33129
1906.05 0.22950819672131148 17.4011147005508 -31.198885299449202 38121
2399.15 0.22950819672131148 17.247490903887932 -31.35250909611207 47983
2405.65 0.22950819672131148 17.035920691693356 -31.564079308306646 48113
2549.5 0.22950819672131148 16.943738390339856 -31.656261609660145 50990
2633.15 0.22950819672131148 16.595591836641482 -32.00440816335852 52663
2667.85 0.2459016393442623 14.75439897514368 -33.84560102485632 53357
2744.35 0.2459016393442623 13.033402555574945 -35.56659744442506 54887
2750.2 0.2459016393442623 10.117253015941408 -38.48274698405859 55004
2930.3 0.2786885245901639 5.860344792344236 -42.739655207655765 58606
3500.5 0.29508196721311475 2.80484177911125 -45.79515822088875 70010
3705.25 0.3114754098360656 2.262884899125183 -46.33711510087482 74105
4329.45 0.3114754098360656 2.0547514537598417 -46.54524854624016 86589
4355.35 0.3114754098360656 1.8973379798166121 -46.70266202018339 87107
4853.7 0.32786885245901637 1.1784253040336665 -47.421574695966335 97074
4929.7 0.36065573770491804 0.5038100273589166 -48.096189972641085 98594
5309.95 0.36065573770491804 0.4227758128168517 -48.17722418718315 106199
5723.5 0.39344262295081966 0.21370502890485454 -48.38629497109515 114470
6849.8 0.39344262295081966 0.16458088839591056 -48.43541911160409 136996
6854.95 0.4098360655737705 0.15305724343545535 -48.446942756564546 137099
7212.5 0.4098360655737705 0.13300983675341627 -48.466990163246585 144250
