% fevals/dim | frac | F - F_opt (-66.39) | best fitness | fevals
3.95 0.13114754098360656 252.52844166437404 186.13844166437406 79
49.15 0.14754098360655737 236.24319960974384 169.85319960974385 983
75.25 0.14754098360655737 225.77707222713042 159.38707222713043 1505
86.5 0.14754098360655737 191.7601491797341 125.3701491797341 1730
135.95 0.14754098360655737 183.25120215814366 116.86120215814366 2719
147.6 0.14754098360655737 168.426343253551 102.03634325355101 2952
175.1 0.14754098360655737 159.8561474859132 93.4661474859132 3502
190.7 0.16393442622950818 141.15554323531796 74.76554323531796 3814
218.4 0.16393442622950818 125.95894998794189 59.56894998794189 4368
227.1 0.16393442622950818 122.03577429731378 55.64577429731378 4542
255.85 0.18032786885245902 97.60936731026909 31.219367310269092 5117
290.65 0.18032786885245902 89.42261388905015 23.032613889050154 5813
337.3 0.18032786885245902 72.5777785916112 6.187778591611206 6746
389.5 0.18032786885245902 65.57061418434085 -0.819385815659146 7790
402.55 0.18032786885245902 65.27973999630396 -1.110260003696041 8051
415.6 0.18032786885245902 64.32459347992881 -2.0654065200711926 8312
428.65 0.19672131147540983 49.6607477932693 -16.7292522067307 8573
489.9 0.19672131147540983 46.05003276458723 -20.33996723541277 9798
510.35 0.21311475409836064 39.03337723777714 -27.356622762222862 10207
524.7 0.21311475409836064 33.40963002701801 -32.98036997298199 10494
546.05 0.21311475409836064 31.689113725964816 -34.700886274035184 10921
549.5 0.21311475409836064 25.91449354183353 -40.47550645816647 10990
562.55 0.22950819672131148 24.476043653545872 -41.91395634645413 11251
588.65 0.22950819672131148 18.1046687250302 -48.2853312749698 11773
618.5 0.2459016393442623 14.56914364466445 -51.82085635533555 12370
677.7 0.2459016393442623 11.165536775827192 -55.22446322417281 13554
683.75 0.26229508196721313 9.356522398999005 -57.033477601000996 13675
762.05 0.2786885245901639 5.5336974418896006 -60.8563025581104 15241
775.75 0.29508196721311475 3.7741713573777815 -62.61582864262222 15515
827.95 0.3114754098360656 2.3357214690901174 -64.05427853090988 16559
