% fevals/dim | frac | F - F_opt (-209.88) | best fitness | fevals
7.5 0.0 3389002.0428267885 3388792.1628267886 150
28.15 0.0 1283512.086579926 1283302.2065799262 563
45.95 0.0 353515.5148626566 353305.6348626566 919
161.65 0.0 304739.2176617766 304529.3376617766 3233
194.9 0.0 271080.87469171855 270870.99469171854 3898
321.9 0.0 270847.9719373137 270638.0919373137 6438
385.5 0.0 202257.87864532604 202047.99864532604 7710
463.15 0.0 162492.45331992 162282.57331992 9263
466.6 0.0 152732.27100876233 152522.39100876232 9332
557.65 0.0 121894.82876579314 121684.94876579313 11153
617.65 0.0 119258.52117860223 119048.64117860222 12353
637.45 0.0 105154.08355488248 104944.20355488248 12749
701.25 0.0 103723.90861556803 103514.02861556802 14025
731.8 0.0 97347.58364455665 97137.70364455665 14636
843.45 0.0 93342.18158564961 93132.3015856496 16869
865.3 0.0 88786.9001534033 88577.0201534033 17306
971.75 0.0 88245.12369783466 88035.24369783465 19435
997.75 0.0 87768.69277925645 87558.81277925645 19955
1023.85 0.0 86259.1615538507 86049.2815538507 20477
1049.85 0.0 86035.94658818391 85826.06658818391 20997
1074.4 0.0 84819.67369979825 84609.79369979825 21488
1216.65 0.0 84668.98497448917 84459.10497448916 24333
1404.55 0.0 84578.01792429233 84368.13792429233 28091
1557.4 0.0 84550.65201295346 84340.77201295346 31148
1581.05 0.0 84427.32919898324 84217.44919898323 31621
1614.15 0.0 84408.3848154757 84198.5048154757 32283
