19.0 0.14754098360655737 222.18064642320448 321.7106464232045 380
79.0 0.14754098360655737 215.94689366768117 315.47689366768117 1580
94.05 0.14754098360655737 201.90161525168546 301.43161525168546 1881
108.0 0.14754098360655737 196.25870139611746 295.78870139611746 2160
144.6 0.14754098360655737 195.03558558048482 294.5655855804848 2892
149.2 0.14754098360655737 178.29547003802585 277.82547003802586 2984
166.4 0.14754098360655737 162.79991374947357 262.3299137494736 3328
195.15 0.16393442622950818 158.2412740523251 257.7712740523251 3903
223.9 0.16393442622950818 153.50355904449034 253.03355904449035 4478
239.35 0.16393442622950818 138.10296175610898 237.63296175610898 4787
314.45 0.16393442622950818 130.60215457830918 230.13215457830918 6289
335.95 0.16393442622950818 129.1956485640661 228.7256485640661 6719
343.9 0.16393442622950818 126.27195641470749 225.8019564147075 6878
385.75 0.16393442622950818 121.82016716582612 221.35016716582612 7715
413.25 0.16393442622950818 108.69865851774239 208.2286585177424 8265
435.95 0.16393442622950818 100.2382510278818 199.7682510278818 8719
456.75 0.18032786885245902 97.88318274489498 197.41318274489498 9135
522.95 0.18032786885245902 96.0412346291944 195.5712346291944 10459
560.6 0.18032786885245902 92.8012593909717 192.3312593909717 11212
670.65 0.18032786885245902 85.58757921444311 185.1175792144431 13413
685.6 0.18032786885245902 83.47372390732579 183.0037239073258 13712
697.9 0.18032786885245902 72.04061808291411 171.5706180829141 13958
826.5 0.18032786885245902 68.21711519659314 167.74711519659314 16530
975.5 0.18032786885245902 66.25549575493338 165.78549575493338 19510
987.75 0.19672131147540983 60.232129480591595 159.7621294805916 19755
1120.9 0.19672131147540983 52.05618346690346 151.58618346690346 22418
1147.05 0.19672131147540983 50.5902456792204 150.1202456792204 22941
1280.35 0.19672131147540983 50.58773113407085 150.11773113407085 25607
1289.65 0.19672131147540983 47.431703160898365 146.96170316089837 25793
1345.35 0.19672131147540983 44.8986725086078 144.4286725086078 26907
1391.55 0.19672131147540983 44.66081123863964 144.19081123863964 27831
1406.75 0.19672131147540983 42.93405667702237 142.46405667702237 28135
1435.0 0.21311475409836064 37.9202302193446 137.4502302193446 28700
1477.15 0.21311475409836064 34.88302808494015 134.41302808494015 29543
1603.25 0.21311475409836064 34.50372926420641 134.0337292642064 32065
1664.6 0.21311475409836064 33.08279662473842 132.61279662473842 33292
1681.2 0.21311475409836064 28.99365491204074 128.52365491204074 33624
1727.9 0.21311475409836064 27.681976552218217 127.21197655221822 34558
1865.3 0.21311475409836064 27.057945782010776 126.58794578201078 37306
1871.05 0.21311475409836064 26.686887302020807 126.21688730202081 37421
1899.2 0.22950819672131148 23.224036300645736 122.75403630064574 37984
2037.9 0.22950819672131148 20.948052955542863 120.47805295554286 40758
2095.85 0.22950819672131148 19.98794271242548 119.51794271242548 41917
2124.3 0.22950819672131148 17.364165973236766 116.89416597323677 42486
2310.15 0.22950819672131148 17.23532808155207 116.76532808155207 46203
2315.7 0.22950819672131148 16.23532808155207 115.76532808155207 46314
