% fevals/dim | frac | F - F_opt (-568.88) | best fitness | fevals
8.5 0.0 2064653.4137222988 2064084.533722299 170
16.75 0.0 1342163.6349411006 1341594.7549411007 335
29.55 0.0 1236597.4041795644 1236028.5241795646 591
58.7 0.0 644007.5936312419 643438.7136312419 1174
88.9 0.0 412735.4169080927 412166.5369080927 1778
138.95 0.0 408016.1715646694 407447.2915646694 2779
165.8 0.0 364510.0346620104 363941.1546620104 3316
227.8 0.0 340186.3441327597 339617.4641327597 4556
263.85 0.0 306273.7598494742 305704.8798494742 5277
362.5 0.0 298893.9876706089 298325.1076706089 7250
421.1 0.0 298231.1151889001 297662.2351889001 8422
464.9 0.0 297406.6562415353 296837.7762415353 9298
480.75 0.0 295038.2860943229 294469.4060943229 9615
498.0 0.0 291274.40962239844 290705.52962239843 9960
511.15 0.0 291090.0098185164 290521.1298185164 10223
514.05 0.0 290248.44121963525 289679.56121963524 10281
576.9 0.0 290044.29718389077 289475.41718389076 11538
592.1 0.0 289707.35741203825 289138.47741203825 11842
618.4 0.0 289130.20999448135 288561.32999448135 12368
631.55 0.0 289118.6874565898 288549.80745658977 12631
689.7 0.0 288737.6004165822 288168.7204165822 13794
717.05 0.0 288663.52821481426 288094.64821481425 14341
743.1 0.0 288623.0202871761 288054.1402871761 14862
785.8 0.0 288611.5023551667 288042.6223551667 15716
789.15 0.0 288519.04307132366 287950.16307132365 15783
871.6 0.0 288492.4553052486 287923.5753052486 17432
910.6 0.0 288479.4768598258 287910.5968598258 18212
963.7 0.0 288472.84073484695 287903.96073484694 19274
984.5 0.0 288458.8007469871 287889.9207469871 19690
998.5 0.0 288457.8995366632 287889.0195366632 19970
1003.2 0.0 288451.9678590709 287883.0878590709 20064
1022.75 0.0 288445.6824275012 287876.8024275012 20455
1071.25 0.0 288437.6903731962 287868.8103731962 21425
1154.8 0.0 288436.1801170621 287867.3001170621 23096
1183.05 0.0 288434.8789907105 287865.9989907105 23661
1191.9 0.0 288432.41108672903 287863.531086729 23838
1221.2 0.0 288431.1875742818 287862.3075742818 24424
1291.0 0.0 288430.95007626695 287862.07007626694 25820
