% fevals/dim | frac | F - F_opt (32.7) | best fitness | fevals
2.85 0.21311475409836064 33.49399572484259 66.1939957248426 57
14.5 0.22950819672131148 23.23587608258837 55.93587608258837 290
43.5 0.22950819672131148 21.948288220104374 54.64828822010438 870
65.9 0.22950819672131148 21.575093127613314 54.27509312761332 1318
106.3 0.2459016393442623 15.795135758500933 48.495135758500936 2126
122.4 0.2459016393442623 10.734630440304507 43.43463044030451 2448
148.7 0.2459016393442623 10.709211646985565 43.40921164698557 2974
210.2 0.26229508196721313 8.614483937151839 41.31448393715184 4204
262.8 0.26229508196721313 8.390363905562722 41.090363905562725 5256
322.3 0.26229508196721313 6.4401829766258984 39.1401829766259 6446
425.55 0.2786885245901639 5.655807970980618 38.35580797098062 8511
505.4 0.2786885245901639 4.893451690949497 37.5934516909495 10108
519.55 0.2786885245901639 4.248505069518643 36.948505069518646 10391
598.95 0.29508196721311475 3.7440195848203928 36.444019584820396 11979
634.65 0.29508196721311475 3.573057412488936 36.27305741248894 12693
662.9 0.29508196721311475 2.665633466713942 35.365633466713945 13258
710.5 0.3114754098360656 2.4843501880248766 35.18435018802488 14210
849.35 0.3114754098360656 2.396674648331384 35.09667464833139 16987
862.5 0.3114754098360656 2.2587457991381186 34.95874579913812 17250
868.3 0.3114754098360656 2.190345293791154 34.89034529379116 17366
938.25 0.3114754098360656 1.9229897709937518 34.622989770993755 18765
1008.45 0.3114754098360656 1.7151143563393916 34.415114356339394 20169
1045.9 0.32786885245901637 1.5834178146934832 34.283417814693486 20918
1095.55 0.32786885245901637 1.3329352073574228 34.032935207357426 21911
1208.6 0.32786885245901637 1.2002444459186208 33.900244445918624 24172
1221.75 0.3442622950819672 0.959195743712911 33.659195743712914 24435
1303.25 0.3442622950819672 0.8848199747298224 33.584819974729825 26065
1332.35 0.3442622950819672 0.8259097748599871 33.52590977485999 26647
1405.65 0.3442622950819672 0.8054613886636304 33.50546138866363 28113
1407.4 0.3442622950819672 0.7720899570752593 33.47208995707526 28148
1449.3 0.3442622950819672 0.7033757375879404 33.40337573758794 28986
1544.7 0.3442622950819672 0.673041788606632 33.373041788606635 30894
