% fevals/dim | frac | F - F_opt (-209.88) | best fitness | fevals
4.85 0.0 3429890.623177483 3429680.7431774833 97
32.5 0.0 3027886.917755141 3027677.037755141 650
41.2 0.0 1428416.5055766592 1428206.6255766593 824
961.65 0.0 1235628.557483548 1235418.6774835482 19233
2308.8 0.0 1157125.888546078 1156916.008546078 46176
3322.25 0.0 940390.7145471973 940180.8345471973 66445
4755.5 0.0 797653.5766149366 797443.6966149366 95110
5711.45 0.0 773791.2386676241 773581.3586676241 114229
5953.55 0.0 702879.0129350747 702669.1329350747 119071
6166.15 0.0 678954.0781919967 678744.1981919967 123323
6395.35 0.0 510921.5045553602 510711.6245553602 127907
7665.5 0.0 491204.3546961501 490994.4746961501 153310
8141.65 0.0 482736.09329910105 482526.21329910104 162833
8567.95 0.0 358985.0051719168 358775.1251719168 171359
9076.45 0.0 330826.80053643684 330616.92053643684 181529
9272.8 0.0 305848.7864452498 305638.9064452498 185456
9398.0 0.0 286701.9870860311 286492.1070860311 187960
9518.75 0.0 258945.73767865438 258735.85767865437 190375
