% fevals/dim | frac | F - F_opt (-568.88) | best fitness | fevals
8.5 0.0 2064653.4137222988 2064084.533722299 170
18.2 0.0 1656614.616198427 1656045.7361984272 364
23.85 0.0 1363357.3411572354 1362788.4611572355 477
54.6 0.0 1104598.4444244427 1104029.5644244428 1092
72.35 0.0 915008.4232819211 914439.5432819211 1447
78.25 0.0 807564.6143964631 806995.7343964631 1565
103.95 0.0 659818.7345800963 659249.8545800963 2079
110.05 0.0 542273.6386255114 541704.7586255114 2201
134.4 0.0 527202.9157075642 526634.0357075642 2688
149.95 0.0 472256.26765384834 471687.38765384833 2999
162.8 0.0 363859.3369166738 363290.4569166738 3256
225.5 0.0 341254.8950777686 340686.0150777686 4510
234.55 0.0 327235.36365476577 326666.48365476576 4691
253.95 0.0 321143.9099079336 320575.0299079336 5079
291.5 0.0 313415.8927731868 312847.0127731868 5830
318.35 0.0 308771.0221322987 308202.1421322987 6367
348.65 0.0 306300.3393287928 305731.4593287928 6973
374.6 0.0 301846.1452231685 301277.2652231685 7492
402.5 0.0 301785.0501154372 301216.1701154372 8050
413.8 0.0 300274.7208439943 299705.8408439943 8276
423.5 0.0 299157.0112406711 298588.1312406711 8470
432.45 0.0 296677.028247127 296108.148247127 8649
441.3 0.0 295483.84665227233 294914.9666522723 8826
451.95 0.0 291972.1475513708 291403.2675513708 9039
471.35 0.0 291921.9735166598 291353.0935166598 9427
502.0 0.0 291849.8814393584 291281.0014393584 10040
505.85 0.0 291384.89806021436 290816.01806021435 10117
531.1 0.0 291282.28098016005 290713.40098016005 10622
537.75 0.0 290474.83031009394 289905.95031009393 10755
571.9 0.0 289593.6099958483 289024.7299958483 11438
603.6 0.0 289389.4631450942 288820.5831450942 12072
614.85 0.0 289254.3174417142 288685.4374417142 12297
637.8 0.0 288799.3261691915 288230.4461691915 12756
686.3 0.0 288783.4738496408 288214.5938496408 13726
692.55 0.0 288725.2940173207 288156.41401732067 13851
750.1 0.0 288643.5731483368 288074.6931483368 15002
762.2 0.0 288614.8753306982 288045.9953306982 15244
781.6 0.0 288584.0624321029 288015.1824321029 15632
789.5 0.0 288568.3180383596 287999.43803835957 15790
816.05 0.0 288530.39573771204 287961.51573771203 16321
825.2 0.0 288505.3649908608 287936.4849908608 16504
860.85 0.0 288470.1328336681 287901.2528336681 17217
881.85 0.0 288458.0102767743 287889.1302767743 17637
900.75 0.0 288450.4908993296 287881.6108993296 18015
932.2 0.0 288444.28244781715 287875.40244781715 18644
944.5 0.0 288442.9978048141 287874.1178048141 18890
959.15 0.0 288432.82183601824 287863.94183601823 19183
997.2 0.0 288432.67264608236 287863.79264608235 19944
1005.3 0.0 288432.4887006335 287863.6087006335 20106
1017.6 0.0 288432.2512026186 287863.3712026186 20352
1042.65 0.0 288431.02769017144 287862.14769017143 20853
1104.9 0.0 288430.95007626695 287862.07007626694 22098
