% fevals/dim | frac | F - F_opt (-66.39) | best fitness | fevals
3.95 0.13114754098360656 252.52844166437404 186.13844166437406 79
31.05 0.14754098360655737 216.01211997427055 149.62211997427056 621
109.5 0.14754098360655737 197.9282032238151 131.53820322381512 2190
138.15 0.14754098360655737 197.73124026696308 131.3412402669631 2763
152.85 0.14754098360655737 180.29716523938814 113.90716523938814 3057
203.45 0.14754098360655737 164.85584571834454 98.46584571834454 4069
257.3 0.16393442622950818 157.58728001977332 91.19728001977332 5146
296.1 0.16393442622950818 156.85338190922107 90.46338190922107 5922
329.9 0.16393442622950818 124.240257272738 57.850257272738006 6598
401.65 0.16393442622950818 120.40540536356497 54.015405363564966 8033
411.65 0.16393442622950818 118.37176583505013 51.981765835050126 8233
506.05 0.16393442622950818 112.15759675346405 45.76759675346405 10121
538.75 0.16393442622950818 104.96442171264411 38.57442171264411 10775
606.95 0.16393442622950818 103.22665301558084 36.836653015580836 12139
625.45 0.16393442622950818 100.48151571558614 34.09151571558614 12509
631.7 0.18032786885245902 97.12026584745229 30.730265847452287 12634
656.5 0.18032786885245902 95.31255753504385 28.92255753504385 13130
672.6 0.18032786885245902 94.39787994891452 28.00787994891452 13452
690.0 0.18032786885245902 87.23944832214289 20.84944832214289 13800
730.0 0.18032786885245902 80.12850577392882 13.738505773928821 14600
745.95 0.18032786885245902 75.71485714465587 9.324857144655866 14919
819.15 0.18032786885245902 73.54523451508163 7.155234515081631 16383
889.4 0.18032786885245902 71.6160816552912 5.226081655291196 17788
893.6 0.18032786885245902 63.27131935810207 -3.1186806418979316 17872
965.45 0.19672131147540983 61.96304555493834 -4.426954445061661 19309
980.45 0.19672131147540983 61.148798745284616 -5.241201254715385 19609
994.15 0.19672131147540983 52.86125280101198 -13.528747198988022 19883
1036.0 0.19672131147540983 51.78931657932208 -14.600683420677917 20720
1084.9 0.19672131147540983 48.58769711284661 -17.802302887153388 21698
1123.8 0.19672131147540983 47.913316969934705 -18.476683030065296 22476
1144.9 0.19672131147540983 45.2117307493929 -21.1782692506071 22898
1202.3 0.19672131147540983 44.74872407856728 -21.641275921432722 24046
1212.95 0.21311475409836064 37.18364425908143 -29.206355740918568 24259
1297.75 0.21311475409836064 36.47662805997515 -29.913371940024852 25955
1327.75 0.21311475409836064 34.847474531166334 -31.542525468833666 26555
1356.45 0.21311475409836064 29.847474531166327 -36.542525468833674 27129
1438.9 0.21311475409836064 29.316414219209072 -37.07358578079093 28778
1453.75 0.21311475409836064 27.649498558366858 -38.74050144163314 29075
1490.15 0.21311475409836064 26.664031397481047 -39.725968602518954 29803
1504.5 0.22950819672131148 24.96195494155286 -41.42804505844714 30090
1547.55 0.22950819672131148 23.68767995584973 -42.70232004415027 30951
1582.95 0.22950819672131148 23.413404970146594 -42.97659502985341 31659
1646.85 0.22950819672131148 23.063903216661004 -43.326096783339 32937
1667.15 0.22950819672131148 21.789628230957874 -44.60037176904213 33343
1740.5 0.22950819672131148 20.789628230957874 -45.60037176904213 34810
