53.65 0.14754098360655737 243.54749174606033 343.07749174606033 1073
82.95 0.14754098360655737 232.57324699322632 332.1032469932263 1659
100.25 0.14754098360655737 227.8223370342092 327.3523370342092 2005
106.05 0.14754098360655737 209.42992214879527 308.9599221487953 2121
124.75 0.14754098360655737 200.66107626781385 300.19107626781386 2495
155.55 0.14754098360655737 182.47477131967403 282.00477131967403 3111
195.45 0.14754098360655737 178.10281336087652 277.6328133608765 3909
235.2 0.14754098360655737 170.53733030005648 270.0673303000565 4704
284.2 0.14754098360655737 164.0187690281418 263.5487690281418 5684
312.15 0.14754098360655737 161.04854546716766 260.57854546716766 6243
340.85 0.16393442622950818 150.52113124665013 250.05113124665013 6817
358.3 0.16393442622950818 147.47319556730343 247.00319556730344 7166
398.85 0.16393442622950818 142.568413791809 242.098413791809 7977
402.35 0.16393442622950818 140.74488293188318 240.27488293188318 8047
416.55 0.16393442622950818 137.65872793507248 237.18872793507248 8331
442.5 0.16393442622950818 122.75510410870172 222.28510410870172 8850
445.4 0.16393442622950818 122.11569852754587 221.64569852754587 8908
474.1 0.16393442622950818 120.99670080434203 220.52670080434203 9482
544.65 0.16393442622950818 120.54172150747402 220.07172150747402 10893
557.3 0.16393442622950818 117.6855314798386 217.2155314798386 11146
561.05 0.16393442622950818 115.64728272704181 215.1772827270418 11221
598.9 0.16393442622950818 112.63203315377928 212.16203315377928 11978
642.1 0.16393442622950818 104.07737203383934 203.60737203383934 12842
656.45 0.16393442622950818 102.39874586952445 201.92874586952445 13129
675.05 0.18032786885245902 98.75683160160747 198.28683160160747 13501
704.55 0.18032786885245902 97.17841256676601 196.70841256676601 14091
718.9 0.18032786885245902 89.91061085713451 189.44061085713452 14378
792.3 0.18032786885245902 85.44602037660164 184.97602037660164 15846
876.2 0.18032786885245902 81.42318697619544 180.95318697619544 17524
907.1 0.18032786885245902 72.61635791777579 172.1463579177758 18142
947.4 0.18032786885245902 72.59372826568517 172.12372826568517 18948
976.1 0.18032786885245902 70.62379434999133 170.15379434999133 19522
1051.45 0.18032786885245902 70.59815855581422 170.12815855581422 21029
1067.05 0.18032786885245902 69.29229004521505 168.82229004521506 21341
1089.85 0.18032786885245902 68.41036929261324 167.94036929261324 21797
1093.85 0.18032786885245902 68.24098050263316 167.77098050263317 21877
1112.65 0.18032786885245902 65.8732213891974 165.4032213891974 22253
1126.3 0.18032786885245902 64.153118084678 163.683118084678 22526
1144.3 0.18032786885245902 63.81204404525923 163.34204404525923 22886
1186.65 0.19672131147540983 61.174367121486824 160.70436712148683 23733
1198.05 0.19672131147540983 60.79329979839423 160.32329979839423 23961
1208.75 0.19672131147540983 58.95180409610734 158.48180409610734 24175
1230.8 0.19672131147540983 58.17323992210595 157.70323992210595 24616
1238.15 0.19672131147540983 54.92032342013064 154.45032342013064 24763
1334.85 0.19672131147540983 51.054824616336674 150.58482461633668 26697
1391.3 0.19672131147540983 50.51621642464448 150.04621642464448 27826
1402.85 0.19672131147540983 50.423115765588506 149.9531157655885 28057
1429.75 0.19672131147540983 50.18194928393538 149.71194928393538 28595
1448.2 0.19672131147540983 49.67044954751492 149.20044954751492 28964
1458.45 0.19672131147540983 47.28389755904351 146.8138975590435 29169
1498.65 0.19672131147540983 45.27018105671016 144.80018105671016 29973
1541.7 0.19672131147540983 42.69830221733767 142.22830221733767 30834
1599.1 0.19672131147540983 42.552865123319236 142.08286512331924 31982
1686.85 0.19672131147540983 42.122997289874604 141.6529972898746 33737
1711.75 0.19672131147540983 40.99415939818991 140.5241593981899 34235
1733.65 0.19672131147540983 40.86532150650524 140.39532150650524 34673
1750.75 0.19672131147540983 40.848722304171474 140.37872230417148 35015
1779.35 0.19672131147540983 40.71988441248678 140.24988441248678 35587
1780.75 0.21311475409836064 39.71988441248678 139.24988441248678 35615
1855.95 0.21311475409836064 39.59104652080211 139.1210465208021 37119
1874.25 0.21311475409836064 38.59104652080211 138.1210465208021 37485
