% fevals/dim | frac | F - F_opt (-209.88) | best fitness | fevals
4.85 0.0 3429890.623177483 3429680.7431774833 97
15.45 0.0 1602251.085433459 1602041.205433459 309
256.55 0.0 1585796.504552324 1585586.6245523242 5131
791.8 0.0 1493691.3498574954 1493481.4698574955 15836
994.7 0.0 1135170.3588544514 1134960.4788544516 19894
1442.95 0.0 837061.3170684925 836851.4370684925 28859
1456.5 0.0 798204.7055230243 797994.8255230243 29130
1958.45 0.0 600634.2351450961 600424.3551450961 39169
3067.3 0.0 554130.4420309757 553920.5620309757 61346
3293.9 0.0 405417.9093735574 405208.0293735574 65878
3714.8 0.0 343878.4010157927 343668.5210157927 74296
4165.8 0.0 343192.7995180659 342982.9195180659 83316
4264.0 0.0 334069.7395384366 333859.8595384366 85280
4339.6 0.0 292712.49185043323 292502.6118504332 86792
4474.65 0.0 288980.0193377444 288770.1393377444 89493
4488.4 0.0 264180.6689407425 263970.7889407425 89768
4723.8 0.0 251613.02209912785 251403.14209912784 94476
4765.85 0.0 237454.55164631075 237244.67164631074 95317
5014.1 0.0 199471.18166436476 199261.30166436476 100282
5119.85 0.0 188205.2089108596 187995.3289108596 102397
5363.8 0.0 182564.6612837027 182354.7812837027 107276
5431.1 0.0 175515.2112945922 175305.3312945922 108622
5502.1 0.0 173315.59214880195 173105.71214880195 110042
5520.4 0.0 169034.47903120692 168824.59903120692 110408
5540.45 0.0 151417.66289347046 151207.78289347046 110809
5579.5 0.0 148094.61922375037 147884.73922375037 111590
5664.9 0.0 146969.79571636944 146759.91571636943 113298
5709.95 0.0 137388.49817796538 137178.61817796537 114199
5930.85 0.0 134177.752353494 133967.872353494 118617
6054.7 0.0 131296.3634856288 131086.4834856288 121094
6155.6 0.0 128872.47212864303 128662.59212864302 123112
6388.45 0.0 124314.91107763276 124105.03107763275 127769
6509.55 0.0 124244.54001826436 124034.66001826436 130191
6521.75 0.0 122255.31588374691 122045.4358837469 130435
6534.85 0.0 119248.07591460638 119038.19591460637 130697
6616.9 0.0 119199.50613160459 118989.62613160459 132338
6620.25 0.0 116088.6267279283 115878.7467279283 132405
6638.55 0.0 110374.17904106177 110164.29904106176 132771
6826.6 0.0 109515.6417920555 109305.76179205549 136532
6854.4 0.0 109201.27833881763 108991.39833881763 137088
6858.15 0.0 105463.23740617836 105253.35740617836 137163
6981.35 0.0 101770.66354911705 101560.78354911704 139627
7048.45 0.0 101311.99577737502 101102.11577737502 140969
7062.3 0.0 97626.29056528486 97416.41056528485 141246
7226.75 0.0 97428.256557474 97218.376557474 144535
7287.75 0.0 95835.54646575425 95625.66646575424 145755
7327.4 0.0 95615.06716576903 95405.18716576902 146548
7458.55 0.0 95470.7285232219 95260.8485232219 149171
7461.35 0.0 95406.95702520874 95197.07702520874 149227
7479.9 0.0 92395.57686821715 92185.69686821714 149598
7489.05 0.0 91129.95199013245 90920.07199013245 149781
7695.15 0.0 88713.00632116427 88503.12632116427 153903
7817.15 0.0 88388.04839323569 88178.16839323568 156343
7952.9 0.0 86863.63204249172 86653.75204249172 159058
7972.7 0.0 86610.2322521192 86400.35225211919 159454
8028.2 0.0 86356.85899914535 86146.97899914534 160564
8199.0 0.0 86114.3144220443 85904.4344220443 163980
8236.75 0.0 85981.63096606501 85771.75096606501 164735
8269.1 0.0 85893.6115799918 85683.7315799918 165382
8285.55 0.0 85377.13551504181 85167.2555150418 165711
8369.8 0.0 85348.27817411805 85138.39817411805 167396
8395.85 0.0 85244.35402048279 85034.47402048278 167917
8415.0 0.0 85205.29086053638 84995.41086053637 168300
8420.15 0.0 85152.74425968975 84942.86425968974 168403
8462.7 0.0 84891.24122780883 84681.36122780883 169254
8481.1 0.0 84865.74529192169 84655.86529192168 169622
8499.55 0.0 84560.55132559896 84350.67132559896 169991
8517.6 0.0 83830.59400806646 83620.71400806645 170352
8946.6 0.0 83799.82046567326 83589.94046567325 178932
9019.1 0.0 83647.05163847504 83437.17163847503 180382
9043.5 0.0 83545.65056800154 83335.77056800154 180870
9104.5 0.0 83464.2832488027 83254.4032488027 182090
9323.5 0.0 83454.88351093789 83245.00351093788 186470
9431.85 0.0 83416.17265698624 83206.29265698623 188637
9549.95 0.0 83415.86209749825 83205.98209749824 190999
9581.15 0.0 83413.0688295323 83203.1888295323 191623
9600.5 0.0 83406.27799873131 83196.3979987313 192010
9609.0 0.0 83405.09269154281 83195.21269154281 192180
9651.65 0.0 83404.64867147047 83194.76867147046 193033
