11.45 0.0 4462825.883656392 4462616.003656392 229
13.95 0.0 2768245.773364696 2768035.8933646963 279
28.2 0.0 836250.7909642998 836040.9109642998 564
927.95 0.0 804507.7835470214 804297.9035470214 18559
1225.15 0.0 744545.8690433018 744335.9890433018 24503
1276.05 0.0 657732.9227688977 657523.0427688977 25521
1441.25 0.0 540398.3531857199 540188.4731857199 28825
1634.05 0.0 458342.25676767837 458132.37676767836 32681
1663.9 0.0 436528.5401542434 436318.6601542434 33278
2016.15 0.0 229509.9923567519 229300.1123567519 40323
2482.65 0.0 229037.824483627 228827.94448362698 49653
2515.6 0.0 211561.14304740253 211351.26304740252 50312
2657.65 0.0 191841.88634868964 191632.00634868964 53153
2708.2 0.0 145717.78338074946 145507.90338074946 54164
2903.2 0.0 119437.08272137427 119227.20272137427 58064
3098.5 0.0 118820.43832135898 118610.55832135897 61970
3223.7 0.0 109032.96828677574 108823.08828677573 64474
3484.8 0.0 101976.19186835496 101766.31186835495 69696
3524.0 0.0 100336.16957616997 100126.28957616996 70480
3602.55 0.0 98323.14580931839 98113.26580931839 72051
3608.3 0.0 98135.79493259624 97925.91493259624 72166
3635.0 0.0 90402.21876566675 90192.33876566675 72700
3946.1 0.0 90090.90752840058 89881.02752840058 78922
3948.45 0.0 88595.75852434516 88385.87852434516 78969
4045.05 0.0 87645.25677772313 87435.37677772313 80901
4130.85 0.0 86551.29917425782 86341.41917425781 82617
4147.55 0.0 86201.09121182705 85991.21121182705 82951
4243.2 0.0 86092.89906346035 85883.01906346035 84864
4267.1 0.0 85715.77898658597 85505.89898658596 85342
4283.45 0.0 85146.76588771907 84936.88588771907 85669
4335.4 0.0 84759.67096715895 84549.79096715894 86708
4374.9 0.0 84456.53465012954 84246.65465012954 87498
4399.9 0.0 84195.24779862144 83985.36779862143 87998
4428.1 0.0 84092.35588164168 83882.47588164167 88562
4496.2 0.0 83718.4462908592 83508.56629085919 89924
4514.55 0.0 83705.28629072495 83495.40629072495 90291
4652.4 0.0 83698.60865406248 83488.72865406248 93048
4661.55 0.0 83688.66588658319 83478.78588658318 93231
4669.5 0.0 83557.66379452561 83347.7837945256 93390
4675.5 0.0 83513.80593109559 83303.92593109558 93510
4688.4 0.0 83440.08909209081 83230.20909209081 93768
4743.35 0.0 83431.01953706692 83221.13953706692 94867
4748.8 0.0 83424.59580740293 83214.71580740293 94976
4791.8 0.0 83419.01708341365 83209.13708341365 95836
4848.45 0.0 83404.64867147047 83194.76867147046 96969
