% fevals/dim | frac | F - F_opt (-209.88) | best fitness | fevals
7.5 0.0 3389002.0428267885 3388792.1628267886 150
37.9 0.0 2100758.155836042 2100548.275836042 758
65.9 0.0 1634827.4493201429 1634617.569320143 1318
290.45 0.0 1607044.5881504489 1606834.708150449 5809
467.4 0.0 1077227.117492762 1077017.237492762 9348
654.65 0.0 518364.66484931594 518154.78484931594 13093
1745.85 0.0 506571.5226464315 506361.6426464315 34917
1767.95 0.0 472141.93248770793 471932.05248770793 35359
1830.1 0.0 458537.2545212364 458327.3745212364 36602
1861.45 0.0 426805.05049946264 426595.17049946263 37229
2036.9 0.0 364912.35041370575 364702.47041370574 40738
2160.2 0.0 331536.61744521046 331326.73744521046 43204
2333.75 0.0 292408.20149441366 292198.32149441366 46675
2402.3 0.0 232786.6378677978 232576.7578677978 48046
2847.75 0.0 230557.438181823 230347.558181823 56955
2933.8 0.0 212431.26600751668 212221.38600751667 58676
2995.5 0.0 211155.89997626893 210946.01997626893 59910
3011.05 0.0 208265.26797933033 208055.38797933032 60221
3050.4 0.0 202185.74118646848 201975.86118646848 61008
3149.75 0.0 174598.18272644866 174388.30272644866 62995
3359.8 0.0 164535.7950529577 164325.9150529577 67196
3417.5 0.0 151914.02442224082 151704.14442224082 68350
3509.5 0.0 124500.95209094133 124291.07209094132 70190
3691.9 0.0 114870.4992453837 114660.6192453837 73838
3856.35 0.0 114083.79411591384 113873.91411591384 77127
3918.7 0.0 106500.04847992455 106290.16847992454 78374
4024.65 0.0 104804.43438250334 104594.55438250334 80493
4091.0 0.0 100377.9227178113 100168.0427178113 81820
4183.0 0.0 99522.51807810941 99312.6380781094 83660
4232.15 0.0 95547.86970008927 95337.98970008927 84643
4243.15 0.0 95416.83474234732 95206.95474234731 84863
4299.4 0.0 93212.5260240498 93002.6460240498 85988
4485.75 0.0 91765.32664221218 91555.44664221218 89715
4632.05 0.0 91591.72545489427 91381.84545489427 92641
4662.9 0.0 91571.5091417679 91361.6291417679 93258
4696.85 0.0 89611.24636224893 89401.36636224893 93937
4699.1 0.0 88575.65879964633 88365.77879964633 93982
4757.35 0.0 88092.31891203964 87882.43891203964 95147
4913.5 0.0 87546.92837786833 87337.04837786833 98270
5035.55 0.0 87330.04634306145 87120.16634306144 100711
5051.8 0.0 86929.00828197297 86719.12828197297 101036
5106.5 0.0 86901.52013989583 86691.64013989583 102130
5122.25 0.0 86825.97454476848 86616.09454476848 102445
5142.95 0.0 86699.64057819135 86489.76057819134 102859
5193.55 0.0 86437.48485404479 86227.60485404478 103871
5243.1 0.0 86423.28297744667 86213.40297744666 104862
5258.0 0.0 86390.81884397114 86180.93884397113 105160
5288.15 0.0 86307.48508211356 86097.60508211356 105763
5298.25 0.0 86190.99815924793 85981.11815924793 105965
5420.9 0.0 86066.86679307155 85856.98679307154 108418
5459.15 0.0 85986.18825683762 85776.30825683761 109183
5487.2 0.0 85940.01373925945 85730.13373925944 109744
5585.0 0.0 85907.54649221837 85697.66649221837 111700
5594.05 0.0 85903.28399259044 85693.40399259044 111881
5614.75 0.0 85861.77030768886 85651.89030768885 112295
5673.9 0.0 85852.62831961544 85642.74831961544 113478
5690.55 0.0 85841.38076454618 85631.50076454617 113811
5737.5 0.0 85840.49451587144 85630.61451587144 114750
5768.0 0.0 85839.81524924783 85629.93524924782 115360
5776.3 0.0 85833.9256597995 85624.04565979949 115526
5791.6 0.0 85832.56244088188 85622.68244088188 115832
5831.9 0.0 85831.37713369337 85621.49713369337 116638
5850.9 0.0 85830.93311362104 85621.05311362103 117018
