% fevals/dim | frac | F - F_opt (-66.39) | best fitness | fevals
3.95 0.13114754098360656 252.52844166437404 186.13844166437406 79
22.3 0.14754098360655737 178.32951524837523 111.93951524837523 446
60.6 0.16393442622950818 143.79523777733075 77.40523777733075 1212
104.45 0.16393442622950818 139.50399131621617 73.11399131621617 2089
138.35 0.16393442622950818 118.63946356570762 52.249463565707615 2767
194.8 0.18032786885245902 91.55157217938564 25.161572179385644 3896
214.4 0.18032786885245902 63.94379794121852 -2.4462020587814806 4288
272.4 0.19672131147540983 60.160631771331126 -6.229368228668875 5448
288.0 0.19672131147540983 52.00690654650964 -14.38309345349036 5760
340.4 0.22950819672131148 23.702704162644274 -42.68729583735573 6808
375.8 0.22950819672131148 20.388399771250135 -46.001600228749865 7516
399.2 0.22950819672131148 17.252838572551568 -49.13716142744843 7984
470.65 0.26229508196721313 8.0 -58.39 9413
507.1 0.26229508196721313 7.481689229047504 -58.9083107709525 10142
675.95 0.2786885245901639 5.6441894584234475 -60.74581054157655 13519
727.1 0.2786885245901639 5.273301797460718 -61.11669820253928 14542
