% fevals/dim | frac | F - F_opt (32.7) | best fitness | fevals
2.85 0.21311475409836064 33.49399572484259 66.1939957248426 57
28.3 0.22950819672131148 18.780255284728355 51.48025528472836 566
574.35 0.22950819672131148 17.41227661990385 50.11227661990385 11487
683.85 0.2459016393442623 13.219398373583545 45.91939837358355 13677
937.8 0.2459016393442623 12.001236037408972 44.701236037408975 18756
1013.15 0.2459016393442623 10.436021437209703 43.136021437209706 20263
1116.95 0.26229508196721313 9.970809068763003 42.670809068763006 22339
1139.6 0.26229508196721313 9.76686884511588 42.46686884511588 22792
1252.95 0.26229508196721313 9.629800739632572 42.329800739632574 25059
1371.25 0.26229508196721313 8.540242968949428 41.24024296894943 27425
1420.1 0.26229508196721313 8.052692677638248 40.75269267763825 28402
1473.25 0.26229508196721313 6.719152790770011 39.41915279077001 29465
1481.6 0.26229508196721313 6.428621015021207 39.12862101502121 29632
1492.25 0.2786885245901639 5.9001307008905215 38.600130700890524 29845
1560.7 0.2786885245901639 5.711270567010068 38.41127056701007 31214
1683.05 0.2786885245901639 5.394726062067576 38.09472606206758 33661
1824.85 0.2786885245901639 5.0621670616403165 37.76216706164032 36497
1964.55 0.2786885245901639 4.026371333137021 36.726371333137024 39291
2127.95 0.29508196721311475 3.0979813566737917 35.797981356673795 42559
2191.55 0.29508196721311475 2.621502619526197 35.3215026195262 43831
2352.25 0.3114754098360656 2.3801830199903335 35.080183019990336 47045
2403.4 0.3114754098360656 2.15098715511116 34.85098715511116 48068
2447.35 0.3114754098360656 2.0013615569053513 34.701361556905354 48947
2494.5 0.32786885245901637 1.576733422970534 34.27673342297054 49890
2522.4 0.32786885245901637 1.3664095531273048 34.06640955312731 50448
2578.45 0.32786885245901637 1.0147882062515947 33.7147882062516 51569
2685.95 0.3442622950819672 0.982098723780993 33.682098723780996 53719
2692.55 0.3442622950819672 0.8259097748599871 33.52590977485999 53851
2724.9 0.3442622950819672 0.7985024087832144 33.49850240878322 54498
2771.8 0.3442622950819672 0.7720899570752593 33.47208995707526 55436
2778.5 0.3442622950819672 0.7023697771419819 33.402369777141985 55570
2800.95 0.3442622950819672 0.6570309003318755 33.35703090033188 56019
2850.5 0.36065573770491804 0.5609142817784587 33.26091428177846 57010
