% fevals/dim | frac | F - F_opt (32.7) | best fitness | fevals
2.85 0.21311475409836064 33.49399572484259 66.1939957248426 57
27.0 0.22950819672131148 24.70826689197918 57.40826689197918 540
55.9 0.22950819672131148 22.88850542826789 55.588505428267894 1118
78.4 0.22950819672131148 21.175959517987792 53.875959517987795 1568
119.5 0.22950819672131148 20.984466764118437 53.68446676411844 2390
146.9 0.22950819672131148 18.61610886256632 51.316108862566324 2938
262.45 0.2459016393442623 15.678900352720632 48.378900352720635 5249
318.6 0.2459016393442623 15.370747527418253 48.070747527418256 6372
368.8 0.2459016393442623 14.399155711651723 47.099155711651726 7376
372.05 0.2459016393442623 11.997879323234436 44.69787932323444 7441
560.6 0.2459016393442623 11.636656602293272 44.336656602293274 11212
595.3 0.2459016393442623 11.313811678214307 44.01381167821431 11906
766.05 0.2459016393442623 11.283335678028557 43.98333567802856 15321
807.35 0.26229508196721313 9.283022907764703 41.983022907764706 16147
833.9 0.26229508196721313 8.975751261095674 41.67575126109568 16678
915.1 0.26229508196721313 8.878992680311647 41.57899268031165 18302
943.5 0.26229508196721313 8.391266426131523 41.091266426131526 18870
985.45 0.26229508196721313 7.033672172715306 39.73367217271531 19709
1122.45 0.26229508196721313 6.630336476836824 39.33033647683683 22449
1177.25 0.2786885245901639 5.88920571591931 38.58920571591931 23545
1355.35 0.2786885245901639 4.974167105332249 37.67416710533225 27107
1597.35 0.29508196721311475 3.1929184249679707 35.892918424967974 31947
2114.25 0.29508196721311475 3.0060927928423453 35.70609279284235 42285
2190.15 0.3114754098360656 2.439983438206589 35.13998343820659 43803
2215.05 0.3114754098360656 2.2185780957739283 34.91857809577393 44301
2311.75 0.3114754098360656 2.201089291493332 34.901089291493335 46235
2338.35 0.3114754098360656 2.063854077745205 34.76385407774521 46767
2352.15 0.3114754098360656 1.733703474445072 34.433703474445075 47043
2414.7 0.3114754098360656 1.7169007596571788 34.41690075965718 48294
2464.65 0.32786885245901637 1.4835427204439569 34.18354272044396 49293
2505.75 0.32786885245901637 1.1790646749719613 33.879064674971964 50115
2555.35 0.3442622950819672 0.9774680515022851 33.67746805150229 51107
2686.25 0.3442622950819672 0.9208465355677617 33.620846535567765 53725
2798.95 0.3442622950819672 0.69139918217153 33.39139918217153 55979
2861.45 0.3442622950819672 0.6570309003318755 33.35703090033188 57229
2870.65 0.3442622950819672 0.655520529172037 33.35552052917204 57413
2943.5 0.36065573770491804 0.5609142817784587 33.26091428177846 58870
