% fevals/dim | frac | F - F_opt (-209.88) | best fitness | fevals
4.85 0.0 3429890.623177483 3429680.7431774833 97
12.9 0.0 1019990.2788038023 1019780.3988038023 258
26.5 0.0 928846.6902543504 928636.8102543504 530
64.15 0.0 713442.6893984642 713232.8093984642 1283
80.4 0.0 698315.3735650384 698105.4935650384 1608
97.8 0.0 455457.12919618224 455247.24919618224 1956
116.6 0.0 280126.9432553393 279917.0632553393 2332
132.2 0.0 227397.79065913724 227187.91065913724 2644
155.5 0.0 186997.60694744316 186787.72694744315 3110
171.0 0.0 139554.4097648718 139344.52976487178 3420
208.15 0.0 113617.68638137843 113407.80638137842 4163
253.6 0.0 108709.2272801207 108499.3472801207 5072
274.45 0.0 104660.19206898885 104450.31206898885 5489
282.2 0.0 88756.83900737224 88546.95900737224 5644
368.2 0.0 86493.09329318487 86283.21329318486 7364
390.5 0.0 86174.63171824793 85964.75171824792 7810
410.85 0.0 85840.1937528361 85630.3137528361 8217
416.65 0.0 85812.53574629502 85602.65574629501 8333
427.1 0.0 84718.23437965328 84508.35437965328 8542
433.9 0.0 84608.60089733954 84398.72089733953 8678
488.3 0.0 84584.44642728977 84374.56642728977 9766
491.3 0.0 84332.58444912486 84122.70444912485 9826
501.9 0.0 84115.3317478268 83905.4517478268 10038
512.0 0.0 83909.13926868973 83699.25926868973 10240
542.25 0.0 83784.53906836075 83574.65906836075 10845
547.25 0.0 83589.42344226032 83379.54344226031 10945
564.1 0.0 83541.69355195841 83331.8135519584 11282
574.35 0.0 83524.04905222185 83314.16905222184 11487
584.5 0.0 83517.42441830724 83307.54441830724 11690
594.25 0.0 83514.31531633473 83304.43531633473 11885
602.9 0.0 83466.28033785669 83256.40033785668 12058
608.55 0.0 83456.55707680684 83246.67707680684 12171
613.4 0.0 83446.05878592793 83236.17878592793 12268
619.25 0.0 83444.9776986779 83235.0976986779 12385
628.95 0.0 83429.19116546797 83219.31116546797 12579
664.4 0.0 83414.35393764397 83204.47393764397 13288
669.75 0.0 83410.24678196042 83200.36678196042 13395
730.75 0.0 83408.08523772127 83198.20523772127 14615
739.05 0.0 83405.4255594025 83195.5455594025 14781
745.85 0.0 83405.13675454275 83195.25675454274 14917
769.3 0.0 83405.09269154281 83195.21269154281 15386
786.8 0.0 83404.64867147047 83194.76867147046 15736
