% fevals/dim | frac | F - F_opt (-223.12) | best fitness | fevals
1.15 0.2786885245901639 5.597628755226594 -217.5223712447734 23
16.65 0.2786885245901639 4.756688218586078 -218.36331178141393 333
56.95 0.2786885245901639 4.719305841835251 -218.40069415816475 1139
135.45 0.29508196721311475 3.965283756867848 -219.15471624313216 2709
344.25 0.29508196721311475 3.466175786186966 -219.65382421381304 6885
643.25 0.29508196721311475 3.2722951476304445 -219.84770485236956 12865
655.8 0.29508196721311475 3.01082728227766 -220.10917271772234 13116
1008.3 0.29508196721311475 2.8702637513754325 -220.24973624862457 20166
1450.55 0.29508196721311475 2.7188776664987415 -220.40112233350126 29011
2315.35 0.3114754098360656 2.463633680320754 -220.65636631967925 46307
3466.35 0.3114754098360656 2.4398423425749343 -220.68015765742507 69327
4012.55 0.3114754098360656 2.2004915124005606 -220.91950848759944 80251
8996.3 0.3114754098360656 2.1079172680024953 -221.0120827319975 179926
