273.75 0.18032786885245902 63.70604096686314 15.10604096686314 5475
1019.0 0.19672131147540983 60.754506563233036 12.154506563233035 20380
2507.7 0.19672131147540983 59.55306681364835 10.953066813648348 50154
3158.25 0.19672131147540983 57.45982421395717 8.859824213957168 63165
4103.7 0.19672131147540983 57.190371907137035 8.590371907137033 82074
4595.5 0.19672131147540983 54.71531869762625 6.11531869762625 91910
4646.7 0.19672131147540983 47.22957367153386 -1.370426328466138 92934
4833.2 0.21311475409836064 39.6316395146684 -8.968360485331601 96664
6108.2 0.21311475409836064 36.31488572364461 -12.285114276355394 122164
8620.95 0.21311475409836064 35.23924332110443 -13.36075667889557 172419
