26.3 0.14754098360655737 233.485821184292 333.015821184292 526
64.4 0.14754098360655737 208.21702158535683 307.74702158535683 1288
77.1 0.14754098360655737 206.42845394741684 305.95845394741684 1542
117.95 0.14754098360655737 189.3778167754542 288.9078167754542 2359
140.6 0.14754098360655737 174.99641790600398 274.526417906004 2812
166.9 0.14754098360655737 171.2666393192438 270.7966393192438 3338
189.65 0.16393442622950818 155.98930920339527 255.51930920339527 3793
195.45 0.16393442622950818 154.22806984135744 253.75806984135744 3909
228.5 0.16393442622950818 141.49663089495584 241.02663089495584 4570
233.35 0.16393442622950818 134.0845393570696 233.6145393570696 4667
249.25 0.16393442622950818 100.82611934639436 200.35611934639437 4985
275.6 0.18032786885245902 98.88114318109254 198.41114318109254 5512
342.05 0.18032786885245902 93.98854433118731 193.51854433118731 6841
367.45 0.18032786885245902 87.12485065482696 186.65485065482696 7349
371.5 0.18032786885245902 80.21591840102903 179.74591840102903 7430
399.45 0.18032786885245902 66.35856449703701 165.888564497037 7989
422.3 0.19672131147540983 53.37830553365785 152.90830553365785 8446
494.7 0.19672131147540983 44.20043100560841 143.7304310056084 9894
501.05 0.21311475409836064 39.60917010617027 139.13917010617027 10021
520.1 0.21311475409836064 35.5562985221853 135.0862985221853 10402
536.5 0.21311475409836064 28.105677382244323 127.63567738224432 10730
600.0 0.22950819672131148 23.434234444064074 122.96423444406408 12000
678.85 0.22950819672131148 23.119958110054142 122.64995811005414 13577
704.25 0.22950819672131148 21.05082002893934 120.58082002893934 14085
725.0 0.22950819672131148 20.67891976946558 120.20891976946558 14500
741.95 0.22950819672131148 18.63200311853987 118.16200311853987 14839
759.75 0.2459016393442623 15.093282367987086 114.62328236798709 15195
765.35 0.2459016393442623 14.88575330701201 114.41575330701201 15307
780.05 0.2459016393442623 13.089294334166226 112.61929433416623 15601
790.45 0.2459016393442623 10.148566576472376 109.67856657647238 15809
829.95 0.26229508196721313 9.355040839163422 108.88504083916342 16599
842.65 0.26229508196721313 7.50021282020036 107.03021282020036 16853
873.4 0.26229508196721313 6.472250958502613 106.00225095850261 17468
881.65 0.29508196721311475 3.197975972799483 102.72797597279948 17633
942.6 0.3114754098360656 2.0691380811147866 101.59913808111479 18852
965.5 0.3442622950819672 1.0 100.53 19310
