20.0 0.18032786885245902 72.2505554010701 23.6505554010701 400
36.25 0.18032786885245902 72.21535691041674 23.615356910416743 725
37.3 0.18032786885245902 70.03063412223013 21.430634122230124 746
57.3 0.18032786885245902 68.09120335697602 19.491203356976023 1146
74.2 0.19672131147540983 63.08261510954083 14.48261510954083 1484
132.2 0.19672131147540983 62.705635655315554 14.105635655315552 2644
170.75 0.19672131147540983 61.00269867221617 12.402698672216168 3415
172.6 0.19672131147540983 53.042529058223565 4.442529058223563 3452
268.8 0.19672131147540983 42.15694061336817 -6.44305938663183 5376
281.1 0.21311475409836064 33.372923594191334 -15.227076405808667 5622
345.45 0.21311475409836064 30.93171436884991 -17.66828563115009 6909
412.15 0.21311475409836064 30.83436481397674 -17.76563518602326 8243
427.1 0.21311475409836064 28.20007763221798 -20.399922367782022 8542
441.0 0.21311475409836064 25.527723179679242 -23.07227682032076 8820
464.0 0.22950819672131148 24.953700217242798 -23.646299782757204 9280
470.65 0.22950819672131148 23.508143760330697 -25.091856239669305 9413
513.2 0.22950819672131148 20.844280076294 -27.755719923706 10264
547.5 0.22950819672131148 19.067532283242365 -29.532467716757637 10950
664.75 0.22950819672131148 16.580340632795377 -32.019659367204625 13295
801.75 0.2459016393442623 15.110238787769326 -33.489761212230675 16035
850.45 0.2459016393442623 14.24213106783263 -34.35786893216737 17009
906.25 0.2459016393442623 13.969801796488333 -34.63019820351167 18125
969.75 0.2459016393442623 13.275328326152348 -35.324671673847654 19395
1020.85 0.2459016393442623 13.17561127544483 -35.42438872455517 20417
1050.65 0.2459016393442623 13.057555233817958 -35.542444766182044 21013
1078.75 0.2459016393442623 12.855748737625852 -35.74425126237415 21575
1090.35 0.2459016393442623 12.664696792864866 -35.935303207135135 21807
1112.25 0.2459016393442623 12.460573530620522 -36.13942646937948 22245
1142.6 0.2459016393442623 12.259355719123697 -36.340644280876305 22852
1145.5 0.2459016393442623 12.180719124569265 -36.419280875430736 22910
1203.05 0.2459016393442623 12.169254077457119 -36.43074592254288 24061
1239.95 0.2459016393442623 11.83487303244624 -36.76512696755376 24799
