% fevals/dim | frac | F - F_opt (-209.88) | best fitness | fevals
7.5 0.0 3389002.0428267885 3388792.1628267886 150
10.65 0.0 1040527.7821846791 1040317.902184679 213
26.65 0.0 1039456.4259679548 1039246.5459679548 533
42.65 0.0 852879.4533312493 852669.5733312493 853
90.65 0.0 778559.684874712 778349.804874712 1813
98.65 0.0 637667.1567379409 637457.2767379408 1973
115.7 0.0 547419.6631285744 547209.7831285744 2314
122.7 0.0 471461.6807070444 471251.8007070444 2454
138.7 0.0 363142.37240904046 362932.49240904045 2774
159.2 0.0 318751.8395864428 318541.9595864428 3184
195.55 0.0 228411.79529085633 228201.91529085633 3911
208.2 0.0 164159.9829783523 163950.10297835228 4164
227.55 0.0 132953.72662470044 132743.84662470044 4551
289.7 0.0 125292.4102799757 125082.53027997569 5794
297.7 0.0 117467.3134279177 117257.4334279177 5954
307.25 0.0 112879.27232354214 112669.39232354214 6145
323.25 0.0 112836.97293109367 112627.09293109366 6465
338.35 0.0 100998.36480756111 100788.48480756111 6767
345.95 0.0 99568.18503068516 99358.30503068515 6919
367.05 0.0 97441.789790989 97231.909790989 7341
382.2 0.0 89048.09050747697 88838.21050747696 7644
393.7 0.0 88795.5414128699 88585.6614128699 7874
481.95 0.0 87878.67937049658 87668.79937049658 9639
495.05 0.0 86998.59950631367 86788.71950631366 9901
502.25 0.0 86966.6175054304 86756.7375054304 10045
510.25 0.0 86641.65957750182 86431.77957750182 10205
534.25 0.0 85399.98115095978 85190.10115095977 10685
551.5 0.0 84544.4933265042 84334.6133265042 11030
607.5 0.0 84480.8300459354 84270.9500459354 12150
617.7 0.0 84067.53620001128 83857.65620001128 12354
638.8 0.0 83895.85345835345 83685.97345835344 12776
687.5 0.0 83844.30964447498 83634.42964447498 13750
710.85 0.0 83794.40229614759 83584.52229614758 14217
716.2 0.0 83539.0057943416 83329.1257943416 14324
740.2 0.0 83471.66233244046 83261.78233244046 14804
852.0 0.0 83459.92755814377 83250.04755814376 17040
862.2 0.0 83441.21196064907 83231.33196064907 17244
882.4 0.0 83434.49046565784 83224.61046565784 17648
903.15 0.0 83417.83603205309 83207.95603205309 18063
913.35 0.0 83415.33996661997 83205.45996661996 18267
934.35 0.0 83415.00952388419 83205.12952388418 18687
959.35 0.0 83408.61745469958 83198.73745469957 19187
966.35 0.0 83407.84351402968 83197.96351402967 19327
995.15 0.0 83406.27799873131 83196.3979987313 19903
1031.8 0.0 83404.64867147047 83194.76867147046 20636
