% fevals/dim | frac | F - F_opt (47.39) | best fitness | fevals
2.05 0.2459016393442623 10.735794899280585 58.125794899280585 41
120.75 0.26229508196721313 8.234808223441028 55.62480822344103 2415
345.7 0.26229508196721313 7.805547222789791 55.19554722278979 6914
401.9 0.26229508196721313 6.847758608303089 54.23775860830309 8038
452.0 0.26229508196721313 6.70171887440987 54.09171887440987 9040
701.6 0.2786885245901639 5.645481713824033 53.03548171382403 14032
866.1 0.2786885245901639 5.622598564029104 53.012598564029105 17322
916.2 0.2786885245901639 5.327979615268696 52.717979615268696 18324
946.4 0.2786885245901639 5.077723119923441 52.46772311992344 18928
1113.4 0.2786885245901639 5.021454029065332 52.41145402906533 22268
1128.85 0.2786885245901639 4.550337695395612 51.94033769539561 22577
1490.9 0.2786885245901639 4.199893053670529 51.58989305367053 29818
1634.1 0.29508196721311475 3.8892437331551335 51.279243733155134 32682
1711.35 0.29508196721311475 3.4634524708322374 50.85345247083224 34227
2136.2 0.29508196721311475 3.282400959771145 50.672400959771146 42724
2445.45 0.29508196721311475 3.1850239710486434 50.575023971048644 48909
2593.35 0.3114754098360656 2.227454973165216 49.617454973165216 51867
4263.2 0.3114754098360656 2.22054925841703 49.61054925841703 85264
4413.1 0.3114754098360656 2.1494340643089345 49.539434064308935 88262
4881.1 0.3114754098360656 1.7542784737434474 49.14427847374345 97622
5432.2 0.3114754098360656 1.6208468110396694 49.01084681103967 108644
5894.55 0.32786885245901637 1.4822899205231863 48.87228992052319 117891
5937.35 0.32786885245901637 1.3539662268071595 48.74396622680716 118747
7791.05 0.32786885245901637 1.330140224058951 48.72014022405895 155821
8518.1 0.32786885245901637 1.2783996988324873 48.66839969883249 170362
8871.5 0.32786885245901637 1.2331874244490706 48.62318742444907 177430
9482.8 0.32786885245901637 1.225228317989398 48.6152283179894 189656
9504.45 0.32786885245901637 1.2050975000921582 48.59509750009216 190089
9690.3 0.32786885245901637 1.1985346897133269 48.58853468971333 193806
