% fevals/dim | frac | F - F_opt (-209.88) | best fitness | fevals
4.85 0.0 3429890.623177483 3429680.7431774833 97
16.45 0.0 1742199.0883203365 1741989.2083203366 329
23.35 0.0 736021.2181044084 735811.3381044084 467
71.35 0.0 537640.6529559101 537430.7729559101 1427
90.2 0.0 525240.7355668322 525030.8555668322 1804
115.8 0.0 237739.8790431408 237529.9990431408 2316
126.4 0.0 224875.31911232186 224665.43911232185 2528
147.95 0.0 128565.64487728143 128355.76487728143 2959
181.6 0.0 98617.53836843099 98407.65836843099 3632
189.4 0.0 94658.40772192569 94448.52772192568 3788
217.0 0.0 93541.41265844832 93331.53265844831 4340
244.6 0.0 92924.01460980643 92714.13460980642 4892
248.7 0.0 92250.10109297147 92040.22109297146 4974
269.4 0.0 90379.69218353093 90169.81218353093 5388
291.65 0.0 89118.03842986487 88908.15842986487 5833
301.8 0.0 86555.9660919647 86346.0860919647 6036
316.65 0.0 86256.4736914511 86046.5936914511 6333
328.35 0.0 85241.21592478496 85031.33592478496 6567
344.15 0.0 84064.77199385509 83854.89199385508 6883
378.05 0.0 84040.77314024532 83830.89314024532 7561
392.45 0.0 83963.18409729065 83753.30409729065 7849
412.05 0.0 83562.14906860758 83352.26906860758 8241
446.55 0.0 83557.40072334783 83347.52072334783 8931
454.4 0.0 83440.44602316388 83230.56602316388 9088
490.2 0.0 83427.75147014219 83217.87147014218 9804
516.5 0.0 83415.0511617602 83205.1711617602 10330
536.8 0.0 83409.77807185338 83199.89807185337 10736
542.85 0.0 83406.27799873131 83196.3979987313 10857
556.65 0.0 83404.64867147047 83194.76867147046 11133
