% fevals/dim | frac | F - F_opt (32.7) | best fitness | fevals
2.85 0.21311475409836064 33.49399572484259 66.1939957248426 57
17.55 0.21311475409836064 26.94206485646299 59.642064856462994 351
32.3 0.21311475409836064 26.886429513700293 59.586429513700296 646
40.5 0.22950819672131148 24.834075022919976 57.53407502291998 810
47.85 0.22950819672131148 20.644188350567816 53.34418835056782 957
55.2 0.22950819672131148 19.30214712027987 52.00214712027987 1104
62.55 0.22950819672131148 17.395026231805147 50.09502623180515 1251
95.35 0.2459016393442623 15.53647309672688 48.23647309672688 1907
117.15 0.2459016393442623 11.78650847409724 44.48650847409724 2343
156.75 0.2459016393442623 10.466569199781958 43.16656919978196 3135
171.95 0.26229508196721313 9.88428732655624 42.58428732655624 3439
218.55 0.26229508196721313 8.594996520442805 41.29499652044281 4371
224.45 0.26229508196721313 7.743714181565565 40.44371418156557 4489
261.55 0.26229508196721313 7.602070783423727 40.30207078342373 5231
270.0 0.2786885245901639 5.2475119050625025 37.947511905062505 5400
306.75 0.2786885245901639 4.342443209315164 37.04244320931517 6135
355.9 0.2786885245901639 4.101950535218208 36.80195053521821 7118
370.6 0.29508196721311475 3.774122157215217 36.47412215721522 7412
392.65 0.29508196721311475 3.141807049995883 35.841807049995886 7853
474.7 0.29508196721311475 3.1343775327546837 35.83437753275469 9494
492.6 0.29508196721311475 2.8590481854886605 35.55904818548866 9852
506.4 0.29508196721311475 2.783007154918735 35.48300715491874 10128
523.65 0.29508196721311475 2.5866196245528528 35.286619624552856 10473
541.95 0.3114754098360656 2.2372476686950336 34.937247668695036 10839
571.35 0.3114754098360656 1.7328814626418847 34.43288146264189 11427
637.5 0.3114754098360656 1.702379697449473 34.402379697449476 12750
663.6 0.32786885245901637 1.3899599686464015 34.089959968646404 13272
681.6 0.32786885245901637 1.2223305064178192 33.92233050641782 13632
693.0 0.32786885245901637 1.1478351390171326 33.847835139017135 13860
725.7 0.32786885245901637 1.124350205911881 33.824350205911884 14514
751.85 0.32786885245901637 1.0869131690149416 33.786913169014944 15037
758.2 0.32786885245901637 1.0234185909406222 33.723418590940625 15164
781.2 0.3442622950819672 0.8426607799205641 33.54266077992057 15624
803.25 0.3442622950819672 0.7720899570752593 33.47208995707526 16065
875.55 0.3442622950819672 0.7033757375879404 33.40337573758794 17511
901.45 0.3442622950819672 0.673041788606632 33.373041788606635 18029
