% fevals/dim | frac | F - F_opt (-209.88) | best fitness | fevals
7.5 0.0 3389002.0428267885 3388792.1628267886 150
13.65 0.0 2252425.830141885 2252215.9501418853 273
22.45 0.0 2252301.251741059 2252091.3717410592 449
33.9 0.0 1266343.2749287593 1266133.3949287594 678
55.3 0.0 835950.4135528792 835740.5335528792 1106
98.25 0.0 252565.49602845561 252355.6160284556 1965
107.05 0.0 252502.18150620913 252292.30150620913 2141
133.45 0.0 252461.04441620703 252251.16441620703 2669
195.05 0.0 251384.92860441955 251175.04860441954 3901
203.3 0.0 220352.65464589972 220142.7746458997 4066
220.9 0.0 192734.55577283623 192524.67577283623 4418
233.75 0.0 174826.65456839104 174616.77456839103 4675
251.0 0.0 157659.8943893314 157450.0143893314 5020
260.0 0.0 148478.40667904902 148268.526679049 5200
268.8 0.0 148453.4558377177 148243.57583771768 5376
294.95 0.0 146263.97008359918 146054.09008359918 5899
303.95 0.0 129697.06828871126 129487.18828871126 6079
312.6 0.0 124695.44108998224 124485.56108998223 6252
316.85 0.0 96542.4397575362 96332.55975753619 6337
326.5 0.0 96100.43924139896 95890.55924139895 6530
344.9 0.0 92238.84603906858 92028.96603906857 6898
371.3 0.0 92227.53760352812 92017.65760352812 7426
380.1 0.0 85663.00014535706 85453.12014535705 7602
397.7 0.0 85338.04221742848 85128.16221742847 7954
415.3 0.0 85274.88922337197 85065.00922337196 8306
465.25 0.0 85001.70922293446 84791.82922293445 9305
486.05 0.0 83934.7484110174 83724.86841101739 9721
512.45 0.0 83910.48944760274 83700.60944760274 10249
520.3 0.0 83632.67724939468 83422.79724939467 10406
562.5 0.0 83487.10322060747 83277.22322060747 11250
598.7 0.0 83472.99950657832 83263.11950657831 11974
607.5 0.0 83426.6892117319 83216.80921173189 12150
683.1 0.0 83417.94437700864 83208.06437700863 13662
687.7 0.0 83405.13675454275 83195.25675454274 13754
836.05 0.0 83405.09269154281 83195.21269154281 16721
872.65 0.0 83404.64867147047 83194.76867147046 17453
