% fevals/dim | frac | F - F_opt (-209.88) | best fitness | fevals
7.5 0.0 3389002.0428267885 3388792.1628267886 150
17.0 0.0 2438425.980804896 2438216.100804896 340
35.8 0.0 2015000.6755803823 2014790.7955803825 716
39.1 0.0 1995100.5738198436 1994890.6938198437 782
60.1 0.0 815018.0901950398 814808.2101950397 1202
93.25 0.0 760603.1830909958 760393.3030909958 1865
105.4 0.0 620242.2648030787 620032.3848030787 2108
125.4 0.0 615127.3921986751 614917.5121986751 2508
141.5 0.0 413978.7559953676 413768.8759953676 2830
177.8 0.0 325677.79060799786 325467.91060799785 3556
238.55 0.0 187389.4551354582 187179.5751354582 4771
267.35 0.0 178956.68897008192 178746.8089700819 5347
279.5 0.0 178099.38742798904 177889.50742798904 5590
323.75 0.0 150059.32593293706 149849.44593293706 6475
374.2 0.0 138513.5326566819 138303.6526566819 7484
390.5 0.0 86019.43046435011 85809.5504643501 7810
560.6 0.0 85820.0244277102 85610.1444277102 11212
607.4 0.0 84725.23700107828 84515.35700107827 12148
638.85 0.0 84507.42542463083 84297.54542463082 12777
654.15 0.0 84142.5350056414 83932.6550056414 13083
666.3 0.0 84131.15743222383 83921.27743222383 13326
682.55 0.0 83443.1556948941 83233.2756948941 13651
694.7 0.0 83431.96166499474 83222.08166499474 13894
816.2 0.0 83431.67286013499 83221.79286013498 16324
894.95 0.0 83425.6664023112 83215.78640231119 17899
932.75 0.0 83424.61586439871 83214.73586439871 18655
955.7 0.0 83406.72201880366 83196.84201880365 19114
1010.35 0.0 83404.93747633022 83195.05747633021 20207
1029.95 0.0 83404.64867147047 83194.76867147046 20599
