% fevals/dim | frac | F - F_opt (77.89) | best fitness | fevals
4.85 0.0 97858278.02838154 97858355.91838154 97
90.2 0.0 83379277.61371657 83379355.50371657 1804
103.15 0.0 60460503.39271623 60460581.28271623 2063
197.6 0.0 47703052.914029665 47703130.804029666 3952
242.9 0.0 41988925.482316285 41989003.372316286 4858
261.25 0.0 30982649.522393573 30982727.412393574 5225
283.6 0.0 28484609.436110117 28484687.326110117 5672
298.0 0.0 18459600.44579513 18459678.33579513 5960
381.5 0.0 17516338.73226604 17516416.62226604 7630
437.3 0.0 17088791.335929755 17088869.225929756 8746
444.5 0.0 14276809.712225994 14276887.602225995 8890
453.5 0.0 12611475.408328107 12611553.298328107 9070
491.75 0.0 12255312.472167157 12255390.362167157 9835
501.9 0.0 10818945.081707153 10819022.971707154 10038
528.4 0.0 7906971.492282942 7907049.382282942 10568
581.6 0.0 7647412.105506336 7647489.995506336 11632
592.85 0.0 6993027.435069358 6993105.325069358 11857
621.45 0.0 6534607.040038684 6534684.930038684 12429
645.45 0.0 5665503.760261306 5665581.650261305 12909
672.65 0.0 3836372.281229731 3836450.1712297313 13453
751.6 0.0 3346605.9689784236 3346683.8589784238 15032
786.8 0.0 2879239.3015770908 2879317.191577091 15736
795.6 0.0 2834063.044908022 2834140.934908022 15912
804.75 0.0 2416278.1630875864 2416356.0530875865 16095
830.2 0.0 2017640.2722464257 2017718.1622464256 16604
878.25 0.0 1929447.3698546248 1929525.2598546247 17565
881.55 0.0 1749064.627954014 1749142.517954014 17631
921.65 0.0 1670071.633540908 1670149.523540908 18433
943.85 0.0 1616582.767688075 1616660.657688075 18877
981.2 0.0 1571704.178469883 1571782.068469883 19624
996.75 0.0 1278239.997207791 1278317.887207791 19935
1038.35 0.0 1208457.1960219997 1208535.0860219996 20767
1080.15 0.0 1151154.3386366486 1151232.2286366485 21603
1939.95 0.0 1063625.365370428 1063703.2553704279 38799
