9.6 0.0 4397267.14161404 4397057.2616140405 192
13.0 0.0 2512176.821218315 2511966.941218315 260
19.65 0.0 1767858.0294906998 1767648.1494906999 393
29.8 0.0 1714754.4048904239 1714544.524890424 596
32.95 0.0 1450768.558413307 1450558.678413307 659
40.0 0.0 1427901.9914291615 1427692.1114291616 800
50.45 0.0 899976.7617261045 899766.8817261045 1009
62.0 0.0 776563.4136218305 776353.5336218305 1240
68.3 0.0 717056.2278240592 716846.3478240592 1366
74.1 0.0 485684.96729800844 485475.08729800844 1482
79.45 0.0 379778.05092702823 379568.17092702823 1589
81.75 0.0 228120.95348722264 227911.07348722263 1635
114.45 0.0 178815.16938493002 178605.28938493002 2289
122.2 0.0 168099.52510555676 167889.64510555676 2444
128.45 0.0 158627.3699826512 158417.4899826512 2569
129.75 0.0 149473.79958826958 149263.91958826958 2595
146.85 0.0 138234.4933312817 138024.6133312817 2937
153.5 0.0 137050.5718060567 136840.69180605668 3070
157.0 0.0 135465.2816660896 135255.4016660896 3140
157.75 0.0 123353.68878640745 123143.80878640745 3155
170.85 0.0 119495.3457133936 119285.4657133936 3417
173.0 0.0 96930.82809262945 96720.94809262945 3460
190.5 0.0 89690.89439226263 89481.01439226263 3810
234.3 0.0 87198.74442288924 86988.86442288924 4686
252.65 0.0 85361.36314248845 85151.48314248845 5053
299.8 0.0 85283.55819576643 85073.67819576642 5996
305.5 0.0 85216.92646031253 85007.04646031253 6110
308.15 0.0 84980.92907704347 84771.04907704347 6163
311.65 0.0 84233.96986503563 84024.08986503562 6233
318.65 0.0 84014.09528434585 83804.21528434585 6373
329.4 0.0 83723.05269756378 83513.17269756377 6588
350.0 0.0 83626.22344855286 83416.34344855286 7000
360.4 0.0 83601.29554084637 83391.41554084637 7208
364.0 0.0 83570.41616670185 83360.53616670184 7280
374.5 0.0 83564.67491123345 83354.79491123345 7490
375.85 0.0 83555.08087768347 83345.20087768347 7517
388.4 0.0 83469.19956384727 83259.31956384727 7768
389.5 0.0 83454.1204901987 83244.24049019869 7790
404.5 0.0 83451.36355137717 83241.48355137717 8090
411.45 0.0 83430.27436049264 83220.39436049263 8229
418.45 0.0 83425.77650471572 83215.89650471571 8369
428.3 0.0 83425.22238223885 83215.34238223884 8566
439.25 0.0 83407.84351402968 83197.96351402967 8785
463.75 0.0 83405.09269154281 83195.21269154281 9275
480.0 0.0 83404.64867147047 83194.76867147046 9600
