26.95 0.18032786885245902 69.76560042626917 21.165600426269172 539
58.2 0.18032786885245902 69.62219885470567 21.02219885470567 1164
91.0 0.18032786885245902 65.6807030936569 17.0807030936569 1820
185.45 0.18032786885245902 64.32260527260625 15.722605272606252 3709
274.65 0.18032786885245902 64.16089560634657 15.56089560634657 5493
284.4 0.19672131147540983 62.90502313456625 14.305023134566248 5688
368.0 0.19672131147540983 54.27767614814069 5.677676148140691 7360
381.25 0.19672131147540983 49.486838214962916 0.8868382149629142 7625
455.85 0.19672131147540983 41.33299060548366 -7.267009394516343 9117
553.3 0.21311475409836064 38.596675563942995 -10.003324436057007 11066
625.7 0.21311475409836064 29.50153049046991 -19.09846950953009 12514
799.55 0.21311475409836064 25.613387447940596 -22.986612552059405 15991
1669.45 0.22950819672131148 21.30379034767502 -27.296209652324983 33389
1914.85 0.22950819672131148 20.04541788548598 -28.554582114514023 38297
2134.45 0.22950819672131148 16.98374421330378 -31.61625578669622 42689
2952.95 0.2459016393442623 15.71893205930646 -32.88106794069354 59059
3118.1 0.2459016393442623 14.316186225042799 -34.2838137749572 62362
3374.3 0.2459016393442623 10.183181681369042 -38.41681831863096 67486
4112.1 0.26229508196721313 9.546750918788504 -39.0532490812115 82242
4624.5 0.26229508196721313 9.148106607846493 -39.45189339215351 92490
4816.65 0.26229508196721313 7.453915232323524 -41.14608476767648 96333
6303.15 0.2786885245901639 5.859698984704103 -42.7403010152959 126063
6788.1 0.2786885245901639 5.694131684254849 -42.90586831574515 135762
7540.65 0.29508196721311475 2.754973384703412 -45.84502661529659 150813
7803.75 0.3114754098360656 2.4590566219749377 -46.140943378025064 156075
9176.25 0.3114754098360656 2.424217509821297 -46.175782490178705 183525
9235.85 0.3114754098360656 2.259018313616224 -46.34098168638378 184717
9742.7 0.3114754098360656 2.193126278369917 -46.406873721630085 194854
