25.35 0.14754098360655737 209.91660411005918 309.4466041100592 507
35.0 0.14754098360655737 168.4785515408166 268.0085515408166 700
45.95 0.14754098360655737 166.6189186140202 266.1489186140202 919
62.8 0.16393442622950818 132.1509893050474 231.6809893050474 1256
87.75 0.16393442622950818 119.9523407179095 219.4823407179095 1755
93.95 0.16393442622950818 109.1288847745943 208.6588847745943 1879
99.1 0.18032786885245902 83.17973359536163 182.70973359536163 1982
113.15 0.18032786885245902 63.853028016379 163.383028016379 2263
132.5 0.19672131147540983 59.67167226883706 159.20167226883706 2650
137.45 0.19672131147540983 52.64228906926843 152.17228906926843 2749
142.2 0.19672131147540983 48.862665977826595 148.3926659778266 2844
159.65 0.21311475409836064 27.631212968305135 127.16121296830514 3193
201.85 0.22950819672131148 19.1243518964462 118.6543518964462 4037
214.9 0.22950819672131148 18.1042643500829 117.6342643500829 4298
219.55 0.2459016393442623 15.256640967974732 114.78664096797473 4391
228.2 0.26229508196721313 9.524789837283649 109.05478983728365 4564
241.1 0.2786885245901639 6.219494385886506 105.7494943858865 4822
263.75 0.2786885245901639 4.138276162229573 103.66827616222957 5275
