% fevals/dim | frac | F - F_opt (-568.88) | best fitness | fevals
6.4 0.0 3804084.2828351627 3803515.402835163 128
10.65 0.0 3247338.4019689737 3246769.521968974 213
13.15 0.0 2224042.8308917307 2223473.950891731 263
23.6 0.0 1820514.315578296 1819945.4355782962 472
35.6 0.0 1383579.746785997 1383010.866785997 712
54.95 0.0 1280043.3684939868 1279474.488493987 1099
61.95 0.0 1256768.892031733 1256200.012031733 1239
67.85 0.0 934440.8779579955 933871.9979579955 1357
75.95 0.0 553602.8433297288 553033.9633297288 1519
82.4 0.0 524151.4725687467 523582.5925687467 1648
107.1 0.0 494655.31222516036 494086.43222516036 2142
153.4 0.0 474241.3546489138 473672.4746489138 3068
159.8 0.0 420793.21703282377 420224.33703282377 3196
188.35 0.0 400768.04568519344 400199.16568519344 3767
211.0 0.0 400549.9382843072 399981.0582843072 4220
214.7 0.0 387989.7323551484 387420.8523551484 4294
220.6 0.0 367676.446781251 367107.566781251 4412
226.35 0.0 361151.5708902556 360582.6908902556 4527
244.8 0.0 351604.43897335103 351035.558973351 4896
256.95 0.0 348046.02301621134 347477.14301621134 5139
258.6 0.0 347190.41022063035 346621.53022063035 5172
264.9 0.0 332156.3111532781 331587.4311532781 5298
288.35 0.0 330777.4242390777 330208.5442390777 5767
303.0 0.0 306747.3128826749 306178.4328826749 6060
328.8 0.0 305584.4171306923 305015.5371306923 6576
337.2 0.0 304492.0774465039 303923.1974465039 6744
374.65 0.0 297523.0172942538 296954.1372942538 7493
388.2 0.0 295356.4758941757 294787.5958941757 7764
452.7 0.0 295344.56902400346 294775.68902400346 9054
461.25 0.0 292578.1927868381 292009.3127868381 9225
505.1 0.0 291859.7404463589 291290.8604463589 10102
527.7 0.0 291245.18733379646 290676.30733379646 10554
529.5 0.0 290930.62131899275 290361.74131899275 10590
541.8 0.0 290671.38425511523 290102.50425511523 10836
545.0 0.0 290317.00485594716 289748.12485594716 10900
558.6 0.0 290119.5970104639 289550.7170104639 11172
564.35 0.0 290041.80397627654 289472.92397627654 11287
579.65 0.0 289842.9280131654 289274.0480131654 11593
592.55 0.0 289644.6859960154 289075.8059960154 11851
602.25 0.0 289549.53413143056 288980.65413143055 12045
609.6 0.0 289113.6217109271 288544.7417109271 12192
628.95 0.0 289018.48889859143 288449.6088985914 12579
636.0 0.0 288897.3771630606 288328.4971630606 12720
673.05 0.0 288775.66292027966 288206.78292027966 13461
680.8 0.0 288675.10276944283 288106.22276944283 13616
703.05 0.0 288552.12243326416 287983.24243326415 14061
735.95 0.0 288537.31354041013 287968.43354041013 14719
743.15 0.0 288482.33063000266 287913.45063000266 14863
765.3 0.0 288481.7364632278 287912.85646322777 15306
788.9 0.0 288472.0968121481 287903.2168121481 15778
794.75 0.0 288440.2432569236 287871.3632569236 15895
859.25 0.0 288432.4887006335 287863.6087006335 17185
898.35 0.0 288431.42738311744 287862.54738311743 17967
910.85 0.0 288431.2651881863 287862.3851881863 18217
936.65 0.0 288431.02769017144 287862.14769017143 18733
953.05 0.0 288430.95007626695 287862.07007626694 19061
