% fevals/dim | frac | F - F_opt (-568.88) | best fitness | fevals
8.5 0.0 2064653.4137222988 2064084.533722299 170
17.7 0.0 1840228.1236477646 1839659.2436477647 354
23.1 0.0 1531445.8111723165 1530876.9311723167 462
36.15 0.0 1267686.969437539 1267118.0894375392 723
48.6 0.0 1034692.6152315212 1034123.7352315212 972
56.95 0.0 997906.755901918 997337.875901918 1139
67.0 0.0 987303.0654226302 986734.1854226302 1340
91.85 0.0 958072.8337847549 957503.9537847548 1837
106.05 0.0 714821.1073282328 714252.2273282328 2121
114.25 0.0 610964.7047875694 610395.8247875693 2285
171.1 0.0 538492.3331890206 537923.4531890206 3422
180.3 0.0 517428.8407421597 516859.9607421597 3606
195.2 0.0 506071.5872816536 505502.7072816536 3904
209.65 0.0 419278.5605136779 418709.6805136779 4193
219.9 0.0 343408.85069759126 342839.97069759126 4398
314.75 0.0 317289.97058650514 316721.09058650513 6295
391.85 0.0 305319.8127719416 304750.9327719416 7837
437.85 0.0 303179.2689702997 302610.3889702997 8757
549.2 0.0 302773.64317211893 302204.7631721189 10984
557.35 0.0 300198.15011631546 299629.27011631546 11147
564.4 0.0 298820.60388736275 298251.72388736275 11288
585.2 0.0 295178.9849038911 294610.1049038911 11704
615.05 0.0 294514.0338144229 293945.1538144229 12301
658.55 0.0 294063.60319730337 293494.72319730336 13171
681.8 0.0 293891.45342132694 293322.57342132693 13636
701.4 0.0 292441.1383763637 291872.2583763637 14028
717.25 0.0 292068.69877849426 291499.81877849426 14345
724.4 0.0 291323.6530718991 290754.7730718991 14488
748.4 0.0 291266.53821077175 290697.65821077174 14968
766.1 0.0 291219.8380425628 290650.9580425628 15322
779.0 0.0 290583.07110891474 290014.19110891473 15580
822.75 0.0 290031.87436839635 289462.99436839635 16455
831.35 0.0 289691.6864077294 289122.8064077294 16627
840.7 0.0 288935.82619082043 288366.9461908204 16814
914.25 0.0 288823.3610074573 288254.4810074573 18285
936.15 0.0 288782.79941153293 288213.91941153293 18723
944.25 0.0 288673.05293225637 288104.17293225636 18885
964.85 0.0 288637.1987316874 288068.3187316874 19297
981.05 0.0 288634.9103622005 288066.0303622005 19621
1002.2 0.0 288588.6467578591 288019.7667578591 20044
1014.95 0.0 288573.2665207 288004.3865207 20299
1046.75 0.0 288478.8047924521 287909.9247924521 20935
1092.75 0.0 288475.6428629145 287906.7628629145 21855
1120.25 0.0 288465.0957273523 287896.2157273523 22405
1126.8 0.0 288461.42921814776 287892.54921814776 22536
1142.0 0.0 288437.61999238527 287868.73999238526 22840
1244.15 0.0 288432.41108672903 287863.531086729 24883
1271.75 0.0 288431.6648811323 287862.7848811323 25435
1291.45 0.0 288431.2651881863 287862.3851881863 25829
1323.6 0.0 288431.1875742818 287862.3075742818 26472
1338.2 0.0 288431.02769017144 287862.14769017143 26764
1379.75 0.0 288430.95007626695 287862.07007626694 27595
