% fevals/dim | frac | F - F_opt (32.7) | best fitness | fevals
2.85 0.21311475409836064 33.49399572484259 66.1939957248426 57
16.75 0.21311475409836064 31.015036296431624 63.71503629643163 335
21.8 0.21311475409836064 29.612193923277218 62.31219392327722 436
30.6 0.21311475409836064 28.380400328825246 61.08040032882525 612
42.3 0.22950819672131148 24.09613024275845 56.79613024275845 846
51.75 0.22950819672131148 19.99645158543651 52.69645158543651 1035
92.85 0.22950819672131148 18.994551144412874 51.69455114441288 1857
110.25 0.2459016393442623 15.163290525577239 47.86329052557724 2205
121.45 0.2459016393442623 12.912354783488787 45.61235478348879 2429
178.6 0.26229508196721313 8.949121963041144 41.649121963041146 3572
310.1 0.2786885245901639 5.678639604564161 38.378639604564164 6202
505.5 0.2786885245901639 5.207223825731468 37.90722382573147 10110
554.9 0.29508196721311475 3.403676050255889 36.10367605025589 11098
757.2 0.29508196721311475 3.120905115731226 35.82090511573123 15144
772.4 0.29508196721311475 2.9534663529291123 35.653466352929115 15448
795.85 0.3114754098360656 2.2740652296129014 34.974065229612904 15917
804.8 0.3114754098360656 1.9300521866198537 34.63005218661986 16096
948.25 0.3114754098360656 1.724440654265912 34.424440654265915 18965
1010.1 0.32786885245901637 1.176879695342528 33.87687969534253 20202
1098.85 0.3442622950819672 0.9699777342774496 33.66997773427745 21977
1202.25 0.3442622950819672 0.673041788606632 33.373041788606635 24045
1287.95 0.3442622950819672 0.658237201783173 33.358237201783176 25759
1291.8 0.36065573770491804 0.5609142817784587 33.26091428177846 25836
