% fevals/dim | frac | F - F_opt (32.7) | best fitness | fevals
2.85 0.21311475409836064 33.49399572484259 66.1939957248426 57
14.8 0.21311475409836064 31.925920341690457 64.62592034169046 296
41.75 0.21311475409836064 25.742230513303795 58.4422305133038 835
63.2 0.22950819672131148 21.328276454616102 54.028276454616105 1264
71.1 0.22950819672131148 21.008803566854915 53.70880356685492 1422
140.65 0.22950819672131148 17.30018426717109 50.00018426717109 2813
251.4 0.2459016393442623 11.307650847207107 44.00765084720711 5028
412.8 0.2459016393442623 10.49987277463989 43.19987277463989 8256
573.45 0.26229508196721313 9.585293590854334 42.28529359085434 11469
602.8 0.26229508196721313 9.502476533422552 42.202476533422555 12056
668.25 0.26229508196721313 9.099799626095034 41.79979962609504 13365
677.9 0.26229508196721313 7.04233526116974 39.74233526116974 13558
767.15 0.2786885245901639 5.310918678797336 38.01091867879734 15343
960.3 0.2786885245901639 4.780192421327172 37.480192421327175 19206
1038.8 0.2786885245901639 4.560262289145072 37.260262289145075 20776
1082.6 0.2786885245901639 4.257306727993964 36.957306727993966 21652
1179.4 0.29508196721311475 3.7778483785194084 36.47784837851941 23588
1210.55 0.29508196721311475 3.7268664942457264 36.42686649424573 24211
1218.85 0.29508196721311475 3.126856670214508 35.82685667021451 24377
1293.7 0.29508196721311475 2.81466326116324 35.51466326116324 25874
1298.3 0.3114754098360656 2.1791413970150657 34.87914139701507 25966
1373.3 0.3114754098360656 2.147055458651657 34.84705545865166 27466
1394.0 0.3114754098360656 2.077424124040739 34.77742412404074 27880
1420.7 0.3114754098360656 1.9200293189138335 34.620029318913836 28414
1429.7 0.3114754098360656 1.8699273803010072 34.56992738030101 28594
1434.4 0.3114754098360656 1.8598571283018686 34.55985712830187 28688
1442.25 0.32786885245901637 1.5484992518508918 34.248499251850895 28845
1467.7 0.32786885245901637 1.2291423872846252 33.92914238728463 29354
1526.7 0.32786885245901637 1.1712731524187276 33.87127315241873 30534
1541.1 0.32786885245901637 1.025658227935132 33.725658227935135 30822
1564.7 0.3442622950819672 0.673041788606632 33.373041788606635 31294
1652.25 0.36065573770491804 0.5892099206614887 33.28920992066149 33045
1674.3 0.36065573770491804 0.5609142817784587 33.26091428177846 33486
