14.75 0.18032786885245902 72.64246507189849 24.042465071898484 295
19.95 0.18032786885245902 69.59980343959232 20.99980343959232 399
52.5 0.18032786885245902 63.40566950966507 14.805669509665066 1050
82.25 0.19672131147540983 61.15534341745474 12.555343417454736 1645
111.7 0.19672131147540983 60.725789102919485 12.125789102919484 2234
158.85 0.19672131147540983 55.04858892431409 6.4485889243140875 3177
186.9 0.19672131147540983 52.83451548222418 4.234515482224175 3738
222.3 0.19672131147540983 45.254958348693236 -3.345041651306765 4446
405.2 0.19672131147540983 45.0885106594749 -3.5114893405251024 8104
444.4 0.21311475409836064 37.87559307295061 -10.724406927049394 8888
513.95 0.21311475409836064 34.19734660354998 -14.40265339645002 10279
532.9 0.21311475409836064 31.396160049651265 -17.203839950348737 10658
693.3 0.21311475409836064 29.662762724820713 -18.93723727517929 13866
742.4 0.21311475409836064 25.600509086816604 -22.999490913183397 14848
859.0 0.22950819672131148 24.237645402882833 -24.362354597117168 17180
922.85 0.22950819672131148 22.391476591346482 -26.20852340865352 18457
933.65 0.22950819672131148 20.794332247193225 -27.805667752806777 18673
977.9 0.22950819672131148 18.945464351229642 -29.65453564877036 19558
1095.9 0.22950819672131148 17.851392467451358 -30.748607532548643 21918
1239.35 0.22950819672131148 17.017002238943064 -31.582997761056937 24787
1250.9 0.22950819672131148 16.807653467027198 -31.792346532972804 25018
1275.3 0.2459016393442623 15.71585684174179 -32.88414315825821 25506
1390.9 0.2459016393442623 15.610576427550747 -32.989423572449255 27818
1457.6 0.2459016393442623 13.946958826717875 -34.653041173282126 29152
1481.2 0.2459016393442623 13.024182982851983 -35.57581701714802 29624
1591.85 0.26229508196721313 9.35995874811271 -39.24004125188729 31837
1688.0 0.26229508196721313 8.39900130916827 -40.20099869083173 33760
2122.85 0.26229508196721313 7.543835611233803 -41.0561643887662 42457
2129.1 0.26229508196721313 6.904625275582518 -41.69537472441748 42582
2206.7 0.2786885245901639 5.133329303291767 -43.466670696708235 44134
2458.75 0.29508196721311475 3.8921762672005897 -44.70782373279941 49175
2470.35 0.29508196721311475 3.767501986468524 -44.83249801353148 49407
2523.65 0.3114754098360656 2.2302515079784584 -46.36974849202154 50473
2700.45 0.3114754098360656 2.0107086746788383 -46.58929132532116 54009
2731.8 0.3114754098360656 1.9847131919083623 -46.61528680809164 54636
2789.15 0.36065573770491804 0.6215325319471035 -47.9784674680529 55783
3402.55 0.36065573770491804 0.5652263889374325 -48.03477361106257 68051
3498.8 0.36065573770491804 0.5279828430682585 -48.07201715693174 69976
3569.6 0.36065573770491804 0.5092687989796261 -48.090731201020375 71392
3606.75 0.36065573770491804 0.5039141703303258 -48.096085829669676 72135
5801.3 0.36065573770491804 0.4994235124545341 -48.10057648754547 116026
