% fevals/dim | frac | F - F_opt (-66.39) | best fitness | fevals
3.95 0.13114754098360656 252.52844166437404 186.13844166437406 79
13.55 0.14754098360655737 243.03951773499642 176.64951773499644 271
18.75 0.14754098360655737 190.55704750506885 124.16704750506885 375
30.15 0.16393442622950818 148.93406880784886 82.54406880784886 603
52.35 0.16393442622950818 140.24075326811362 73.85075326811362 1047
84.05 0.16393442622950818 102.95548508571292 36.56548508571292 1681
103.85 0.18032786885245902 71.80887642792894 5.418876427928936 2077
139.65 0.19672131147540983 55.96606134047967 -10.423938659520331 2793
142.45 0.19672131147540983 42.31049972198689 -24.079500278013107 2849
170.45 0.21311475409836064 26.42206787204932 -39.96793212795068 3409
185.25 0.22950819672131148 24.39797105485566 -41.99202894514434 3705
200.05 0.22950819672131148 19.799068298468285 -46.590931701531716 4001
235.7 0.26229508196721313 7.192249441438314 -59.19775055856169 4714
250.4 0.29508196721311475 2.8329807108324374 -63.55701928916756 5008
265.2 0.3114754098360656 1.8329807108324303 -64.55701928916757 5304
