% fevals/dim | frac | F - F_opt (-568.88) | best fitness | fevals
6.4 0.0 3804084.2828351627 3803515.402835163 128
16.2 0.0 1533021.4182012689 1532452.538201269 324
37.45 0.0 1377963.3724285278 1377394.492428528 749
50.05 0.0 1247789.8019552724 1247220.9219552726 1001
56.6 0.0 998995.7172197739 998426.8372197739 1132
70.75 0.0 701037.018249541 700468.138249541 1415
96.95 0.0 660176.4896740476 659607.6096740476 1939
105.75 0.0 659517.3262938671 658948.4462938671 2115
116.6 0.0 598968.1410557589 598399.2610557589 2332
131.95 0.0 481368.9799429299 480800.09994292987 2639
140.6 0.0 417887.9210835149 417319.0410835149 2812
152.0 0.0 394537.50904762454 393968.62904762453 3040
165.1 0.0 392719.09291182127 392150.21291182126 3302
188.05 0.0 356616.83283023816 356047.95283023815 3761
233.55 0.0 329157.6469900553 328588.7669900553 4671
237.15 0.0 313889.14935706765 313320.26935706765 4743
243.7 0.0 310419.49103908445 309850.61103908444 4874
299.05 0.0 307954.9519867586 307386.0719867586 5981
319.5 0.0 300861.61014483834 300292.73014483834 6390
353.4 0.0 295382.6485729995 294813.7685729995 7068
386.15 0.0 294993.221501789 294424.341501789 7723
392.7 0.0 293465.95274723135 292897.07274723134 7854
405.8 0.0 292328.86924775015 291759.98924775014 8116
420.5 0.0 292093.2171274281 291524.3371274281 8410
453.25 0.0 291774.56871855597 291205.68871855596 9065
458.65 0.0 291594.0991751643 291025.2191751643 9173
490.7 0.0 290698.74805224466 290129.86805224465 9814
491.35 0.0 290616.4876290207 290047.6076290207 9827
511.95 0.0 289951.77494474605 289382.89494474605 10239
537.75 0.0 289431.8724344338 288862.9924344338 10755
550.85 0.0 289094.72261392657 288525.84261392656 11017
610.15 0.0 288990.4834383066 288421.6034383066 12203
619.0 0.0 288750.84631714807 288181.96631714806 12380
659.15 0.0 288674.8114404021 288105.9314404021 13183
663.5 0.0 288635.18211333023 288066.3021133302 13270
670.05 0.0 288630.6214549781 288061.7414549781 13401
706.8 0.0 288620.2555214916 288051.3755214916 14136
712.5 0.0 288556.1706019883 287987.2906019883 14250
732.5 0.0 288495.06947964604 287926.18947964604 14650
740.9 0.0 288492.54316744517 287923.66316744516 14818
758.7 0.0 288479.1974426839 287910.3174426839 15174
767.35 0.0 288475.7500229813 287906.8700229813 15347
788.0 0.0 288472.0597363231 287903.1797363231 15760
802.55 0.0 288467.10373668093 287898.2237366809 16051
809.25 0.0 288444.41198020265 287875.53198020265 16185
855.3 0.0 288439.35610841634 287870.47610841633 17106
858.85 0.0 288432.83253019274 287863.95253019274 17177
908.3 0.0 288432.6508955646 287863.7708955646 18166
917.15 0.0 288431.7424950368 287862.8624950368 18343
941.85 0.0 288431.02769017144 287862.14769017143 18837
948.05 0.0 288430.95007626695 287862.07007626694 18961
