% fevals/dim | frac | F - F_opt (-66.39) | best fitness | fevals
3.95 0.13114754098360656 252.52844166437404 186.13844166437406 79
28.45 0.14754098360655737 235.83653692324168 169.4465369232417 569
37.8 0.14754098360655737 227.30223638482846 160.91223638482847 756
44.15 0.14754098360655737 218.5281954452364 152.13819544523642 883
48.85 0.14754098360655737 206.05510418751845 139.66510418751847 977
60.4 0.14754098360655737 204.62891634065699 138.238916340657 1208
67.2 0.14754098360655737 196.3564074027977 129.9664074027977 1344
72.65 0.14754098360655737 178.38990178700212 111.99990178700212 1453
83.15 0.14754098360655737 172.34516926733914 105.95516926733914 1663
100.5 0.14754098360655737 164.7283003426397 98.3383003426397 2010
108.25 0.14754098360655737 159.70488837326906 93.31488837326906 2165
121.85 0.16393442622950818 146.07433424717857 79.68433424717857 2437
124.95 0.16393442622950818 132.7206737457962 66.3306737457962 2499
135.45 0.16393442622950818 132.47938779048124 66.08938779048124 2709
141.9 0.16393442622950818 120.0580219992018 53.6680219992018 2838
152.15 0.16393442622950818 107.05721057165874 40.66721057165874 3043
169.1 0.16393442622950818 106.54520063300932 40.155200633009315 3382
179.35 0.16393442622950818 105.46038723110865 39.070387231108654 3587
183.75 0.18032786885245902 87.29487038361192 20.90487038361192 3675
196.45 0.18032786885245902 82.55202267392282 16.16202267392282 3929
202.9 0.18032786885245902 77.94396756474396 11.553967564743957 4058
209.7 0.18032786885245902 71.88174093726758 5.491740937267579 4194
213.25 0.18032786885245902 63.53682621247835 -2.853173787521648 4265
240.35 0.19672131147540983 54.918111286003004 -11.471888713996997 4807
258.1 0.19672131147540983 47.81986493486693 -18.570135065133073 5162
268.45 0.19672131147540983 41.42734776332525 -24.96265223667475 5369
275.25 0.21311475409836064 38.188838005314416 -28.201161994685584 5505
302.45 0.21311475409836064 31.694142757402467 -34.69585724259753 6049
324.85 0.21311475409836064 31.15717050387272 -35.23282949612728 6497
342.7 0.21311475409836064 27.75888274544139 -38.63111725455861 6854
353.55 0.22950819672131148 21.43051262747848 -44.95948737252152 7071
360.3 0.22950819672131148 21.38322253991737 -45.00677746008263 7206
367.1 0.22950819672131148 17.952168672844202 -48.4378313271558 7342
399.65 0.2459016393442623 14.90111311581969 -51.48888688418031 7993
402.1 0.2459016393442623 10.547413944222974 -55.842586055777026 8042
422.5 0.26229508196721313 8.289738160853595 -58.100261839146405 8450
478.6 0.26229508196721313 6.607152068210219 -59.78284793178978 9572
483.05 0.29508196721311475 3.257675783369379 -63.13232421663062 9661
515.4 0.32786885245901637 1.4384498882876642 -64.95155011171234 10308
