10.2 0.18032786885245902 66.54682816 41.296828160000004 204
88.95 0.19672131147540983 49.396428160000006 24.146428160000006 1779
110.4 0.19672131147540983 45.39002816000001 20.140028160000007 2208
115.2 0.19672131147540983 43.13722816000001 17.887228160000006 2304
156.4 0.21311475409836064 36.594828160000006 11.344828160000006 3128
164.2 0.21311475409836064 35.21562816000001 9.965628160000009 3284
229.05 0.21311475409836064 33.39322816 8.14322816 4581
244.8 0.21311475409836064 31.77882816 6.52882816 4896
253.45 0.21311475409836064 25.511628160000004 0.26162816000000433 5069
284.4 0.22950819672131148 19.706828159999997 -5.543171840000003 5688
346.05 0.22950819672131148 18.697228160000005 -6.552771839999995 6921
360.85 0.22950819672131148 18.514828160000004 -6.735171839999996 7217
392.55 0.22950819672131148 17.585228160000003 -7.664771839999997 7851
404.1 0.22950819672131148 16.266828160000003 -8.983171839999997 8082
418.8 0.2459016393442623 14.32442816 -10.92557184 8376
429.9 0.2459016393442623 13.854028160000002 -11.395971839999998 8598
450.15 0.2459016393442623 13.732428160000005 -11.517571839999995 9003
459.8 0.2459016393442623 13.207628160000002 -12.042371839999998 9196
470.9 0.2459016393442623 12.52442816 -12.72557184 9418
504.2 0.26229508196721313 8.281228159999998 -16.968771840000002 10084
581.5 0.2786885245901639 5.298828159999999 -19.95117184 11630
622.25 0.2786885245901639 5.2236281600000005 -20.02637184 12445
677.35 0.29508196721311475 3.638028160000001 -21.61197184 13547
704.3 0.29508196721311475 3.4892281599999997 -21.76077184 14086
721.8 0.29508196721311475 3.4156281600000007 -21.83437184 14436
741.25 0.3114754098360656 2.476428160000001 -22.77357184 14825
800.55 0.3114754098360656 2.2636281599999997 -22.98637184 16011
828.75 0.3114754098360656 2.13082816 -23.11917184 16575
879.3 0.3114754098360656 2.122828160000001 -23.12717184 17586
897.15 0.3114754098360656 2.050828160000002 -23.199171839999998 17943
965.6 0.3114754098360656 1.8604281599999979 -23.389571840000002 19312
