% fevals/dim | frac | F - F_opt (32.7) | best fitness | fevals
2.85 0.21311475409836064 33.49399572484259 66.1939957248426 57
9.55 0.22950819672131148 24.317430528310034 57.01743052831004 191
17.8 0.2459016393442623 15.12127370057162 47.82127370057162 356
75.4 0.2459016393442623 14.985754092515428 47.68575409251543 1508
91.45 0.2459016393442623 11.786563583829235 44.48656358382924 1829
91.9 0.2459016393442623 11.130702192841355 43.83070219284136 1838
97.8 0.2459016393442623 10.858980442709196 43.5589804427092 1956
135.6 0.26229508196721313 9.533335993648251 42.233335993648254 2712
145.9 0.26229508196721313 8.659202491881018 41.35920249188102 2918
182.05 0.26229508196721313 7.638744322667279 40.33874432266728 3641
194.75 0.26229508196721313 7.590626209924324 40.290626209924326 3895
200.1 0.26229508196721313 6.81553942228269 39.51553942228269 4002
224.1 0.26229508196721313 6.371841411361913 39.071841411361916 4482
228.15 0.26229508196721313 6.31529483111261 39.01529483111261 4563
234.9 0.2786885245901639 5.762443105956493 38.462443105956496 4698
240.3 0.2786885245901639 5.539166013751924 38.23916601375193 4806
259.55 0.2786885245901639 5.503967100344262 38.203967100344265 5191
269.4 0.2786885245901639 4.998685387323384 37.69868538732339 5388
280.2 0.2786885245901639 4.922555771041758 37.62255577104176 5604
282.55 0.2786885245901639 4.704961175819932 37.404961175819935 5651
288.25 0.2786885245901639 4.09527281534892 36.79527281534892 5765
299.05 0.29508196721311475 3.9788065826973735 36.678806582697376 5981
304.45 0.29508196721311475 3.790951984548876 36.49095198454888 6089
328.25 0.29508196721311475 3.687391187757683 36.387391187757686 6565
336.75 0.29508196721311475 3.4430024618122133 36.143002461812216 6735
348.45 0.29508196721311475 2.7979424915867597 35.49794249158676 6969
380.7 0.3114754098360656 2.429294247643355 35.12929424764336 7614
435.85 0.3114754098360656 2.371116577535055 35.07111657753506 8717
445.3 0.3114754098360656 2.326657548962963 35.026657548962966 8906
451.0 0.3114754098360656 2.3063151198000256 35.00631511980003 9020
456.1 0.32786885245901637 1.4163375957267448 34.11633759572675 9122
517.8 0.32786885245901637 1.311744084335416 34.01174408433542 10356
523.6 0.3442622950819672 0.8864235719931344 33.58642357199314 10472
578.1 0.3442622950819672 0.7033757375879404 33.40337573758794 11562
631.45 0.3442622950819672 0.7023697771419819 33.402369777141985 12629
637.9 0.3442622950819672 0.673041788606632 33.373041788606635 12758
