% fevals/dim | frac | F - F_opt (77.89) | best fitness | fevals
4.85 0.0 97858278.02838154 97858355.91838154 97
47.05 0.0 96720060.87281953 96720138.76281953 941
59.6 0.0 83742866.63711213 83742944.52711213 1192
67.4 0.0 83100643.982303 83100721.872303 1348
80.2 0.0 66374384.57288094 66374462.46288094 1604
92.0 0.0 58757968.77323087 58758046.66323087 1840
102.8 0.0 47898822.201198414 47898900.091198415 2056
121.35 0.0 46289948.179573216 46290026.069573216 2427
124.25 0.0 36708811.98468065 36708889.87468065 2485
152.4 0.0 31610925.769726735 31611003.659726735 3048
158.55 0.0 27356078.434595313 27356156.324595314 3171
175.75 0.0 24782475.261217147 24782553.151217148 3515
181.4 0.0 23560203.23330343 23560281.123303432 3628
205.05 0.0 20293611.159013055 20293689.049013056 4101
224.05 0.0 19925773.343289122 19925851.233289123 4481
241.2 0.0 19770883.79851381 19770961.68851381 4824
246.4 0.0 15829729.896917043 15829807.786917044 4928
278.2 0.0 12088590.617953872 12088668.507953873 5564
307.4 0.0 9809231.063645346 9809308.953645347 6148
345.7 0.0 8961760.42171486 8961838.31171486 6914
369.95 0.0 8899209.599094665 8899287.489094665 7399
372.15 0.0 8311042.954774852 8311120.844774852 7443
383.6 0.0 7942845.90608288 7942923.796082879 7672
390.75 0.0 6420976.918545519 6421054.808545519 7815
418.3 0.0 6100281.607419445 6100359.497419445 8366
423.2 0.0 5977749.697843727 5977827.587843726 8464
435.0 0.0 5673807.282708003 5673885.172708003 8700
450.3 0.0 5293060.17594779 5293138.06594779 9006
460.2 0.0 3290499.4003418204 3290577.2903418206 9204
524.3 0.0 2874165.0806604237 2874242.970660424 10486
554.1 0.0 2606188.272135153 2606266.162135153 11082
560.3 0.0 2093231.1174176245 2093309.0074176244 11206
604.0 0.0 1991936.6897292426 1992014.5797292425 12080
623.65 0.0 1900129.96516928 1900207.85516928 12473
637.25 0.0 1785493.569048397 1785571.459048397 12745
666.55 0.0 1583847.528219606 1583925.418219606 13331
767.3 0.0 1355862.155592293 1355940.045592293 15346
