% fevals/dim | frac | F - F_opt (-66.39) | best fitness | fevals
3.95 0.13114754098360656 252.52844166437404 186.13844166437406 79
31.05 0.14754098360655737 221.48117394806775 155.09117394806776 621
38.85 0.16393442622950818 133.59751873885403 67.20751873885403 777
89.8 0.16393442622950818 125.79845851125015 59.408458511250146 1796
105.6 0.18032786885245902 99.53631911746152 33.146319117461516 2112
126.45 0.18032786885245902 97.27269843920968 30.882698439209676 2529
138.15 0.18032786885245902 78.44935082125473 12.059350821254725 2763
144.45 0.19672131147540983 47.70881252341434 -18.681187476585663 2889
198.65 0.19672131147540983 43.00878148212777 -23.381218517872227 3973
204.7 0.2459016393442623 13.157458121085575 -53.232541878914425 4094
258.6 0.26229508196721313 9.16490355416218 -57.22509644583782 5172
268.35 0.26229508196721313 8.338176523848155 -58.051823476151846 5367
288.0 0.2786885245901639 5.824963563341733 -60.56503643665827 5760
306.0 0.3442622950819672 1.0 -65.39 6120
