% fevals/dim | frac | F - F_opt (77.89) | best fitness | fevals
4.85 0.0 97858278.02838154 97858355.91838154 97
179.95 0.0 66068648.6554773 66068726.5454773 3599
530.4 0.0 52382230.61616826 52382308.50616826 10608
646.05 0.0 44378846.29499457 44378924.18499457 12921
967.35 0.0 35652568.701064356 35652646.591064356 19347
1150.9 0.0 35616301.60002903 35616379.49002903 23018
1193.0 0.0 30020457.450927056 30020535.340927057 23860
1214.15 0.0 28659790.759540588 28659868.64954059 24283
1268.95 0.0 24839718.565540686 24839796.455540687 25379
1352.8 0.0 22311705.49248135 22311783.38248135 27056
1357.95 0.0 16353947.665656254 16354025.555656254 27159
1420.0 0.0 14918307.198530393 14918385.088530393 28400
1547.45 0.0 14402379.492483782 14402457.382483782 30949
1627.4 0.0 12427235.734769158 12427313.624769159 32548
1658.3 0.0 11368442.60243842 11368520.49243842 33166
1684.05 0.0 11217666.496747352 11217744.386747353 33681
1722.95 0.0 10156701.229971522 10156779.119971523 34459
1733.15 0.0 8000706.430648084 8000784.320648083 34663
1805.25 0.0 7110378.23769253 7110456.12769253 36105
1961.1 0.0 5612437.999667928 5612515.889667927 39222
2120.15 0.0 5396781.125895813 5396859.015895813 42403
2176.1 0.0 5279536.008578807 5279613.898578807 43522
2291.9 0.0 4434486.126058386 4434564.016058385 45838
2338.25 0.0 3338001.088921428 3338078.9789214283 46765
2389.35 0.0 3183390.215169971 3183468.105169971 47787
2527.25 0.0 3142891.0991170015 3142968.9891170016 50545
2558.15 0.0 2308339.222137421 2308417.112137421 51163
2568.45 0.0 1695784.1581358039 1695862.0481358038 51369
3013.85 0.0 1361472.5714057954 1361550.4614057953 60277
3095.6 0.0 1274618.901800756 1274696.791800756 61912
3157.4 0.0 1063625.365370428 1063703.2553704279 63148
