25.65 0.19672131147540983 56.225228160000015 30.975228160000015 513
63.85 0.21311475409836064 34.703628159999994 9.453628159999994 1277
93.45 0.21311475409836064 33.055628160000005 7.805628160000005 1869
118.75 0.21311475409836064 26.60282816 1.3528281600000014 2375
134.25 0.21311475409836064 25.868428160000004 0.6184281600000041 2685
135.55 0.22950819672131148 24.647628160000004 -0.6023718399999964 2711
141.95 0.22950819672131148 24.460428160000006 -0.7895718399999936 2839
155.35 0.22950819672131148 21.937228159999997 -3.3127718400000035 3107
180.9 0.22950819672131148 17.854028160000002 -7.395971839999998 3618
195.5 0.2459016393442623 14.79162816 -10.45837184 3910
218.4 0.2459016393442623 13.33562816 -11.91437184 4368
233.35 0.2459016393442623 10.71322816 -14.53677184 4667
249.1 0.26229508196721313 7.71482816 -17.53517184 4982
287.5 0.26229508196721313 6.527628159999999 -18.72237184 5750
323.45 0.2786885245901639 5.654028159999999 -19.59597184 6469
328.95 0.2786885245901639 5.020428160000002 -20.22957184 6579
336.15 0.29508196721311475 3.55002816 -21.69997184 6723
369.5 0.29508196721311475 3.3996281600000025 -21.850371839999998 7390
393.65 0.29508196721311475 3.204428159999999 -22.04557184 7873
418.85 0.29508196721311475 3.1116281599999986 -22.13837184 8377
432.05 0.3114754098360656 2.122828160000001 -23.12717184 8641
468.55 0.3114754098360656 2.050828160000002 -23.199171839999998 9371
493.05 0.3114754098360656 1.8604281599999979 -23.389571840000002 9861
