% fevals/dim | frac | F - F_opt (-568.88) | best fitness | fevals
8.5 0.0 2064653.4137222988 2064084.533722299 170
21.25 0.0 1511689.2614655814 1511120.3814655815 425
43.05 0.0 1246181.4756481769 1245612.595648177 861
64.85 0.0 1084795.2101292796 1084226.3301292798 1297
73.25 0.0 638589.0347158925 638020.1547158925 1465
95.05 0.0 632565.5477710401 631996.6677710401 1901
127.75 0.0 618234.6225625027 617665.7425625027 2555
160.45 0.0 492093.61646037287 491524.73646037286 3209
257.45 0.0 465894.8049256171 465325.9249256171 5149
266.0 0.0 459603.4363204074 459034.55632040737 5320
276.9 0.0 456851.39365232055 456282.51365232054 5538
293.7 0.0 434800.6126226782 434231.7326226782 5874
305.0 0.0 335021.53881516005 334452.65881516004 6100
350.25 0.0 318600.97058889456 318032.09058889456 7005
428.0 0.0 305092.0352981477 304523.1552981477 8560
506.2 0.0 302847.8933738432 302279.0133738432 10124
514.25 0.0 300671.02274706494 300102.14274706494 10285
525.15 0.0 294063.34733361466 293494.46733361465 10503
658.8 0.0 294034.13783685386 293465.25783685385 13176
683.6 0.0 291187.4583834401 290618.5783834401 13672
732.95 0.0 290984.1743495888 290415.2943495888 14659
741.6 0.0 290771.1396124294 290202.2596124294 14832
752.55 0.0 290751.4538297788 290182.5738297788 15051
772.2 0.0 290091.06871018175 289522.18871018174 15444
796.95 0.0 289983.8268657877 289414.9468657877 15939
818.75 0.0 289928.28714699665 289359.40714699664 16375
837.85 0.0 289149.6732397841 288580.7932397841 16757
885.0 0.0 288913.0248668158 288344.14486681577 17700
896.65 0.0 288802.70993243996 288233.82993243996 17933
914.8 0.0 288558.69175042654 287989.81175042654 18296
1023.65 0.0 288548.73851924343 287979.8585192434 20473
1028.8 0.0 288505.1155477162 287936.2355477162 20576
1061.5 0.0 288473.83836498886 287904.95836498885 21230
1159.6 0.0 288459.7627976597 287890.8827976597 23192
1185.0 0.0 288454.94864937215 287886.06864937214 23700
1230.9 0.0 288450.4908993296 287881.6108993296 24618
1283.45 0.0 288438.3023798235 287869.4223798235 25669
1291.5 0.0 288434.5333494904 287865.65334949037 25830
1301.3 0.0 288432.8883935795 287864.0083935795 26026
1365.3 0.0 288432.4887006335 287863.6087006335 27306
1399.4 0.0 288432.41108672903 287863.531086729 27988
1408.35 0.0 288431.1875742818 287862.3075742818 28167
1444.45 0.0 288430.95007626695 287862.07007626694 28889
