% fevals/dim | frac | F - F_opt (77.89) | best fitness | fevals
4.85 0.0 97858278.02838154 97858355.91838154 97
85.5 0.0 70147213.23592232 70147291.12592232 1710
162.05 0.0 68321175.66604331 68321253.55604331 3241
175.4 0.0 47811289.877454266 47811367.76745427 3508
223.35 0.0 43942546.71046792 43942624.60046792 4467
307.45 0.0 33126591.41124382 33126669.30124382 6149
327.9 0.0 20174755.7541137 20174833.6441137 6558
451.6 0.0 20126905.70735441 20126983.597354412 9032
460.5 0.0 19446119.0555527 19446196.9455527 9210
472.4 0.0 16416126.274593247 16416204.164593248 9448
501.9 0.0 14326071.636187468 14326149.526187468 10038
531.3 0.0 11562612.055252012 11562689.945252012 10626
568.05 0.0 9473282.620270053 9473360.510270054 11361
575.85 0.0 7296673.168796084 7296751.058796084 11517
607.85 0.0 5919027.508625355 5919105.398625354 12157
700.8 0.0 5690290.555010733 5690368.445010733 14016
736.05 0.0 5613215.546722009 5613293.4367220085 14721
751.8 0.0 4730394.777643463 4730472.667643462 15036
762.2 0.0 3772255.6167993206 3772333.5067993207 15244
785.85 0.0 3289110.520165 3289188.4101650002 15717
896.3 0.0 3050316.0831817193 3050393.9731817194 17926
904.8 0.0 2335488.428460419 2335566.3184604193 18096
967.25 0.0 2075956.796596503 2076034.6865965028 19345
1004.1 0.0 2075681.5612951752 2075759.4512951751 20082
1012.25 0.0 1929447.3698546248 1929525.2598546247 20245
1019.15 0.0 1900129.96516928 1900207.85516928 20383
1071.05 0.0 1671409.0917043472 1671486.981704347 21421
1089.9 0.0 1278239.997207791 1278317.887207791 21798
1354.8 0.0 1208457.1960219997 1208535.0860219996 27096
