% fevals/dim | frac | F - F_opt (47.39) | best fitness | fevals
2.05 0.2459016393442623 10.735794899280585 58.125794899280585 41
30.05 0.26229508196721313 9.782657862352472 57.17265786235247 601
79.35 0.26229508196721313 8.369590036134483 55.75959003613448 1587
116.05 0.26229508196721313 8.104614311914702 55.4946143119147 2321
125.55 0.26229508196721313 7.537206670369656 54.92720667036966 2511
170.15 0.26229508196721313 7.022562888400451 54.41256288840045 3403
181.8 0.26229508196721313 6.366913517502432 53.75691351750243 3636
189.6 0.2786885245901639 6.259699132053974 53.649699132053975 3792
250.15 0.2786885245901639 5.593165660078817 52.98316566007882 5003
289.35 0.2786885245901639 4.987533485224816 52.377533485224816 5787
317.35 0.2786885245901639 4.648715178916021 52.03871517891602 6347
429.1 0.2786885245901639 4.624281915110011 52.01428191511001 8582
435.75 0.29508196721311475 3.7960697924328457 51.186069792432846 8715
485.35 0.29508196721311475 3.673078467454488 51.06307846745449 9707
490.95 0.29508196721311475 3.3623891275077114 50.75238912750771 9819
625.35 0.29508196721311475 2.739243931190458 50.12924393119046 12507
630.95 0.29508196721311475 2.708367051909015 50.098367051909015 12619
1307.7 0.29508196721311475 2.7045038541411657 50.094503854141166 26154
1330.1 0.29508196721311475 2.5749081397524947 49.964908139752495 26602
1334.9 0.3114754098360656 2.3055225019538597 49.69552250195386 26698
1358.3 0.3114754098360656 2.198806390200346 49.58880639020035 27166
1463.4 0.3114754098360656 2.1143441125272275 49.50434411252723 29268
1472.4 0.3114754098360656 2.050954180331587 49.44095418033159 29448
1517.2 0.3114754098360656 1.8794955747142126 49.26949557471421 30344
1841.35 0.3114754098360656 1.829988676648675 49.219988676648676 36827
1858.8 0.32786885245901637 1.369906101822771 48.75990610182277 37176
2168.5 0.32786885245901637 1.273991316452424 48.663991316452424 43370
2203.5 0.32786885245901637 1.2331874244490706 48.62318742444907 44070
2590.15 0.32786885245901637 1.2155141747981375 48.60551417479814 51803
2607.6 0.32786885245901637 1.1050551832868862 48.49505518328689 52152
2998.9 0.32786885245901637 1.0792470102634582 48.46924701026346 59978
3429.95 0.3442622950819672 0.9737215627212876 48.36372156272129 68599
