% fevals/dim | frac | F - F_opt (-568.88) | best fitness | fevals
8.5 0.0 2064653.4137222988 2064084.533722299 170
17.95 0.0 1825779.671264776 1825210.7912647761 359
29.1 0.0 1389814.2859837392 1389245.4059837393 582
42.3 0.0 1274672.098719216 1274103.218719216 846
57.15 0.0 1017630.4279876554 1017061.5479876554 1143
70.65 0.0 1016467.44908685 1015898.56908685 1413
131.85 0.0 891770.7969320498 891201.9169320498 2637
146.25 0.0 521546.12026864715 520977.24026864715 2925
155.7 0.0 521511.1591380593 520942.2791380593 3114
215.45 0.0 459314.56349755515 458745.68349755515 4309
224.9 0.0 449071.40840583824 448502.52840583824 4498
234.35 0.0 447012.21714413055 446443.33714413055 4687
243.8 0.0 441205.06194384414 440636.18194384413 4876
273.3 0.0 366966.66904425825 366397.78904425824 5466
330.0 0.0 356386.6867881451 355817.8067881451 6600
348.5 0.0 353490.4891372782 352921.60913727817 6970
382.5 0.0 335865.2979935945 335296.4179935945 7650
414.65 0.0 334403.3936924401 333834.5136924401 8293
424.1 0.0 321023.30132605607 320454.42132605606 8482
496.15 0.0 310292.61541667284 309723.73541667283 9923
533.95 0.0 307447.5091641643 306878.6291641643 10679
546.65 0.0 307182.5014537397 306613.6214537397 10933
631.7 0.0 307097.2335233479 306528.3535233479 12634
696.7 0.0 306515.11610738514 305946.23610738514 13934
720.2 0.0 304183.95068891795 303615.07068891794 14404
734.8 0.0 303504.5511138185 302935.6711138185 14696
737.45 0.0 298350.3925343639 297781.5125343639 14749
789.1 0.0 292643.5186469116 292074.6386469116 15782
969.0 0.0 291273.8767513493 290704.9967513493 19380
1031.85 0.0 291179.4669397862 290610.5869397862 20637
1041.3 0.0 290157.9538928713 289589.07389287127 20826
1079.2 0.0 290073.6290541485 289504.7490541485 21584
1104.15 0.0 289853.9493655431 289285.0693655431 22083
1114.55 0.0 289474.22441324405 288905.34441324405 22291
1136.4 0.0 289249.1171665717 288680.2371665717 22728
1183.65 0.0 289217.8870861712 288649.0070861712 23673
1195.5 0.0 288899.69505335717 288330.81505335716 23910
1208.0 0.0 288663.91271733504 288095.03271733504 24160
1293.05 0.0 288620.5001108784 288051.6201108784 25861
1305.65 0.0 288505.51361153275 287936.63361153274 26113
1381.25 0.0 288454.7953609477 287885.9153609477 27625
1399.15 0.0 288454.1053219965 287885.2253219965 27983
1492.85 0.0 288439.33532910707 287870.45532910706 29857
1550.4 0.0 288432.91014409723 287864.0301440972 31008
1618.4 0.0 288431.5049970219 287862.6249970219 32368
1640.4 0.0 288430.95007626695 287862.07007626694 32808
