% fevals/dim | frac | F - F_opt (-66.39) | best fitness | fevals
3.95 0.13114754098360656 252.52844166437404 186.13844166437406 79
9.0 0.14754098360655737 244.90580651671723 178.51580651671725 180
17.95 0.14754098360655737 240.60827657934288 174.2182765793429 359
30.95 0.14754098360655737 226.55977345722806 160.16977345722808 619
36.0 0.14754098360655737 220.13758865719285 153.74758865719286 720
48.25 0.14754098360655737 175.21404385908156 108.82404385908156 965
56.95 0.16393442622950818 156.35528344030047 89.96528344030047 1139
65.65 0.16393442622950818 120.40723630761198 54.01723630761198 1313
100.45 0.16393442622950818 104.57254915622406 38.182549156224056 2009
109.3 0.18032786885245902 99.72587772165205 33.335877721652054 2186
126.25 0.18032786885245902 87.38993737751392 20.999937377513916 2525
136.6 0.19672131147540983 56.065383055392196 -10.324616944607804 2732
142.45 0.19672131147540983 52.24379734241124 -14.14620265758876 2849
149.6 0.21311475409836064 31.43044734100414 -34.95955265899586 2992
184.4 0.21311475409836064 30.35218801723886 -36.03781198276114 3688
219.7 0.21311475409836064 25.609315916785476 -40.780684083214524 4394
228.4 0.2459016393442623 11.863899636269252 -54.52610036373075 4568
257.0 0.2459016393442623 10.522549690794122 -55.86745030920588 5140
308.15 0.29508196721311475 3.2475534783774407 -63.14244652162256 6163
