% fevals/dim | frac | F - F_opt (77.89) | best fitness | fevals
4.85 0.0 97858278.02838154 97858355.91838154 97
76.65 0.0 78118933.26038975 78119011.15038975 1533
181.05 0.0 59518498.714984536 59518576.60498454 3621
278.55 0.0 48419337.668537594 48419415.558537595 5571
389.85 0.0 43645529.232021205 43645607.122021206 7797
394.35 0.0 37036061.77534532 37036139.66534532 7887
443.6 0.0 30708948.387693033 30709026.277693033 8872
549.6 0.0 27142979.31092089 27143057.20092089 10992
604.2 0.0 26482059.319420885 26482137.209420886 12084
695.4 0.0 22786224.799787357 22786302.689787358 13908
715.25 0.0 21844906.451167773 21844984.341167774 14305
734.6 0.0 18540292.267164655 18540370.157164656 14692
754.85 0.0 12097165.33853527 12097243.22853527 15097
841.85 0.0 10505812.488112047 10505890.378112048 16837
850.8 0.0 10349739.573739043 10349817.463739043 17016
869.05 0.0 9873282.046710398 9873359.936710399 17381
935.05 0.0 8741301.239060605 8741379.129060606 18701
951.85 0.0 8356547.225634843 8356625.115634843 19037
985.6 0.0 8261803.907375003 8261881.797375003 19712
998.7 0.0 5272128.36476407 5272206.25476407 19974
1031.7 0.0 3853388.210128352 3853466.100128352 20634
1145.85 0.0 3231057.309909488 3231135.199909488 22917
1152.5 0.0 2621473.2074709 2621551.0974709 23050
1262.75 0.0 2475104.1451055855 2475182.0351055856 25255
1300.35 0.0 2182790.4440183165 2182868.3340183166 26007
1329.5 0.0 1819919.1592450575 1819997.0492450574 26590
1380.4 0.0 1799011.2718283802 1799089.16182838 27608
1391.2 0.0 1748588.294455862 1748666.1844558618 27824
1441.15 0.0 1667863.2440493808 1667941.1340493807 28823
1486.65 0.0 1514995.950978502 1515073.8409785018 29733
1496.25 0.0 1355862.155592293 1355940.045592293 29925
1573.75 0.0 1278239.997207791 1278317.887207791 31475
1658.55 0.0 1208457.1960219997 1208535.0860219996 33171
2206.6 0.0 1151154.3386366486 1151232.2286366485 44132
