% fevals/dim | frac | F - F_opt (-568.88) | best fitness | fevals
14.0 0.0 1141561.7392030044 1140992.8592030045 280
149.35 0.0 1122762.8177189115 1122193.9377189116 2987
157.6 0.0 1065255.0325416487 1064686.1525416488 3152
173.25 0.0 944215.8394523049 943646.9594523049 3465
199.2 0.0 878427.113241053 877858.233241053 3984
228.9 0.0 557125.187473641 556556.307473641 4578
398.75 0.0 530135.3791148171 529566.4991148171 7975
570.9 0.0 485629.8946590848 485061.0146590848 11418
593.2 0.0 456285.18709983205 455716.30709983205 11864
664.5 0.0 454012.07100446493 453443.1910044649 13290
692.0 0.0 417750.9806766321 417182.1006766321 13840
819.75 0.0 416997.55016597634 416428.67016597633 16395
837.35 0.0 413523.69300097757 412954.81300097756 16747
879.85 0.0 412264.36941007915 411695.48941007914 17597
892.55 0.0 378398.9971650869 377830.1171650869 17851
1020.65 0.0 374963.1873473141 374394.3073473141 20413
1092.4 0.0 320866.08411500783 320297.20411500783 21848
1452.35 0.0 314036.00479434093 313467.1247943409 29047
1726.55 0.0 308622.7025992929 308053.8225992929 34531
1788.9 0.0 304606.0047537708 304037.12475377077 35778
1802.45 0.0 302646.82240116206 302077.94240116206 36049
1832.85 0.0 300952.0743073287 300383.19430732867 36657
1993.45 0.0 299352.624899196 298783.74489919597 39869
2032.75 0.0 297662.224659779 297093.344659779 40655
2041.8 0.0 295457.8528135503 294888.97281355027 40836
2062.05 0.0 293731.55640065164 293162.67640065163 41241
2140.7 0.0 293665.1588515446 293096.2788515446 42814
2265.95 0.0 291603.2291841991 291034.3491841991 45319
2458.7 0.0 291565.7931874686 290996.9131874686 49174
2492.8 0.0 291153.83939676784 290584.95939676784 49856
2579.55 0.0 289712.2337675036 289143.3537675036 51591
2771.9 0.0 289711.2811854053 289142.4011854053 55438
2789.65 0.0 289469.7950162374 288900.9150162374 55793
2830.25 0.0 289423.9926075948 288855.1126075948 56605
2838.95 0.0 289410.4980820474 288841.6180820474 56779
2855.75 0.0 289042.49450900545 288473.61450900545 57115
2885.35 0.0 289033.34545091726 288464.46545091725 57707
2930.05 0.0 288846.66949183156 288277.78949183156 58601
2967.45 0.0 288663.14448174357 288094.26448174356 59349
3100.8 0.0 288649.4881774207 288080.6081774207 62016
3129.75 0.0 288581.0893307896 288012.20933078957 62595
3165.75 0.0 288563.33221349935 287994.45221349935 63315
3275.25 0.0 288468.2127930467 287899.3327930467 65505
3467.05 0.0 288455.54237279284 287886.66237279284 69341
3521.05 0.0 288453.59195987077 287884.71195987076 70421
3535.3 0.0 288452.00343854027 287883.12343854026 70706
3547.45 0.0 288434.76594167354 287865.88594167354 70949
3613.55 0.0 288434.61096339487 287865.73096339486 72271
3661.25 0.0 288433.3098370432 287864.4298370432 73225
3695.65 0.0 288432.7285094691 287863.84850946907 73913
3710.35 0.0 288431.1875742818 287862.3075742818 74207
3749.45 0.0 288431.02769017144 287862.14769017143 74989
3860.1 0.0 288430.95007626695 287862.07007626694 77202
