% fevals/dim | frac | F - F_opt (32.7) | best fitness | fevals
2.85 0.21311475409836064 33.49399572484259 66.1939957248426 57
10.35 0.21311475409836064 29.938503596052172 62.638503596052175 207
25.85 0.21311475409836064 27.976329075531012 60.676329075531015 517
37.4 0.22950819672131148 20.631355337319754 53.331355337319756 748
81.15 0.22950819672131148 16.322780177393327 49.02278017739333 1623
108.35 0.2459016393442623 10.036096447905514 42.73609644790552 2167
228.55 0.26229508196721313 8.031156295928334 40.731156295928336 4571
246.65 0.26229508196721313 7.970434306381982 40.670434306381985 4933
313.8 0.26229508196721313 7.410710800153396 40.1107108001534 6276
326.5 0.26229508196721313 7.375747107835124 40.07574710783513 6530
355.25 0.2786885245901639 6.277248235591458 38.97724823559146 7105
379.75 0.2786885245901639 5.9196496649949 38.6196496649949 7595
418.2 0.2786885245901639 4.88514985260602 37.58514985260602 8364
457.8 0.29508196721311475 3.7761938953656227 36.476193895365626 9156
488.7 0.29508196721311475 2.8374911061708517 35.537491106170854 9774
499.35 0.29508196721311475 2.754325915278848 35.45432591527885 9987
564.7 0.3114754098360656 1.9565305692986286 34.65653056929863 11294
580.15 0.32786885245901637 1.2148004324403772 33.91480043244038 11603
711.75 0.3442622950819672 0.9885101175684952 33.6885101175685 14235
768.55 0.3442622950819672 0.9709810466802153 33.67098104668022 15371
780.45 0.36065573770491804 0.5609142817784587 33.26091428177846 15609
