103.7 0.18032786885245902 70.77242815999999 45.52242815999999 2074
161.75 0.18032786885245902 63.102028159999996 37.852028159999996 3235
177.05 0.19672131147540983 54.75482816000001 29.50482816000001 3541
190.35 0.19672131147540983 47.30042816000001 22.05042816000001 3807
235.6 0.19672131147540983 41.076428160000006 15.826428160000006 4712
311.75 0.19672131147540983 40.74042816000001 15.490428160000008 6235
328.4 0.21311475409836064 36.59002816000001 11.34002816000001 6568
352.0 0.21311475409836064 36.294028159999996 11.044028159999996 7040
354.25 0.21311475409836064 28.98522816 3.7352281599999984 7085
389.0 0.22950819672131148 23.45242816 -1.7975718399999998 7780
496.35 0.22950819672131148 22.583628160000004 -2.6663718399999965 9927
505.85 0.2459016393442623 15.094028159999999 -10.155971840000001 10117
563.5 0.2459016393442623 14.37882816 -10.87117184 11270
596.6 0.2459016393442623 14.298828159999998 -10.951171840000002 11932
598.9 0.2459016393442623 12.04762816 -13.20237184 11978
655.55 0.2459016393442623 11.19162816 -14.05837184 13111
674.0 0.2459016393442623 10.07962816 -15.17037184 13480
689.75 0.26229508196721313 9.61242816 -15.63757184 13795
698.0 0.26229508196721313 7.06682816 -18.18317184 13960
728.3 0.2786885245901639 5.897228160000001 -19.35277184 14566
780.7 0.2786885245901639 5.102028160000003 -20.147971839999997 15614
792.45 0.2786885245901639 4.48282816 -20.76717184 15849
804.3 0.29508196721311475 3.890828159999998 -21.359171840000002 16086
892.25 0.29508196721311475 3.767628160000001 -21.48237184 17845
896.3 0.29508196721311475 2.8684281600000006 -22.38157184 17926
1014.6 0.3114754098360656 2.463628159999999 -22.78637184 20292
1061.65 0.3114754098360656 2.4156281600000007 -22.83437184 21233
1075.5 0.3114754098360656 2.206028159999999 -23.04397184 21510
1097.85 0.3114754098360656 2.145228160000002 -23.104771839999998 21957
1125.55 0.3114754098360656 2.0892281599999976 -23.160771840000002 22511
1149.2 0.3114754098360656 1.9100281599999995 -23.33997184 22984
1158.25 0.3114754098360656 1.8604281599999979 -23.389571840000002 23165
