26.6 0.14754098360655737 190.11124042558296 289.64124042558296 532
50.85 0.16393442622950818 119.9833246657914 219.5133246657914 1017
73.3 0.16393442622950818 106.15683087496981 205.68683087496981 1466
82.35 0.16393442622950818 104.7979767803441 204.3279767803441 1647
98.95 0.18032786885245902 79.58760351808766 179.11760351808766 1979
114.1 0.18032786885245902 75.70180712399156 175.23180712399156 2282
123.1 0.18032786885245902 70.83133861803361 170.3613386180336 2462
128.9 0.18032786885245902 65.10515777560019 164.6351577756002 2578
136.65 0.22950819672131148 23.171627939429754 122.70162793942976 2733
237.9 0.22950819672131148 20.639738971781767 120.16973897178177 4758
270.65 0.22950819672131148 17.066768795955 116.596768795955 5413
278.9 0.26229508196721313 6.495106956754881 106.02510695675488 5578
