% fevals/dim | frac | F - F_opt (-568.88) | best fitness | fevals
1.6 0.0 4172276.195972969 4171707.315972969 32
10.25 0.0 3449677.4793794826 3449108.5993794827 205
19.1 0.0 2306913.2644358166 2306344.3844358167 382
36.0 0.0 1744638.9413420206 1744070.0613420208 720
38.2 0.0 623284.1908636673 622715.3108636673 764
105.95 0.0 534406.3036157375 533837.4236157375 2119
109.8 0.0 505656.66161760845 505087.78161760845 2196
130.4 0.0 449280.1003247459 448711.22032474587 2608
133.0 0.0 387465.03243157093 386896.1524315709 2660
145.95 0.0 385917.44266765553 385348.5626676555 2919
149.25 0.0 372545.6502341358 371976.7702341358 2985
191.7 0.0 356491.7005654939 355922.8205654939 3834
200.85 0.0 343724.66361794365 343155.78361794364 4017
225.6 0.0 323330.88624703855 322762.00624703855 4512
244.6 0.0 314302.32017185405 313733.44017185405 4892
276.0 0.0 309166.7847646172 308597.9047646172 5520
309.35 0.0 305718.47706374206 305149.59706374205 6187
341.45 0.0 302349.4363712605 301780.5563712605 6829
357.8 0.0 301711.98710043007 301143.10710043006 7156
359.85 0.0 299852.929211323 299284.04921132297 7197
374.25 0.0 297703.8113717157 297134.9313717157 7485
377.65 0.0 295900.6447017815 295331.7647017815 7553
391.35 0.0 295357.7124259048 294788.8324259048 7827
392.55 0.0 293331.68879929534 292762.80879929534 7851
411.0 0.0 292720.4446195706 292151.5646195706 8220
421.9 0.0 291894.0124446921 291325.1324446921 8438
445.1 0.0 291135.6606530774 290566.7806530774 8902
468.85 0.0 290715.87953256787 290146.99953256786 9377
489.85 0.0 290075.8173413093 289506.93734130927 9797
512.85 0.0 289917.2523003948 289348.3723003948 10257
519.25 0.0 289687.8156359618 289118.93563596177 10385
534.6 0.0 289555.12405947485 288986.24405947485 10692
545.55 0.0 289161.5829134923 288592.7029134923 10911
551.0 0.0 289078.2023389139 288509.3223389139 11020
571.0 0.0 288986.0735420374 288417.1935420374 11420
584.9 0.0 288709.1137675691 288140.2337675691 11698
591.2 0.0 288698.9248503137 288130.0448503137 11824
625.1 0.0 288587.56203817524 288018.68203817523 12502
656.15 0.0 288526.99845355237 287958.11845355236 13123
674.2 0.0 288519.220044019 287950.340044019 13484
685.75 0.0 288447.30793919496 287878.42793919495 13715
730.1 0.0 288447.1349013623 287878.2549013623 14602
767.45 0.0 288439.0940078425 287870.21400784247 15349
793.4 0.0 288436.97174508113 287868.0917450811 15868
798.1 0.0 288436.52394662134 287867.64394662133 15962
805.8 0.0 288434.76015333086 287865.88015333086 16116
808.35 0.0 288434.61096339487 287865.73096339486 16167
814.9 0.0 288432.67264608236 287863.79264608235 16298
819.25 0.0 288431.7424950368 287862.8624950368 16385
823.25 0.0 288431.02769017144 287862.14769017143 16465
856.7 0.0 288430.95007626695 287862.07007626694 17134
