% fevals/dim | frac | F - F_opt (-209.88) | best fitness | fevals
4.85 0.0 3429890.623177483 3429680.7431774833 97
8.3 0.0 3371498.8178633293 3371288.9378633294 166
11.75 0.0 2554764.063363985 2554554.1833639853 235
23.15 0.0 2554645.360737359 2554435.4807373593 463
28.85 0.0 1245332.0151290528 1245122.135129053 577
38.45 0.0 1182207.590749949 1181997.710749949 769
44.15 0.0 961352.3034367015 961142.4234367015 883
45.95 0.0 856384.3525011522 856174.4725011522 919
64.4 0.0 827912.2190831496 827702.3390831496 1288
76.4 0.0 689822.8852215069 689613.0052215069 1528
80.05 0.0 619994.2530244475 619784.3730244475 1601
87.95 0.0 554268.9751917579 554059.0951917579 1759
100.3 0.0 387009.8812492319 386800.0012492319 2006
105.75 0.0 329661.59684443264 329451.71684443264 2115
116.3 0.0 301553.363821898 301343.483821898 2326
123.1 0.0 193462.90784518237 193253.02784518237 2462
134.5 0.0 188233.6576493862 188023.7776493862 2690
143.3 0.0 177431.56298713823 177221.68298713822 2866
158.7 0.0 112757.50068684404 112547.62068684403 3174
181.5 0.0 112607.58959700643 112397.70959700643 3630
199.7 0.0 104513.13837537514 104303.25837537514 3994
205.4 0.0 103964.03303447146 103754.15303447146 4108
212.7 0.0 99138.46877668834 98928.58877668834 4254
236.25 0.0 94461.63691225238 94251.75691225237 4725
252.35 0.0 87777.29678438422 87567.41678438422 5047
292.8 0.0 87056.88325936026 86847.00325936025 5856
297.85 0.0 86642.4232269972 86432.5432269972 5957
312.65 0.0 86518.12760308755 86308.24760308754 6253
326.35 0.0 86300.21665321357 86090.33665321357 6527
333.15 0.0 84806.13076301359 84596.25076301358 6663
342.0 0.0 84655.35613695234 84445.47613695233 6840
384.85 0.0 84554.10354723666 84344.22354723666 7697
393.3 0.0 84484.88783245062 84275.00783245062 7866
396.25 0.0 84146.13621024588 83936.25621024588 7925
422.95 0.0 84003.10530203124 83793.22530203123 8459
429.2 0.0 83790.3672120255 83580.4872120255 8584
438.6 0.0 83719.56849357783 83509.68849357782 8772
458.75 0.0 83562.67540741219 83352.79540741218 9175
484.2 0.0 83532.23669252686 83322.35669252685 9684
500.3 0.0 83507.05419909697 83297.17419909696 10006
511.25 0.0 83482.43226167712 83272.55226167712 10225
521.25 0.0 83460.21650458485 83250.33650458485 10425
529.45 0.0 83443.70988808107 83233.82988808106 10589
538.2 0.0 83439.66367050214 83229.78367050213 10764
543.9 0.0 83431.17931233301 83221.29931233301 10878
548.15 0.0 83426.6892117319 83216.80921173189 10963
553.85 0.0 83426.24519165956 83216.36519165956 11077
563.4 0.0 83421.09043074683 83211.21043074683 11268
574.55 0.0 83415.33996661997 83205.45996661996 11491
590.2 0.0 83410.69080203277 83200.81080203276 11804
603.75 0.0 83405.13675454275 83195.25675454274 12075
621.55 0.0 83404.64867147047 83194.76867147046 12431
