12.6 0.18032786885245902 68.40283181302749 19.80283181302749 252
45.05 0.18032786885245902 67.63733234418311 19.037332344183106 901
60.8 0.18032786885245902 63.98688867391965 15.38688867391965 1216
88.65 0.19672131147540983 61.807473934355826 13.207473934355825 1773
94.8 0.19672131147540983 47.15920078897307 -1.4407992110269348 1896
158.1 0.19672131147540983 46.47925127884922 -2.1207487211507825 3162
199.25 0.21311475409836064 31.989866687020776 -16.610133312979226 3985
269.6 0.21311475409836064 31.701806177599423 -16.89819382240058 5392
311.4 0.21311475409836064 31.506134270077386 -17.093865729922616 6228
316.3 0.21311475409836064 31.144683777514494 -17.455316222485507 6326
321.4 0.22950819672131148 24.9517151894558 -23.6482848105442 6428
400.5 0.22950819672131148 24.938868152607103 -23.661131847392898 8010
416.3 0.22950819672131148 24.666150329982237 -23.933849670017764 8326
428.05 0.22950819672131148 23.7883154304456 -24.8116845695544 8561
452.35 0.22950819672131148 22.635692736301493 -25.964307263698508 9047
467.55 0.22950819672131148 21.662049637981568 -26.937950362018434 9351
476.05 0.22950819672131148 19.472021704457568 -29.127978295542434 9521
516.1 0.22950819672131148 19.20939176158398 -29.39060823841602 10322
547.7 0.22950819672131148 18.8620780839724 -29.737921916027602 10954
569.2 0.22950819672131148 18.515571786172895 -30.084428213827106 11384
586.75 0.22950819672131148 16.54705205521899 -32.05294794478101 11735
639.0 0.2459016393442623 15.361625495815133 -33.23837450418487 12780
693.25 0.2459016393442623 14.591880461193405 -34.008119538806596 13865
766.35 0.2459016393442623 13.633525273268596 -34.966474726731406 15327
855.35 0.2459016393442623 13.073066378178616 -35.526933621821385 17107
911.4 0.2459016393442623 12.635219939560493 -35.96478006043951 18228
1009.8 0.2459016393442623 12.483171489669168 -36.11682851033083 20196
1056.15 0.2459016393442623 12.33486028817861 -36.26513971182139 21123
1066.6 0.2459016393442623 10.624693359498757 -37.975306640501245 21332
1216.75 0.26229508196721313 7.686478771320473 -40.91352122867953 24335
1505.15 0.26229508196721313 7.630089818170298 -40.969910181829704 30103
1776.4 0.26229508196721313 6.496806730743479 -42.10319326925652 35528
1911.7 0.2786885245901639 6.133675796137815 -42.466324203862186 38234
2081.35 0.29508196721311475 3.5468828949771876 -45.053117105022814 41627
2228.95 0.29508196721311475 3.3460763678963517 -45.25392363210365 44579
2309.2 0.29508196721311475 3.332846677881257 -45.267153322118745 46184
2654.95 0.29508196721311475 2.756401960552232 -45.84359803944777 53099
3031.1 0.3114754098360656 2.3288275176611464 -46.271172482338855 60622
3176.05 0.3114754098360656 1.8346100905770797 -46.76538990942292 63521
3502.3 0.3114754098360656 1.8065240885986 -46.7934759114014 70046
4675.1 0.32786885245901637 1.1824955196506224 -47.41750448034938 93502
