7.45 0.14754098360655737 235.34431758945922 334.8743175894592 149
16.8 0.14754098360655737 221.2660447354609 320.7960447354609 336
32.15 0.14754098360655737 204.51573363337704 304.04573363337704 643
36.85 0.14754098360655737 176.79662387020554 276.32662387020554 737
45.35 0.14754098360655737 166.3511240394184 265.8811240394184 907
56.5 0.16393442622950818 156.49990130714056 256.02990130714056 1130
62.15 0.16393442622950818 120.03829206668652 219.56829206668652 1243
69.95 0.18032786885245902 89.61728878517198 189.14728878517198 1399
94.3 0.18032786885245902 83.67483258618859 183.2048325861886 1886
117.95 0.19672131147540983 57.650276982392285 157.1802769823923 2359
124.5 0.19672131147540983 42.00158608493075 141.53158608493075 2490
147.1 0.21311475409836064 30.348528919305153 129.87852891930515 2942
154.8 0.26229508196721313 6.371374928515664 105.90137492851566 3096
