21.1 0.14754098360655737 231.28687070087412 330.8168707008741 422
27.75 0.14754098360655737 173.5788674579035 273.1088674579035 555
34.4 0.16393442622950818 136.2634390111628 235.7934390111628 688
49.55 0.16393442622950818 121.33683295079132 220.86683295079132 991
54.95 0.16393442622950818 114.99103493356392 214.52103493356393 1099
67.65 0.18032786885245902 68.5879674276282 168.1179674276282 1353
104.7 0.19672131147540983 54.721033676794434 154.25103367679444 2094
125.1 0.21311475409836064 36.77484770680343 136.30484770680343 2502
133.35 0.22950819672131148 24.26614269381338 123.79614269381338 2667
150.65 0.22950819672131148 21.924674167118184 121.45467416711818 3013
154.75 0.22950819672131148 21.052326837835437 120.58232683783544 3095
175.75 0.2786885245901639 4.832930238571748 104.36293023857175 3515
187.35 0.3114754098360656 2.0 101.53 3747
