10.7 0.18032786885245902 71.33020080666017 22.73020080666017 214
35.35 0.18032786885245902 70.46021740494741 21.860217404947413 707
112.55 0.18032786885245902 65.34710517282873 16.747105172828732 2251
136.1 0.19672131147540983 59.74627154351668 11.146271543516676 2722
270.85 0.19672131147540983 58.38613084600612 9.786130846006117 5417
372.5 0.19672131147540983 40.785644287065054 -7.8143557129349475 7450
396.85 0.21311475409836064 34.1107705341133 -14.489229465886702 7937
572.65 0.21311475409836064 32.87686460305683 -15.72313539694317 11453
698.25 0.21311475409836064 26.60901677948689 -21.99098322051311 13965
1004.0 0.21311475409836064 26.18678127441643 -22.413218725583572 20080
1049.45 0.22950819672131148 17.019960822498977 -31.580039177501025 20989
1564.1 0.22950819672131148 16.70910854036447 -31.890891459635533 31282
1591.1 0.2459016393442623 15.347617734920604 -33.2523822650794 31822
1827.5 0.2459016393442623 14.642390288490496 -33.957609711509505 36550
1910.9 0.2459016393442623 14.065314930574068 -34.53468506942593 38218
1955.8 0.2459016393442623 14.03010006143159 -34.56989993856841 39116
1996.6 0.2459016393442623 13.641909221604443 -34.95809077839556 39932
2003.7 0.2459016393442623 13.076127745389641 -35.52387225461036 40074
2191.5 0.2459016393442623 13.059546488120802 -35.5404535118792 43830
2210.65 0.2459016393442623 10.149673592933894 -38.45032640706611 44213
2852.95 0.26229508196721313 8.929583049112232 -39.67041695088777 57059
2947.0 0.26229508196721313 8.736470649110046 -39.863529350889955 58940
3003.5 0.26229508196721313 8.224099490403539 -40.37590050959646 60070
3027.05 0.26229508196721313 7.8642604324561205 -40.73573956754388 60541
3610.1 0.26229508196721313 7.624510359585081 -40.97548964041492 72202
3771.45 0.2786885245901639 5.313952131399141 -43.28604786860086 75429
4811.65 0.2786885245901639 4.711018291160094 -43.88898170883991 96233
5133.75 0.2786885245901639 4.355774774352781 -44.24422522564722 102675
5278.65 0.2786885245901639 4.334015912509535 -44.265984087490466 105573
5398.65 0.29508196721311475 3.5053185327837113 -45.09468146721629 107973
5648.55 0.29508196721311475 2.976098363379606 -45.623901636620396 112971
5706.8 0.29508196721311475 2.641495967610652 -45.95850403238935 114136
5744.05 0.29508196721311475 2.612350207581976 -45.987649792418026 114881
6107.15 0.3114754098360656 2.029829358323589 -46.57017064167641 122143
6254.1 0.3114754098360656 2.0187375381912105 -46.58126246180879 125082
6893.3 0.3114754098360656 1.9373204869899325 -46.66267951301007 137866
7800.05 0.3114754098360656 1.8525462772027126 -46.74745372279729 156001
8620.15 0.3114754098360656 1.723040803326498 -46.8769591966735 172403
8998.55 0.32786885245901637 1.478821123834841 -47.12117887616516 179971
9155.55 0.32786885245901637 1.402349286756177 -47.197650713243824 183111
9220.3 0.32786885245901637 1.0478387704525929 -47.55216122954741 184406
9367.5 0.36065573770491804 0.5093761243250938 -48.09062387567491 187350
