20.05 0.18032786885245902 72.12591043453332 23.525910434533323 401
22.05 0.18032786885245902 70.74191637850763 22.141916378507624 441
49.5 0.18032786885245902 70.26913221989787 21.669132219897868 990
52.85 0.18032786885245902 69.70848389630709 21.108483896307085 1057
57.75 0.18032786885245902 67.80771190707401 19.207711907074007 1155
76.55 0.18032786885245902 66.95105210121007 18.351052101210065 1531
83.55 0.19672131147540983 61.84501794497811 13.245017944978109 1671
98.55 0.19672131147540983 54.43060099038859 5.830600990388589 1971
107.35 0.19672131147540983 50.327708974751374 1.7277089747513728 2147
192.95 0.19672131147540983 48.85530153734491 0.2553015373449057 3859
204.65 0.19672131147540983 39.97031485902492 -8.629685140975084 4093
234.95 0.21311475409836064 39.255492046025815 -9.344507953974187 4699
243.75 0.21311475409836064 34.9930958648026 -13.606904135197404 4875
288.65 0.21311475409836064 27.315466556211973 -21.28453344378803 5773
318.55 0.21311475409836064 26.420843475135115 -22.179156524864887 6371
350.25 0.22950819672131148 21.08677920575913 -27.513220794240873 7005
481.6 0.22950819672131148 18.774564434779037 -29.825435565220964 9632
600.4 0.22950819672131148 18.052537242699806 -30.547462757300195 12008
670.8 0.22950819672131148 17.10950929341349 -31.490490706586513 13416
677.75 0.22950819672131148 16.15407794658934 -32.44592205341066 13555
739.35 0.2459016393442623 14.909442789080032 -33.69055721091997 14787
858.15 0.2459016393442623 13.695923593073957 -34.904076406926045 17163
909.05 0.2459016393442623 10.109778163020955 -38.490221836979046 18181
1340.5 0.26229508196721313 9.953691429323612 -38.64630857067639 26810
1407.35 0.26229508196721313 8.29101066022924 -40.30898933977076 28147
1631.75 0.26229508196721313 7.980401263028625 -40.619598736971376 32635
1860.55 0.26229508196721313 7.946126800528894 -40.65387319947111 37211
1876.45 0.26229508196721313 6.99047352019867 -41.60952647980133 37529
2233.45 0.26229508196721313 6.8103478515047655 -41.789652148495236 44669
2245.35 0.2786885245901639 6.1753813627889045 -42.4246186372111 44907
2347.25 0.2786885245901639 5.622987717672636 -42.977012282327365 46945
2607.45 0.2786885245901639 4.478095652527394 -44.12190434747261 52149
2818.05 0.2786885245901639 4.23849208185657 -44.36150791814343 56361
2972.05 0.29508196721311475 2.793709686251077 -45.806290313748924 59441
3196.45 0.29508196721311475 2.742563924256217 -45.857436075743784 63929
3337.25 0.3114754098360656 2.368312665940131 -46.23168733405987 66745
4023.65 0.3114754098360656 2.2791394962406812 -46.32086050375932 80473
4305.25 0.3114754098360656 2.1802919821348894 -46.41970801786511 86105
4564.25 0.3114754098360656 2.152637074269407 -46.447362925730594 91285
4837.05 0.3114754098360656 2.144602582093384 -46.45539741790662 96741
5155.05 0.3114754098360656 2.0369032538298484 -46.56309674617015 103101
5158.15 0.3114754098360656 1.965369397752113 -46.63463060224789 103163
5562.95 0.3114754098360656 1.9481199708923 -46.6518800291077 111259
