8.3 0.11475409836065574 613.2538682181587 573.9538682181587 166
14.85 0.11475409836065574 530.5367285136285 491.2367285136285 297
44.25 0.11475409836065574 480.74199965029186 441.44199965029185 885
64.65 0.11475409836065574 453.8095505942231 414.5095505942231 1293
72.0 0.11475409836065574 437.9243094878929 398.6243094878929 1440
86.25 0.11475409836065574 416.64654798002607 377.34654798002606 1725
100.95 0.13114754098360656 396.0568771778634 356.7568771778634 2019
108.3 0.13114754098360656 351.7286212715655 312.4286212715655 2166
139.5 0.13114754098360656 329.39095854732875 290.09095854732874 2790
143.4 0.13114754098360656 327.24505834891056 287.94505834891055 2868
154.2 0.13114754098360656 312.4059143318294 273.1059143318294 3084
183.45 0.13114754098360656 295.67794231882567 256.37794231882566 3669
198.15 0.13114754098360656 293.95073428169195 254.65073428169194 3963
200.85 0.13114754098360656 281.54772532054284 242.24772532054283 4017
241.6 0.13114754098360656 276.89783616097424 237.59783616097423 4832
249.75 0.13114754098360656 270.48340749012164 231.18340749012162 4995
255.6 0.13114754098360656 267.62293588481464 228.32293588481463 5112
259.6 0.13114754098360656 260.69625775724245 221.39625775724244 5192
266.95 0.13114754098360656 258.11040370481123 218.81040370481122 5339
282.45 0.13114754098360656 252.13080850818653 212.83080850818652 5649
296.6 0.14754098360655737 250.30126411764405 211.00126411764404 5932
320.85 0.14754098360655737 235.37653202047449 196.07653202047447 6417
355.2 0.14754098360655737 229.29254224577141 189.9925422457714 7104
373.3 0.14754098360655737 211.49052842230083 172.19052842230082 7466
469.9 0.14754098360655737 209.16467664575868 169.86467664575866 9398
