% fevals/dim | frac | F - F_opt (-16.94) | best fitness | fevals
17.0 0.19672131147540983 48.1970584393856 31.2570584393856 340
37.4 0.21311475409836064 38.850946848126625 21.910946848126624 748
74.4 0.21311475409836064 32.0803268677939 15.140326867793899 1488
100.7 0.21311475409836064 29.805849331319955 12.865849331319954 2014
117.7 0.22950819672131148 24.370790760320425 7.4307907603204235 2354
131.55 0.22950819672131148 22.274492514236787 5.334492514236786 2631
162.4 0.22950819672131148 20.610582406159686 3.670582406159685 3248
180.05 0.22950819672131148 18.957345914249817 2.017345914249816 3601
200.45 0.2459016393442623 14.435892852133692 -2.504107147866309 4009
238.0 0.2459016393442623 12.347428058751522 -4.59257194124848 4760
347.35 0.2459016393442623 10.387244117735497 -6.5527558822645045 6947
