5.3 0.09836065573770492 725.9575789629564 686.6575789629564 106
10.35 0.09836065573770492 718.8867180463517 679.5867180463517 207
11.65 0.09836065573770492 690.3940565249892 651.0940565249892 233
16.65 0.11475409836065574 601.7324967753498 562.4324967753498 333
21.9 0.11475409836065574 571.2814467127243 531.9814467127244 438
23.55 0.11475409836065574 567.4037478591235 528.1037478591236 471
28.15 0.11475409836065574 517.7568004060057 478.4568004060057 563
33.0 0.11475409836065574 421.2463816220123 381.94638162201227 660
56.1 0.11475409836065574 414.1577684155873 374.8577684155873 1122
97.9 0.11475409836065574 414.090310929818 374.79031092981796 1958
106.8 0.13114754098360656 396.4858206369356 357.1858206369356 2136
115.6 0.13114754098360656 394.23126630102274 354.93126630102273 2312
145.05 0.13114754098360656 382.72779935386177 343.42779935386176 2901
182.7 0.13114754098360656 376.6267760081404 337.32677600814037 3654
225.15 0.13114754098360656 365.1233090609794 325.8233090609794 4503
