% fevals/dim | frac | F - F_opt (92.94) | best fitness | fevals
1.05 0.09836065573770492 648.2088877393187 741.1488877393188 21
6.35 0.11475409836065574 585.7783973396454 678.7183973396454 127
11.45 0.11475409836065574 542.5650689310442 635.5050689310442 229
11.8 0.13114754098360656 389.80397602389087 482.74397602389087 236
23.35 0.13114754098360656 299.1841732896081 392.1241732896081 467
27.85 0.14754098360655737 242.9163554707481 335.8563554707481 557
37.1 0.14754098360655737 233.48447209480247 326.42447209480247 742
42.2 0.14754098360655737 212.6371733727001 305.5771733727001 844
58.8 0.14754098360655737 188.87934687892113 281.8193468789211 1176
66.15 0.14754098360655737 181.46975052841765 274.40975052841765 1323
83.6 0.14754098360655737 179.42663738261626 272.36663738261626 1672
99.0 0.14754098360655737 175.15302652466647 268.09302652466647 1980
107.35 0.16393442622950818 154.89286873634205 247.83286873634205 2147
132.0 0.16393442622950818 154.51330128004093 247.45330128004093 2640
140.95 0.16393442622950818 132.99761946177492 225.93761946177491 2819
166.65 0.16393442622950818 129.11215557363624 222.05215557363624 3333
304.55 0.16393442622950818 127.83042029661001 220.77042029661 6091
