% fevals/dim | frac | F - F_opt (99.8) | best fitness | fevals
4.55 0.18032786885245902 73.94678752883262 173.7467875288326 91
10.7 0.18032786885245902 72.52845239688783 172.32845239688783 214
14.95 0.18032786885245902 68.81810767557944 168.61810767557944 299
19.3 0.19672131147540983 62.106946598827236 161.90694659882723 386
28.4 0.21311475409836064 38.71200819278049 138.51200819278048 568
32.4 0.22950819672131148 19.41821555036387 119.21821555036387 648
346.8 0.22950819672131148 19.03726223875273 118.83726223875273 6936
379.55 0.22950819672131148 18.894792738004455 118.69479273800445 7591
433.75 0.22950819672131148 18.43084777383926 118.23084777383926 8675
