6.05 0.18032786885245902 70.91682023526799 22.31682023526799 121
7.55 0.18032786885245902 68.49943242295453 19.899432422954526 151
15.35 0.18032786885245902 66.98938872210238 18.389388722102375 307
18.7 0.18032786885245902 64.34132786951335 15.741327869513349 374
22.2 0.19672131147540983 62.68562301340429 14.085623013404287 444
25.3 0.19672131147540983 48.94061840676632 0.3406184067663176 506
37.5 0.19672131147540983 44.8446673237622 -3.755332676237799 750
51.75 0.19672131147540983 43.265565987580565 -5.334434012419436 1035
64.0 0.21311475409836064 37.16306778487628 -11.436932215123718 1280
100.8 0.21311475409836064 36.073954071174654 -12.526045928825347 2016
108.35 0.21311475409836064 34.893224678036276 -13.706775321963725 2167
130.85 0.21311475409836064 33.72429200461888 -14.87570799538112 2617
136.75 0.21311475409836064 33.3910157115756 -15.208984288424404 2735
156.0 0.21311475409836064 32.954228573735335 -15.645771426264666 3120
164.3 0.21311475409836064 31.55993200316022 -17.04006799683978 3286
210.45 0.21311475409836064 29.583571043685783 -19.01642895631422 4209
254.4 0.21311475409836064 28.23633472257041 -20.36366527742959 5088
277.85 0.21311475409836064 27.56285025913032 -21.03714974086968 5557
320.0 0.21311475409836064 27.51782924615769 -21.082170753842313 6400
