5.55 0.14754098360655737 219.9006742566953 153.51067425669532 111
12.2 0.14754098360655737 207.20470238516515 140.81470238516516 244
20.5 0.14754098360655737 176.71626191762508 110.32626191762508 410
27.95 0.14754098360655737 168.73895175392272 102.34895175392272 559
30.15 0.16393442622950818 134.8255684296824 68.43556842968239 603
36.55 0.16393442622950818 119.85989722601224 53.469897226012236 731
39.9 0.16393442622950818 118.80656404954517 52.41656404954517 798
44.3 0.16393442622950818 113.45778935314712 47.06778935314712 886
49.9 0.18032786885245902 77.86376226577755 11.473762265777552 998
72.65 0.18032786885245902 69.61996273614272 3.229962736142724 1453
75.5 0.18032786885245902 68.16578599923449 1.7757859992344862 1510
85.5 0.19672131147540983 53.22480176961729 -13.165198230382714 1710
86.5 0.19672131147540983 51.76703706565867 -14.62296293434133 1730
92.95 0.19672131147540983 47.78752958070936 -18.60247041929064 1859
94.75 0.19672131147540983 43.33494508064636 -23.055054919353644 1895
102.65 0.21311475409836064 39.65782320003181 -26.732176799968194 2053
115.55 0.21311475409836064 37.09781491563509 -29.29218508436491 2311
120.0 0.21311475409836064 34.36387999717658 -32.02612000282342 2400
125.1 0.21311475409836064 32.19075668641722 -34.199243313582784 2502
134.95 0.21311475409836064 25.32852668886364 -41.06147331113636 2699
152.15 0.22950819672131148 22.69187579013328 -43.69812420986672 3043
156.65 0.22950819672131148 22.193688333080622 -44.19631166691938 3133
170.8 0.22950819672131148 20.394310249881286 -45.995689750118714 3416
176.6 0.22950819672131148 19.228400869341613 -47.16159913065839 3532
191.05 0.22950819672131148 17.848055109380155 -48.541944890619845 3821
204.3 0.22950819672131148 16.704471707473758 -49.68552829252624 4086
208.9 0.2459016393442623 15.386838103666129 -51.00316189633387 4178
233.7 0.2459016393442623 13.763061364477409 -52.62693863552259 4674
239.95 0.2459016393442623 13.204355639348108 -53.18564436065189 4799
241.05 0.2459016393442623 13.15592173606749 -53.23407826393251 4821
255.6 0.2459016393442623 12.769381942458018 -53.62061805754198 5112
259.3 0.2459016393442623 12.070378435486845 -54.319621564513156 5186
265.6 0.26229508196721313 8.822824957109404 -57.5671750428906 5312
308.5 0.2786885245901639 6.27427498570313 -60.11572501429687 6170
312.4 0.2786885245901639 5.0 -61.39 6248
