% fevals/dim | frac | F - F_opt (-568.88) | best fitness | fevals
1.3 0.0 1936780.4493328347 1936211.5693328348 26
6.85 0.0 798474.7577318368 797905.8777318368 137
21.1 0.0 745846.7829361109 745277.9029361109 422
31.45 0.0 443955.4044511618 443386.5244511618 629
52.8 0.0 416084.4192204121 415515.5392204121 1056
59.4 0.0 353202.89046092343 352634.0104609234 1188
71.15 0.0 323385.4391954796 322816.5591954796 1423
83.05 0.0 316478.4275070572 315909.5475070572 1661
97.15 0.0 315786.68675871566 315217.80675871565 1943
101.05 0.0 301093.0654121656 300524.1854121656 2021
111.75 0.0 295605.51535289583 295036.6353528958 2235
122.1 0.0 291578.32870534214 291009.44870534213 2442
135.7 0.0 291560.27702093904 290991.39702093904 2714
140.45 0.0 291283.7186857315 290714.8386857315 2809
142.65 0.0 290873.8082563848 290304.9282563848 2853
146.85 0.0 290086.2547372965 289517.3747372965 2937
151.85 0.0 290062.0264777148 289493.1464777148 3037
162.0 0.0 289921.31543407764 289352.43543407763 3240
172.95 0.0 289504.9010921666 288936.0210921666 3459
174.65 0.0 289440.99452784174 288872.11452784174 3493
184.75 0.0 289430.63676130236 288861.75676130236 3695
185.75 0.0 289415.85826523567 288846.97826523567 3715
192.7 0.0 289117.39722964336 288548.51722964336 3854
224.3 0.0 289062.34690164804 288493.46690164803 4486
228.25 0.0 288992.6273209341 288423.7473209341 4565
240.1 0.0 288958.86505528865 288389.98505528865 4802
253.75 0.0 288940.56612731586 288371.68612731586 5075
258.6 0.0 288928.9035149902 288360.0235149902 5172
