% fevals/dim | frac | F - F_opt (92.94) | best fitness | fevals
1.05 0.09836065573770492 648.2088877393187 741.1488877393188 21
11.5 0.11475409836065574 455.25770454469426 548.1977045446943 230
12.15 0.13114754098360656 373.2765926219874 466.2165926219874 243
23.35 0.13114754098360656 263.18486211208545 356.12486211208545 467
24.95 0.13114754098360656 255.11354567327476 348.05354567327475 499
30.0 0.14754098360655737 208.38329189573983 301.3232918957398 600
32.8 0.14754098360655737 203.30668958889663 296.24668958889663 656
41.85 0.14754098360655737 186.46187737312965 279.40187737312965 837
44.35 0.14754098360655737 183.64769071640404 276.58769071640404 887
50.0 0.16393442622950818 138.0784355667848 231.0184355667848 1000
51.95 0.16393442622950818 119.86769033783355 212.80769033783355 1039
62.75 0.18032786885245902 96.36267904315369 189.3026790431537 1255
88.55 0.18032786885245902 92.93697586431736 185.87697586431736 1771
93.45 0.18032786885245902 91.29792510838382 184.23792510838382 1869
104.8 0.19672131147540983 48.710587068766415 141.6505870687664 2096
185.05 0.19672131147540983 40.90878154597348 133.84878154597348 3701
274.8 0.19672131147540983 40.85488891021237 133.79488891021236 5496
369.7 0.19672131147540983 40.59350960772659 133.5335096077266 7394
439.2 0.21311475409836064 37.019151937840206 129.9591519378402 8784
