3.85 0.18032786885245902 75.16607922528976 348.31607922528974 77
8.5 0.19672131147540983 62.88278572302562 336.0327857230256 170
17.8 0.21311475409836064 38.98149847667054 312.1314984766705 356
26.35 0.21311475409836064 36.5597948813122 309.7097948813122 527
33.85 0.21311475409836064 29.046106289452155 302.19610628945213 677
36.2 0.21311475409836064 28.23564486688349 301.38564486688347 724
40.55 0.22950819672131148 23.84579181398078 296.99579181398076 811
69.95 0.22950819672131148 22.34655288058235 295.4965528805823 1399
81.65 0.22950819672131148 21.817752759218706 294.9677527592187 1633
91.0 0.22950819672131148 18.111760943439265 291.26176094343924 1820
94.1 0.22950819672131148 16.633532705872597 289.7835327058726 1882
113.75 0.2459016393442623 13.733534758128542 286.8835347581285 2275
151.8 0.2459016393442623 11.887559219972786 285.03755921997276 3036
203.95 0.26229508196721313 9.304832083140752 282.45483208314073 4079
218.65 0.26229508196721313 7.942268542127124 281.0922685421271 4373
