% fevals/dim | frac | F - F_opt (-20.33) | best fitness | fevals
3.1 0.13114754098360656 325.71272814449327 305.3827281444933 62
9.85 0.13114754098360656 256.73468169571413 236.40468169571415 197
19.2 0.14754098360655737 212.89952976677324 192.56952976677326 384
21.65 0.14754098360655737 195.3828189133846 175.0528189133846 433
37.5 0.14754098360655737 184.14072851455978 163.8107285145598 750
48.8 0.16393442622950818 152.64256325161023 132.31256325161024 976
68.05 0.16393442622950818 146.2012870114339 125.87128701143389 1361
79.25 0.16393442622950818 126.33789688151933 106.00789688151933 1585
235.8 0.16393442622950818 124.0061759532504 103.67617595325041 4716
390.65 0.16393442622950818 119.92799797965701 99.59799797965701 7813
