12.45 0.11475409836065574 539.5370276931322 77.44702769313227 249
30.35 0.11475409836065574 501.4947358447324 39.40473584473244 607
41.7 0.11475409836065574 425.54059904685334 -36.54940095314663 834
54.45 0.13114754098360656 325.2386354874327 -136.85136451256727 1089
90.65 0.13114754098360656 319.27758136287014 -142.81241863712984 1813
107.05 0.13114754098360656 314.980179468011 -147.109820531989 2141
115.8 0.13114754098360656 296.414265731268 -165.67573426873196 2316
122.35 0.13114754098360656 265.7527389734145 -196.33726102658545 2447
144.05 0.14754098360655737 247.07841005205137 -215.0115899479486 2881
211.95 0.14754098360655737 233.41842325627218 -228.6715767437278 4239
217.9 0.14754098360655737 229.83048723465862 -232.25951276534136 4358
223.05 0.14754098360655737 224.88203596706893 -237.20796403293105 4461
239.2 0.14754098360655737 223.94510254852116 -238.1448974514788 4784
247.85 0.14754098360655737 221.73494023281557 -240.3550597671844 4957
286.9 0.14754098360655737 208.41091326855235 -253.67908673144763 5738
327.85 0.14754098360655737 206.92015608346117 -255.1698439165388 6557
331.0 0.14754098360655737 202.78415903861224 -259.30584096138773 6620
340.2 0.14754098360655737 194.9060628164903 -267.18393718350967 6804
373.7 0.14754098360655737 193.30798230882687 -268.7820176911731 7474
460.0 0.14754098360655737 190.1880164825135 -271.9019835174865 9200
466.6 0.14754098360655737 183.84639277907274 -278.24360722092723 9332
