7.0 0.09836065573770492 631.8084416416235 169.71844164162354 140
19.55 0.11475409836065574 467.09116744870647 5.0011674487064965 391
48.2 0.11475409836065574 456.9001293037468 -5.189870696253195 964
58.05 0.11475409836065574 438.4748417236517 -23.615158276348268 1161
66.7 0.11475409836065574 425.0479946553306 -37.04200534466935 1334
70.4 0.11475409836065574 408.43131395300975 -53.658686046990226 1408
82.35 0.11475409836065574 407.2340524199455 -54.855947580054476 1647
89.3 0.13114754098360656 389.5729024639753 -72.51709753602466 1786
91.1 0.13114754098360656 369.98852968204346 -92.10147031795651 1822
96.4 0.13114754098360656 347.0071528456882 -115.08284715431176 1928
107.15 0.13114754098360656 334.19596049957755 -127.89403950042242 2143
112.75 0.13114754098360656 323.97722584165126 -138.1127741583487 2255
118.35 0.13114754098360656 285.5279790742586 -176.56202092574136 2367
129.75 0.13114754098360656 268.9767353467479 -193.1132646532521 2595
137.75 0.13114754098360656 258.8669454406523 -203.2230545593477 2755
169.2 0.14754098360655737 225.19847863760668 -236.8915213623933 3384
267.15 0.14754098360655737 204.64417789561838 -257.4458221043816 5343
361.65 0.14754098360655737 202.47309361299227 -259.6169063870077 7233
411.0 0.14754098360655737 200.69090168565145 -261.3990983143485 8220
415.65 0.14754098360655737 192.5416374498016 -269.54836255019836 8313
421.35 0.14754098360655737 191.59314765368748 -270.4968523463125 8427
433.5 0.14754098360655737 185.85350036497044 -276.23649963502953 8670
471.95 0.14754098360655737 182.60669867673118 -279.4833013232688 9439
484.75 0.14754098360655737 170.84331073392804 -291.24668926607194 9695
