9.55 0.18032786885245902 70.00251000359336 21.402510003593356 191
13.15 0.18032786885245902 69.55974450624682 20.959744506246814 263
24.15 0.18032786885245902 65.29310400622514 16.693104006225134 483
28.0 0.19672131147540983 62.28107756354544 13.681077563545436 560
32.5 0.19672131147540983 62.09839316864812 13.498393168648121 650
34.85 0.19672131147540983 56.732671162767204 8.132671162767203 697
37.75 0.21311475409836064 38.889008795305706 -9.710991204694295 755
63.25 0.21311475409836064 36.433453630478375 -12.166546369521626 1265
66.7 0.21311475409836064 34.458967468721646 -14.141032531278356 1334
70.75 0.21311475409836064 28.577378581858714 -20.022621418141288 1415
79.85 0.21311475409836064 25.358534252105656 -23.241465747894345 1597
88.25 0.22950819672131148 23.222455330553142 -25.37754466944686 1765
95.55 0.22950819672131148 21.747255625353898 -26.852744374646104 1911
104.5 0.22950819672131148 21.720246666033535 -26.879753333966466 2090
109.55 0.22950819672131148 21.120884783262415 -27.479115216737586 2191
117.9 0.22950819672131148 19.88627913113797 -28.71372086886203 2358
129.15 0.22950819672131148 17.53551002468202 -31.064489975317983 2583
148.65 0.2459016393442623 14.621418640814042 -33.97858135918596 2973
221.15 0.2459016393442623 14.459406006461265 -34.14059399353874 4423
234.45 0.2459016393442623 14.132078390315463 -34.46792160968454 4689
244.05 0.2459016393442623 13.903533696170747 -34.696466303829254 4881
286.05 0.2459016393442623 13.552468717358089 -35.04753128264191 5721
290.9 0.2459016393442623 13.455182575098569 -35.14481742490143 5818
291.45 0.2459016393442623 13.326246774174422 -35.27375322582558 5829
295.05 0.2459016393442623 13.036169399887363 -35.56383060011264 5901
306.3 0.2459016393442623 12.754681819591717 -35.845318180408285 6126
312.9 0.2459016393442623 12.482565727615423 -36.11743427238458 6258
