5.65 0.18032786885245902 72.47705985254711 23.877059852547113 113
8.45 0.18032786885245902 68.4182422705538 19.818242270553803 169
14.15 0.18032786885245902 67.36089022455731 18.760890224557308 283
21.6 0.18032786885245902 66.25862293972973 17.65862293972973 432
23.05 0.18032786885245902 64.00568536612424 15.405685366124239 461
32.0 0.19672131147540983 62.16937475126757 13.569374751267567 640
38.9 0.19672131147540983 61.79402426906726 13.194024269067256 778
41.0 0.19672131147540983 57.5953864030421 8.995386403042097 820
42.15 0.19672131147540983 56.69777478708092 8.097774787080915 843
58.4 0.19672131147540983 53.10535590543648 4.505355905436481 1168
74.85 0.19672131147540983 49.64129989918681 1.0412998991868108 1497
88.1 0.19672131147540983 48.29851531112632 -0.3014846888736784 1762
99.5 0.19672131147540983 47.869965605466625 -0.7300343945333765 1990
105.9 0.19672131147540983 47.6508537381121 -0.9491462618879041 2118
109.5 0.19672131147540983 45.31883583826695 -3.2811641617330523 2190
116.75 0.19672131147540983 43.1578821169742 -5.4421178830258015 2335
131.9 0.19672131147540983 40.518067332126286 -8.081932667873716 2638
