5.15 0.14754098360655737 218.72231694271153 152.33231694271154 103
10.2 0.14754098360655737 173.9701070475616 107.58010704756161 204
16.45 0.16393442622950818 135.69800566326998 69.30800566326998 329
21.6 0.16393442622950818 121.26076437439143 54.87076437439143 432
23.3 0.16393442622950818 112.85323390128217 46.463233901282166 466
26.1 0.18032786885245902 88.92720011044187 22.537200110441873 522
32.9 0.18032786885245902 79.003081134058 12.613081134057992 658
36.9 0.19672131147540983 59.25784907443811 -7.132150925561888 738
40.5 0.21311475409836064 38.82432781577651 -27.565672184223487 810
53.65 0.21311475409836064 37.60090941651201 -28.78909058348799 1073
54.75 0.21311475409836064 32.739213526341146 -33.650786473658854 1095
58.4 0.22950819672131148 21.008432594417357 -45.38156740558264 1168
64.45 0.22950819672131148 18.39239007583778 -47.99760992416222 1289
65.8 0.2459016393442623 13.033203623741414 -53.356796376258586 1316
71.1 0.26229508196721313 7.395951945598959 -58.99404805440104 1422
81.1 0.2786885245901639 6.145605203269298 -60.2443947967307 1622
83.35 0.2786885245901639 4.500676515764049 -61.88932348423595 1667
88.25 0.32786885245901637 1.4384498882876642 -64.95155011171234 1765
93.7 1.0 0.0 -66.39 1874
