6.9 0.11475409836065574 582.863577234999 120.77357723499898 138
9.35 0.11475409836065574 506.9702678711641 44.88026787116411 187
12.75 0.11475409836065574 444.5306799260004 -17.559320073999572 255
17.0 0.13114754098360656 396.5552693940502 -65.53473060594979 340
19.7 0.13114754098360656 351.605921216824 -110.48407878317596 394
32.55 0.13114754098360656 334.8830926309489 -127.20690736905107 651
40.2 0.13114754098360656 322.61432324975965 -139.47567675024032 804
45.75 0.13114754098360656 318.40865193214734 -143.68134806785264 915
54.35 0.13114754098360656 296.6425830922765 -165.4474169077235 1087
69.45 0.13114754098360656 282.00449345423243 -180.08550654576754 1389
101.3 0.13114754098360656 277.862892574876 -184.22710742512396 2026
