% fevals/dim | frac | F - F_opt (-51.91) | best fitness | fevals
2.15 0.0 4806821.041995535 4806769.1319955345 43
4.15 0.0 2628983.8140781512 2628931.904078151 83
8.5 0.0 2209763.1445479095 2209711.2345479093 170
11.35 0.0 1319152.904418844 1319100.994418844 227
16.8 0.0 568195.2660436593 568143.3560436593 336
35.45 0.0 370530.1862405045 370478.2762405045 709
38.4 0.0 335071.83713613095 335019.927136131 768
46.25 0.0 271167.09624026314 271115.18624026317 925
59.6 0.0 242549.88370969385 242497.97370969385 1192
88.7 0.0 222094.28686192844 222042.37686192844 1774
96.4 0.0 173465.40451694623 173413.49451694623 1928
112.15 0.0 167886.70268226473 167834.79268226473 2243
154.65 0.0 166747.0845530868 166695.1745530868 3093
173.15 0.0 128636.96083611956 128585.05083611955 3463
209.2 0.0 122674.84189587279 122622.93189587278 4184
225.55 0.0 115863.54013958463 115811.63013958462 4511
241.5 0.0 84980.51417642857 84928.60417642856 4830
398.45 0.0 72160.28100450122 72108.37100450121 7969
