% fevals/dim | frac | F - F_opt (-16.94) | best fitness | fevals
1.65 0.18032786885245902 81.08714435060763 64.14714435060763 33
4.9 0.18032786885245902 72.70285289709892 55.762852897098924 98
6.0 0.18032786885245902 63.386128116781364 46.44612811678137 120
10.05 0.19672131147540983 54.054202436909065 37.11420243690907 201
13.35 0.19672131147540983 45.962515234059715 29.022515234059714 267
14.75 0.21311475409836064 38.84435784080568 21.904357840805677 295
17.4 0.21311475409836064 38.26052955891286 21.320529558912856 348
20.1 0.21311475409836064 34.09086505919353 17.15086505919353 402
22.55 0.21311475409836064 29.440526958296125 12.500526958296124 451
28.15 0.21311475409836064 29.218797539201734 12.278797539201733 563
34.05 0.22950819672131148 20.88171915873612 3.94171915873612 681
91.2 0.22950819672131148 18.791011150944673 1.8510111509446716 1824
130.3 0.22950819672131148 16.586285472815742 -0.353714527184259 2606
132.65 0.2459016393442623 15.396244526693941 -1.54375547330606 2653
154.75 0.2459016393442623 13.85609196845909 -3.0839080315409113 3095
404.9 0.2459016393442623 13.554011737053404 -3.385988262946597 8098
440.1 0.2459016393442623 13.486135477067014 -3.453864522932987 8802
440.2 0.2459016393442623 13.060264226776686 -3.879735773223315 8804
459.95 0.2459016393442623 12.386088578577564 -4.553911421422438 9199
