13.05 0.0 2203416.060963535 2203206.1809635353 261
20.15 0.0 1394363.6841268663 1394153.8041268664 403
27.45 0.0 1153820.4594947873 1153610.5794947874 549
29.05 0.0 518269.0018568759 518059.1218568759 581
49.55 0.0 341013.0020071168 340803.1220071168 991
66.5 0.0 325481.21131926327 325271.33131926326 1330
73.45 0.0 260857.21169657467 260647.33169657466 1469
83.3 0.0 216213.54110943858 216003.66110943857 1666
93.45 0.0 193909.26539121923 193699.38539121923 1869
97.65 0.0 116502.37636612378 116292.49636612377 1953
114.0 0.0 114251.72937627965 114041.84937627964 2280
124.5 0.0 109423.03778966107 109213.15778966107 2490
130.75 0.0 100183.17920125689 99973.29920125689 2615
148.9 0.0 94430.69546679067 94220.81546679066 2978
153.55 0.0 94194.42860738155 93984.54860738154 3071
178.8 0.0 90874.87128021242 90664.99128021242 3576
186.85 0.0 88571.51884146033 88361.63884146033 3737
194.15 0.0 88140.157184581 87930.27718458099 3883
198.35 0.0 88113.64493387009 87903.76493387009 3967
203.1 0.0 87737.59415552368 87527.71415552367 4062
207.45 0.0 86493.44986916363 86283.56986916362 4149
241.05 0.0 85805.5670551378 85595.6870551378 4821
260.65 0.0 85802.63907411546 85592.75907411546 5213
285.85 0.0 84845.92467313631 84636.0446731363 5717
296.15 0.0 84583.32467210747 84373.44467210746 5923
299.95 0.0 84425.93327236772 84216.05327236772 5999
307.35 0.0 84227.40385884326 84017.52385884325 6147
310.7 0.0 84160.85095259418 83950.97095259417 6214
314.75 0.0 84046.80842356168 83836.92842356168 6295
323.45 0.0 83996.56817394505 83786.68817394505 6469
334.4 0.0 83955.42846961484 83745.54846961483 6688
340.25 0.0 83925.40856312489 83715.52856312488 6805
347.2 0.0 83917.71173468661 83707.83173468661 6944
369.85 0.0 83868.01916413948 83658.13916413947 7397
375.45 0.0 83852.07678898038 83642.19678898038 7509
388.65 0.0 83848.17947776418 83638.29947776417 7773
394.45 0.0 83813.77732429627 83603.89732429627 7889
400.6 0.0 83805.58295061575 83595.70295061574 8012
414.35 0.0 83794.83294078874 83584.95294078873 8287
417.4 0.0 83794.38892071639 83584.50892071638 8348
