% fevals/dim | frac | F - F_opt (99.8) | best fitness | fevals
1.85 0.18032786885245902 77.08345596561698 176.88345596561697 37
7.3 0.18032786885245902 75.10764816119534 174.90764816119534 146
12.25 0.18032786885245902 71.54522662306307 171.34522662306307 245
20.0 0.18032786885245902 70.69049036829354 170.49049036829354 400
26.45 0.18032786885245902 67.76671456763172 167.56671456763172 529
27.1 0.18032786885245902 65.15794675785413 164.95794675785413 542
31.35 0.19672131147540983 62.49375561593611 162.2937556159361 627
37.4 0.19672131147540983 60.13291303476559 159.9329130347656 748
51.8 0.19672131147540983 51.66691104652723 151.46691104652723 1036
55.6 0.19672131147540983 50.77964420440354 150.57964420440354 1112
58.4 0.19672131147540983 45.62671099537606 145.42671099537606 1168
74.05 0.19672131147540983 44.683036102103515 144.4830361021035 1481
76.65 0.19672131147540983 42.5881883097379 142.3881883097379 1533
85.45 0.19672131147540983 42.151043525608785 141.95104352560878 1709
90.6 0.19672131147540983 41.80223142769877 141.60223142769877 1812
103.9 0.21311475409836064 36.47352369407845 136.27352369407845 2078
110.1 0.21311475409836064 25.9249745449374 125.7249745449374 2202
297.4 0.21311475409836064 25.134002269943238 124.93400226994324 5948
327.05 0.22950819672131148 23.66643774341999 123.46643774341999 6541
347.85 0.22950819672131148 23.56676836699704 123.36676836699704 6957
354.1 0.22950819672131148 23.09517535826039 122.89517535826039 7082
388.05 0.22950819672131148 21.90558663543301 121.70558663543301 7761
429.25 0.22950819672131148 20.384262382495905 120.1842623824959 8585
479.55 0.22950819672131148 19.477396171498853 119.27739617149885 9591
