% fevals/dim | frac | F - F_opt (92.94) | best fitness | fevals
1.05 0.09836065573770492 648.2088877393187 741.1488877393188 21
3.8 0.11475409836065574 552.6640001699247 645.6040001699248 76
9.2 0.11475409836065574 471.00479198782347 563.9447919878235 184
12.8 0.13114754098360656 268.52954046860543 361.46954046860543 256
23.1 0.14754098360655737 169.96154246878274 262.90154246878274 462
25.85 0.16393442622950818 151.37556533726107 244.31556533726106 517
32.45 0.16393442622950818 144.6432805684381 237.58328056843808 649
34.45 0.16393442622950818 127.15458281370024 220.09458281370024 689
37.45 0.16393442622950818 106.42065356997654 199.36065356997653 749
52.85 0.18032786885245902 99.61425086992256 192.55425086992256 1057
57.45 0.18032786885245902 83.42674775470579 176.36674775470578 1149
61.9 0.18032786885245902 82.40457731024497 175.34457731024497 1238
86.65 0.18032786885245902 76.10085093486731 169.0408509348673 1733
91.6 0.19672131147540983 61.506180065895705 154.4461800658957 1832
264.65 0.19672131147540983 57.69776929640801 150.637769296408 5293
286.65 0.19672131147540983 56.238865115783 149.178865115783 5733
321.6 0.19672131147540983 55.10392914106103 148.04392914106103 6432
325.35 0.19672131147540983 52.60498352368279 145.5449835236828 6507
383.7 0.19672131147540983 48.41038501207771 141.3503850120777 7674
395.9 0.19672131147540983 47.5779505807821 140.5179505807821 7918
412.8 0.19672131147540983 45.00841407141593 137.94841407141593 8256
