19.6 0.0 1166722.2954227142 1166512.4154227143 392
28.6 0.0 606633.6005638719 606423.7205638719 572
35.35 0.0 587031.3417531169 586821.4617531169 707
37.8 0.0 438944.09220504627 438734.21220504626 756
41.35 0.0 360073.46344406455 359863.58344406454 827
76.3 0.0 313777.95208328316 313568.07208328316 1526
93.45 0.0 286501.21724031476 286291.33724031475 1869
107.6 0.0 270762.77406177495 270552.89406177495 2152
122.25 0.0 268393.51776627614 268183.63776627614 2445
123.95 0.0 219790.9518524889 219581.0718524889 2479
133.4 0.0 219756.84925229303 219546.96925229303 2668
137.2 0.0 194465.83372109174 194255.95372109173 2744
148.4 0.0 174263.44621557853 174053.56621557852 2968
189.6 0.0 172340.5491949688 172130.6691949688 3792
194.75 0.0 172337.49314191908 172127.61314191908 3895
236.55 0.0 164714.58612385238 164504.70612385237 4731
244.1 0.0 163718.47662101628 163508.59662101627 4882
256.25 0.0 163393.51869308768 163183.63869308768 5125
