% fevals/dim | frac | F - F_opt (-20.33) | best fitness | fevals
3.1 0.13114754098360656 325.71272814449327 305.3827281444933 62
17.3 0.13114754098360656 268.35232582780435 248.02232582780437 346
23.75 0.14754098360655737 240.65790935020266 220.32790935020267 475
38.1 0.14754098360655737 178.75251101441643 158.42251101441644 762
71.85 0.16393442622950818 156.94050739255925 136.61050739255927 1437
86.6 0.16393442622950818 144.25932945755872 123.92932945755872 1732
195.85 0.16393442622950818 140.58829894159493 120.25829894159493 3917
223.65 0.16393442622950818 133.51700353338813 113.18700353338814 4473
245.25 0.16393442622950818 116.3562419140775 96.0262419140775 4905
