10.7 0.11475409836065574 527.1000872203185 65.01008722031855 214
14.85 0.11475409836065574 483.37827315665163 21.288273156651655 297
15.4 0.11475409836065574 471.37899850860305 9.288998508603072 308
21.95 0.11475409836065574 407.5309641687995 -54.55903583120045 439
26.4 0.11475409836065574 406.83575804969075 -55.25424195030922 528
30.35 0.13114754098360656 359.0371340065641 -103.05286599343589 607
37.4 0.13114754098360656 347.72612801946957 -114.3638719805304 748
39.45 0.13114754098360656 343.5790732394953 -118.51092676050467 789
43.8 0.13114754098360656 319.55414285658463 -142.53585714341534 876
54.65 0.13114754098360656 286.7819403699015 -175.30805963009846 1093
59.65 0.13114754098360656 283.09511052851855 -178.99488947148143 1193
105.25 0.13114754098360656 280.2936868947735 -181.7963131052265 2105
113.0 0.13114754098360656 272.71911148349284 -189.37088851650714 2260
120.85 0.13114754098360656 269.4288459224103 -192.66115407758969 2417
132.9 0.13114754098360656 265.78231553766904 -196.30768446233094 2658
145.55 0.13114754098360656 263.010789555618 -199.079210444382 2911
151.65 0.13114754098360656 251.51228997950608 -210.5777100204939 3033
178.8 0.14754098360655737 247.37068910014966 -214.7193108998503 3576
192.5 0.14754098360655737 245.59609250017985 -216.49390749982012 3850
204.35 0.14754098360655737 241.45449162082343 -220.63550837917654 4087
231.5 0.14754098360655737 239.27751948738882 -222.81248051261116 4630
