3.9 0.0 1805200.5810772094 1804990.7010772096 78
14.3 0.0 931155.5876231999 930945.7076231999 286
37.1 0.0 511482.6266546534 511272.7466546534 742
45.3 0.0 409193.8811633449 408984.0011633449 906
51.45 0.0 364230.37128672155 364020.49128672155 1029
60.95 0.0 294009.18084484333 293799.3008448433 1219
85.45 0.0 286985.0232972136 286775.1432972136 1709
96.7 0.0 272779.3778737012 272569.4978737012 1934
109.55 0.0 268739.4558934885 268529.5758934885 2191
115.6 0.0 263233.5738350247 263023.6938350247 2312
143.75 0.0 263206.20792368584 262996.32792368584 2875
148.1 0.0 263151.82809265825 262941.94809265825 2962
159.4 0.0 260896.67429473196 260686.79429473195 3188
178.85 0.0 260842.29446370434 260632.41446370434 3577
213.5 0.0 260814.92855236548 260605.04855236548 4270
