6.55 0.18032786885245902 71.54474179556772 22.944741795567715 131
13.45 0.18032786885245902 69.5625104854013 20.962510485401303 269
18.65 0.18032786885245902 66.37179739187765 17.771797391877648 373
22.15 0.18032786885245902 65.158610740173 16.558610740173002 443
23.4 0.19672131147540983 58.52319936997856 9.923199369978562 468
33.15 0.19672131147540983 55.548697031288754 6.948697031288752 663
38.6 0.19672131147540983 51.41788126217964 2.8178812621796396 772
42.1 0.19672131147540983 46.231483104006614 -2.3685168959933875 842
60.45 0.19672131147540983 45.71436000590869 -2.8856399940913136 1209
63.1 0.19672131147540983 45.39679199009994 -3.2032080099000595 1262
71.35 0.19672131147540983 44.69223682955009 -3.907763170449911 1427
86.45 0.19672131147540983 44.08363880369957 -4.51636119630043 1729
89.4 0.19672131147540983 43.85455170739656 -4.745448292603442 1788
110.4 0.19672131147540983 39.86454566793133 -8.73545433206867 2208
118.5 0.21311475409836064 38.91032419549789 -9.689675804502109 2370
125.65 0.21311475409836064 38.287691776618054 -10.312308223381947 2513
133.45 0.21311475409836064 38.12136171492421 -10.478638285075789 2669
149.05 0.21311475409836064 35.01119193345026 -13.588808066549738 2981
169.6 0.21311475409836064 33.55617630850029 -15.04382369149971 3392
