% fevals/dim | frac | F - F_opt (-51.91) | best fitness | fevals
2.15 0.0 4806821.041995535 4806769.1319955345 43
5.05 0.0 2263607.488582646 2263555.578582646 101
7.05 0.0 1473849.1552555119 1473797.245255512 141
10.6 0.0 979448.2149974548 979396.3049974547 212
11.65 0.0 595770.3976778575 595718.4876778575 233
28.45 0.0 469058.19077141955 469006.2807714196 569
31.85 0.0 372047.1187424476 371995.2087424476 637
41.0 0.0 247239.93245403338 247188.02245403337 820
61.2 0.0 206226.93055489738 206175.02055489738 1224
68.3 0.0 195926.3557108133 195874.4457108133 1366
87.45 0.0 180041.5779671391 179989.6679671391 1749
90.0 0.0 162485.4225061662 162433.51250616618 1800
108.5 0.0 157951.07275832797 157899.16275832796 2170
169.75 0.0 135630.21826829194 135578.30826829193 3395
194.85 0.0 124896.49269080676 124844.58269080675 3897
260.35 0.0 104796.86578451129 104744.95578451129 5207
312.25 0.0 88631.70800538914 88579.79800538914 6245
