% fevals/dim | frac | F - F_opt (99.8) | best fitness | fevals
1.85 0.18032786885245902 77.08345596561698 176.88345596561697 37
8.8 0.18032786885245902 72.0270166978273 171.8270166978273 176
13.25 0.19672131147540983 61.74252751182523 161.54252751182523 265
37.4 0.19672131147540983 44.830550895275806 144.6305508952758 748
107.8 0.19672131147540983 43.68550343831829 143.4855034383183 2156
120.5 0.19672131147540983 40.81649178453743 140.61649178453743 2410
125.5 0.21311475409836064 32.433959956696796 132.2339599566968 2510
153.8 0.21311475409836064 29.947238665251106 129.7472386652511 3076
162.65 0.21311475409836064 28.071586070173566 127.87158607017356 3253
167.35 0.21311475409836064 28.008292631186023 127.80829263118602 3347
