% fevals/dim | frac | F - F_opt (92.94) | best fitness | fevals
1.05 0.09836065573770492 648.2088877393187 741.1488877393188 21
9.15 0.11475409836065574 570.6202136859013 663.5602136859013 183
22.8 0.11475409836065574 539.0854806595125 632.0254806595126 456
25.45 0.13114754098360656 396.54429645019985 489.48429645019985 509
34.35 0.13114754098360656 337.5593465689623 430.4993465689623 687
49.35 0.13114754098360656 311.8799949711831 404.8199949711831 987
66.2 0.13114754098360656 309.1445026096072 402.08450260960717 1324
89.5 0.13114754098360656 264.3809283930364 357.3209283930364 1790
94.2 0.14754098360655737 238.18329927866415 331.12329927866415 1884
96.6 0.14754098360655737 221.37467602858624 314.31467602858623 1932
112.3 0.14754098360655737 212.66028357791578 305.6002835779158 2246
116.6 0.14754098360655737 188.97695221070006 281.91695221070006 2332
121.6 0.14754098360655737 171.34383218894533 264.2838321889453 2432
148.35 0.16393442622950818 156.0055853185087 248.9455853185087 2967
153.35 0.16393442622950818 154.0750976929901 247.0150976929901 3067
158.2 0.16393442622950818 148.3613265496003 241.3013265496003 3164
243.4 0.16393442622950818 146.13199095915942 239.07199095915942 4868
318.35 0.16393442622950818 132.26638599789374 225.20638599789373 6367
354.25 0.16393442622950818 127.63110480913423 220.57110480913423 7085
376.4 0.16393442622950818 116.34172845830565 209.28172845830565 7528
418.0 0.16393442622950818 109.252848357728 202.192848357728 8360
453.85 0.18032786885245902 92.98172741566037 185.92172741566037 9077
