% fevals/dim | frac | F - F_opt (-568.88) | best fitness | fevals
1.3 0.0 1936780.4493328347 1936211.5693328348 26
13.1 0.0 1119664.3939695228 1119095.513969523 262
14.5 0.0 1075997.5368064318 1075428.656806432 290
27.5 0.0 693956.2922409361 693387.4122409361 550
37.95 0.0 531360.0173538299 530791.1373538299 759
47.5 0.0 496531.85287540883 495962.9728754088 950
52.35 0.0 471787.1423546292 471218.2623546292 1047
59.55 0.0 460792.59022319055 460223.71022319054 1191
69.9 0.0 455121.4737768011 454552.5937768011 1398
75.1 0.0 365901.8371674757 365332.9571674757 1502
96.65 0.0 339097.35451390815 338528.47451390815 1933
105.3 0.0 338951.8867006799 338383.0067006799 2106
113.45 0.0 331705.1022122316 331136.2222122316 2269
127.5 0.0 327693.443118564 327124.563118564 2550
141.05 0.0 323587.4344214132 323018.5544214132 2821
148.9 0.0 322432.9496151764 321864.0696151764 2978
154.4 0.0 314191.95008449856 313623.07008449855 3088
164.15 0.0 306905.89601925923 306337.01601925923 3283
207.25 0.0 303727.62781630235 303158.74781630235 4145
215.4 0.0 301940.26338731963 301371.3833873196 4308
259.9 0.0 299804.07412822015 299235.19412822014 5198
271.45 0.0 299509.2573644567 298940.3773644567 5429
279.25 0.0 298835.30344652955 298266.42344652954 5585
292.4 0.0 298357.0555273939 297788.1755273939 5848
351.05 0.0 298337.20339832996 297768.32339832996 7021
359.95 0.0 298329.44884203986 297760.56884203985 7199
380.5 0.0 298328.2253295927 297759.3453295927 7610
