% fevals/dim | frac | F - F_opt (-568.88) | best fitness | fevals
1.3 0.0 1936780.4493328347 1936211.5693328348 26
6.05 0.0 1618263.1285861859 1617694.248586186 121
7.45 0.0 1560653.1143111973 1560084.2343111974 149
10.1 0.0 1115690.165965435 1115121.2859654352 202
15.0 0.0 1111304.7201390353 1110735.8401390354 300
16.9 0.0 999107.810776629 998538.930776629 338
21.75 0.0 473143.40314987587 472574.52314987587 435
24.7 0.0 444296.17017382383 443727.2901738238 494
28.3 0.0 398453.8186030341 397884.93860303407 566
31.45 0.0 366791.955745331 366223.075745331 629
37.5 0.0 356893.0649584411 356324.18495844107 750
46.05 0.0 314993.8462592598 314424.9662592598 921
55.5 0.0 313648.5655246198 313079.68552461977 1110
62.15 0.0 313012.85280741553 312443.9728074155 1243
71.55 0.0 301147.74772025004 300578.86772025004 1431
80.45 0.0 300300.3890320327 299731.5090320327 1609
105.85 0.0 297771.1897217227 297202.3097217227 2117
111.6 0.0 297403.17826406506 296834.29826406506 2232
116.2 0.0 297174.7663477298 296605.8863477298 2324
117.3 0.0 297169.24956324766 296600.36956324766 2346
122.8 0.0 296847.50098911795 296278.62098911795 2456
124.9 0.0 296379.4957492014 295810.6157492014 2498
133.7 0.0 295870.00198438915 295301.12198438914 2674
145.8 0.0 295425.7232120519 294856.8432120519 2916
158.0 0.0 295423.3683571074 294854.4883571074 3160
163.35 0.0 295339.98778252903 294771.107782529 3267
166.5 0.0 295325.8899966095 294757.0099966095 3330
174.85 0.0 295315.77942516963 294746.8994251696 3497
179.0 0.0 295312.61749563203 294743.737495632 3580
193.75 0.0 295270.2991626705 294701.4191626705 3875
198.35 0.0 294726.1871748908 294157.30717489077 3967
210.05 0.0 294709.9069258673 294141.0269258673 4201
247.2 0.0 294707.5520709228 294138.6720709228 4944
