8.75 0.18032786885245902 70.99242713225337 22.392427132253367 175
19.45 0.18032786885245902 65.66686126123443 17.06686126123443 389
36.5 0.19672131147540983 47.01843321557774 -1.5815667844222645 730
41.9 0.21311475409836064 26.95841963059977 -21.64158036940023 838
129.15 0.22950819672131148 21.57844674798773 -27.02155325201227 2583
146.15 0.22950819672131148 20.06983888777912 -28.53016111222088 2923
173.95 0.22950819672131148 19.15686176173819 -29.44313823826181 3479
191.05 0.22950819672131148 17.47471303944939 -31.12528696055061 3821
197.75 0.22950819672131148 17.46139127179582 -31.138608728204183 3955
200.55 0.22950819672131148 16.674342448036096 -31.925657551963905 4011
213.1 0.22950819672131148 16.431018464234363 -32.16898153576564 4262
234.85 0.22950819672131148 16.104641481618053 -32.49535851838195 4697
239.35 0.2459016393442623 15.355068735747928 -33.244931264252074 4787
243.75 0.2459016393442623 14.62863233080305 -33.97136766919695 4875
299.65 0.2459016393442623 14.270952356187344 -34.32904764381266 5993
315.9 0.2459016393442623 13.760961077066383 -34.83903892293362 6318
341.5 0.2459016393442623 13.554304839566463 -35.04569516043354 6830
352.5 0.2459016393442623 13.036169399887363 -35.56383060011264 7050
362.15 0.2459016393442623 12.774162037867754 -35.82583796213225 7243
377.95 0.2459016393442623 12.71280734872078 -35.88719265127922 7559
381.1 0.2459016393442623 12.59411131154804 -36.00588868845196 7622
391.55 0.2459016393442623 12.240988944124894 -36.35901105587511 7831
401.45 0.2459016393442623 12.23633444186725 -36.36366555813275 8029
405.45 0.2459016393442623 12.180719124569265 -36.419280875430736 8109
