% fevals/dim | frac | F - F_opt (-568.88) | best fitness | fevals
1.3 0.0 1936780.4493328347 1936211.5693328348 26
11.45 0.0 1690964.724128704 1690395.8441287042 229
24.6 0.0 1652609.7388814506 1652040.8588814507 492
28.1 0.0 1234575.0093570508 1234006.1293570509 562
30.65 0.0 702094.3706290683 701525.4906290683 613
36.95 0.0 625748.83387284 625179.95387284 739
38.55 0.0 475336.98577848397 474768.10577848396 771
51.9 0.0 357477.5854784609 356908.7054784609 1038
68.9 0.0 357128.0665082416 356559.1865082416 1378
72.75 0.0 353886.59085686586 353317.71085686586 1455
87.95 0.0 345208.5194908192 344639.6394908192 1759
93.5 0.0 327699.8770250702 327130.9970250702 1870
106.25 0.0 325490.48430839845 324921.60430839844 2125
113.25 0.0 324729.59430043085 324160.71430043085 2265
118.1 0.0 305237.3081056628 304668.4281056628 2362
132.5 0.0 300296.76315135346 299727.88315135345 2650
145.25 0.0 300110.3625913651 299541.4825913651 2905
152.35 0.0 295970.6108962091 295401.7308962091 3047
156.6 0.0 295668.05250513967 295099.17250513966 3132
169.2 0.0 292165.9717895549 291597.0917895549 3384
177.7 0.0 292120.0203959657 291551.1403959657 3554
179.45 0.0 291755.02314480394 291186.14314480394 3589
183.0 0.0 290269.0845549155 289700.2045549155 3660
215.65 0.0 290029.4817456837 289460.6017456837 4313
220.8 0.0 290009.13703878265 289440.25703878264 4416
226.45 0.0 289809.21735204395 289240.33735204395 4529
231.35 0.0 289351.7193432837 288782.8393432837 4627
243.45 0.0 289350.95909705426 288782.07909705426 4869
265.35 0.0 289337.5394813607 288768.6594813607 5307
272.65 0.0 288992.1494168844 288423.2694168844 5453
305.55 0.0 288973.80470864923 288404.9247086492 6111
319.4 0.0 288876.47844258125 288307.59844258125 6388
346.7 0.0 288872.115366405 288303.235366405 6934
364.9 0.0 288852.2632373411 288283.38323734107 7298
374.35 0.0 288830.4686931912 288261.5886931912 7487
437.95 0.0 288829.245180744 288260.365180744 8759
