% fevals/dim | frac | F - F_opt (7.64) | best fitness | fevals
2.9 0.19672131147540983 59.258484245014785 66.89848424501479 58
6.9 0.19672131147540983 55.789176387889384 63.429176387889385 138
10.0 0.19672131147540983 43.81551164028381 51.45551164028381 200
12.5 0.21311475409836064 35.67988292202003 43.31988292202003 250
17.1 0.22950819672131148 18.746414314975816 26.386414314975816 342
24.2 0.22950819672131148 16.42871124822133 24.06871124822133 484
29.25 0.2459016393442623 15.711269263011602 23.351269263011602 585
38.4 0.2459016393442623 13.684476866881358 21.32447686688136 768
39.4 0.2459016393442623 12.478648497296945 20.118648497296945 788
45.95 0.2459016393442623 11.014332858010352 18.654332858010353 919
53.7 0.2459016393442623 10.389786006941492 18.029786006941492 1074
61.75 0.26229508196721313 9.938456488987573 17.578456488987573 1235
66.5 0.26229508196721313 9.51435184585689 17.15435184585689 1330
69.5 0.26229508196721313 8.988659620870106 16.628659620870106 1390
71.8 0.26229508196721313 8.550427626880456 16.190427626880457 1436
85.05 0.26229508196721313 7.436049799437673 15.076049799437673 1701
90.8 0.26229508196721313 7.171617964146429 14.811617964146429 1816
117.75 0.26229508196721313 6.641566856149489 14.281566856149489 2355
145.5 0.2786885245901639 5.711529776060757 13.351529776060756 2910
202.25 0.2786885245901639 4.955176176484758 12.595176176484758 4045
326.95 0.2786885245901639 4.652770009147958 12.292770009147958 6539
333.8 0.2786885245901639 4.612667063769398 12.252667063769398 6676
363.35 0.2786885245901639 4.42565396128401 12.06565396128401 7267
395.55 0.2786885245901639 4.3439088270072235 11.983908827007223 7911
428.4 0.2786885245901639 4.2960547682248675 11.936054768224867 8568
440.1 0.2786885245901639 4.266939884334227 11.906939884334227 8802
445.4 0.2786885245901639 4.147326730927364 11.787326730927363 8908
461.3 0.2786885245901639 4.066551184459681 11.70655118445968 9226
