% fevals/dim | frac | F - F_opt (-16.94) | best fitness | fevals
3.1 0.19672131147540983 54.061951930820584 37.121951930820586 62
6.75 0.19672131147540983 46.32793349809098 29.387933498090977 135
8.9 0.21311475409836064 36.89719005216187 19.957190052161867 178
17.35 0.22950819672131148 24.86945209865851 7.929452098658508 347
32.3 0.22950819672131148 19.490665637252224 2.550665637252223 646
44.7 0.22950819672131148 19.458841006832415 2.518841006832414 894
50.65 0.22950819672131148 18.956547645385935 2.016547645385934 1013
58.75 0.22950819672131148 18.93939012500074 1.9993901250007404 1175
61.15 0.22950819672131148 18.88087447684169 1.9408744768416888 1223
66.85 0.22950819672131148 17.98553924685426 1.0455392468542577 1337
82.25 0.22950819672131148 17.372035947193808 0.4320359471938069 1645
86.9 0.22950819672131148 17.033908444059 0.09390844405900012 1738
96.15 0.22950819672131148 16.204561100500992 -0.7354388994990089 1923
121.15 0.2459016393442623 15.04348350799802 -1.8965164920019806 2423
189.0 0.2459016393442623 14.75150615334012 -2.188493846659881 3780
215.15 0.2459016393442623 14.24376698747365 -2.696233012526351 4303
217.2 0.2459016393442623 13.753854440183758 -3.186145559816243 4344
231.05 0.2459016393442623 13.275743002856647 -3.6642569971433545 4621
358.5 0.2459016393442623 10.393664058081399 -6.546335941918603 7170
