% fevals/dim | frac | F - F_opt (-568.88) | best fitness | fevals
1.3 0.0 1936780.4493328347 1936211.5693328348 26
16.35 0.0 1468372.7111951273 1467803.8311951275 327
19.4 0.0 1440748.878879387 1440179.998879387 388
28.1 0.0 536323.948694641 535755.068694641 562
39.0 0.0 519605.9449639215 519037.0649639215 780
60.75 0.0 466949.3093416767 466380.4293416767 1215
78.5 0.0 383372.44837889017 382803.56837889017 1570
119.1 0.0 380570.54756400024 380001.66756400024 2382
129.5 0.0 353736.8780090356 353167.9980090356 2590
135.65 0.0 346692.8478905449 346123.9678905449 2713
160.8 0.0 333826.5723169734 333257.6923169734 3216
165.35 0.0 332488.90062330005 331920.02062330005 3307
186.05 0.0 332260.91599490365 331692.03599490365 3721
194.7 0.0 322206.4788027547 321637.5988027547 3894
213.0 0.0 306880.4009769785 306311.52097697847 4260
220.3 0.0 302781.30915725965 302212.42915725964 4406
236.3 0.0 296850.206852405 296281.326852405 4726
262.4 0.0 295155.6568500711 294586.7768500711 5248
286.95 0.0 294437.1607973467 293868.28079734667 5739
291.7 0.0 293885.3711559822 293316.4911559822 5834
297.2 0.0 292272.0391635344 291703.1591635344 5944
304.75 0.0 292231.97987045377 291663.09987045376 6095
311.9 0.0 291433.10837260704 290864.22837260703 6238
313.4 0.0 291166.1310838789 290597.2510838789 6268
318.55 0.0 289933.10055244097 289364.22055244097 6371
330.8 0.0 289784.55655282934 289215.67655282933 6616
352.85 0.0 289109.79861028754 288540.91861028754 7057
391.35 0.0 288991.6009362992 288422.7209362992 7827
393.05 0.0 288985.25888232037 288416.37888232036 7861
401.15 0.0 288784.3078247188 288215.4278247188 8023
415.25 0.0 288782.87120512343 288213.9912051234 8305
419.15 0.0 288706.2120710359 288137.33207103587 8383
423.95 0.0 288695.8211085141 288126.9411085141 8479
426.95 0.0 288690.2851865384 288121.4051865384 8539
441.9 0.0 288555.6856963693 287986.8056963693 8838
454.95 0.0 288551.92339678964 287983.04339678964 9099
463.25 0.0 288507.84896393947 287938.96896393946 9265
480.85 0.0 288502.3964094531 287933.5164094531 9617
484.65 0.0 288495.4914469083 287926.61144690827 9693
490.0 0.0 288471.43166688294 287902.55166688294 9800
